# s=55 S=60 h=0.0068 p=4.0000 c=2.5000
# time_s	level	cum_oos	holding_eur	shortage_eur	order_eur
0.000	60	0	0.0000	0.0000	0.0000
744.418	59	0	0.0070	0.0000	0.0000
744.418	58	0	0.0070	0.0000	0.0000
744.418	57	0	0.0070	0.0000	0.0000
934.456	56	0	0.0087	0.0000	0.0000
934.456	55	0	0.0087	0.0000	0.0000
934.456	54	0	0.0087	0.0000	0.0000
934.456	53	0	0.0087	0.0000	0.0000
934.456	52	0	0.0087	0.0000	0.0000
1106.751	51	0	0.0101	0.0000	0.0000
1520.910	50	0	0.0135	0.0000	0.0000
1735.648	49	0	0.0152	0.0000	0.0000
1809.864	48	0	0.0157	0.0000	2.5000
1809.864	47	0	0.0157	0.0000	2.5000
1905.538	46	0	0.0164	0.0000	2.5000
1979.500	47	0	0.0170	0.0000	2.5000
1995.905	48	0	0.0171	0.0000	2.5000
2012.310	49	0	0.0172	0.0000	2.5000
2028.714	50	0	0.0173	0.0000	2.5000
2045.119	51	0	0.0175	0.0000	2.5000
2061.523	52	0	0.0176	0.0000	2.5000
2077.928	53	0	0.0177	0.0000	2.5000
2094.332	54	0	0.0179	0.0000	2.5000
2110.737	55	0	0.0180	0.0000	2.5000
2127.141	56	0	0.0182	0.0000	2.5000
2143.546	57	0	0.0183	0.0000	2.5000
2310.110	56	0	0.0198	0.0000	2.5000
2547.236	55	0	0.0219	0.0000	2.5000
3035.756	54	0	0.0261	0.0000	2.5000
3164.308	53	0	0.0272	0.0000	2.5000
3164.308	52	0	0.0272	0.0000	2.5000
3240.450	51	0	0.0278	0.0000	2.5000
3499.923	50	0	0.0299	0.0000	2.5000
4159.315	51	0	0.0351	0.0000	5.0000
4173.612	52	0	0.0352	0.0000	5.0000
4187.909	53	0	0.0353	0.0000	5.0000
4202.206	54	0	0.0355	0.0000	5.0000
4216.502	55	0	0.0356	0.0000	5.0000
4230.799	56	0	0.0357	0.0000	5.0000
4245.096	57	0	0.0358	0.0000	5.0000
4259.393	58	0	0.0360	0.0000	5.0000
4273.689	59	0	0.0361	0.0000	5.0000
4287.986	60	0	0.0362	0.0000	5.0000
4293.326	59	0	0.0363	0.0000	5.0000
4293.326	58	0	0.0363	0.0000	5.0000
4325.313	57	0	0.0366	0.0000	5.0000
4537.633	56	0	0.0385	0.0000	5.0000
4596.534	55	0	0.0390	0.0000	5.0000
4596.534	54	0	0.0390	0.0000	5.0000
4596.534	53	0	0.0390	0.0000	5.0000
4741.810	52	0	0.0402	0.0000	5.0000
4741.810	51	0	0.0402	0.0000	5.0000
4844.985	50	0	0.0410	0.0000	5.0000
4878.308	49	0	0.0413	0.0000	5.0000
4878.308	48	0	0.0413	0.0000	5.0000
5289.547	47	0	0.0444	0.0000	5.0000
5395.939	46	0	0.0452	0.0000	5.0000
5561.387	45	0	0.0464	0.0000	7.5000
5650.765	44	0	0.0470	0.0000	7.5000
5680.523	43	0	0.0472	0.0000	7.5000
6056.569	42	0	0.0498	0.0000	7.5000
6137.511	41	0	0.0503	0.0000	7.5000
6228.449	40	0	0.0509	0.0000	7.5000
6228.449	39	0	0.0509	0.0000	7.5000
6287.610	38	0	0.0513	0.0000	7.5000
6287.610	37	0	0.0513	0.0000	7.5000
6381.464	36	0	0.0518	0.0000	7.5000
6457.366	35	0	0.0522	0.0000	7.5000
6469.175	34	0	0.0523	0.0000	7.5000
6626.684	35	0	0.0531	0.0000	7.5000
6634.796	36	0	0.0532	0.0000	7.5000
6642.908	37	0	0.0532	0.0000	7.5000
6651.019	38	0	0.0533	0.0000	7.5000
6659.131	39	0	0.0533	0.0000	7.5000
6667.242	40	0	0.0534	0.0000	7.5000
6675.354	41	0	0.0534	0.0000	7.5000
6683.466	42	0	0.0535	0.0000	7.5000
6691.577	43	0	0.0535	0.0000	7.5000
6699.689	44	0	0.0536	0.0000	7.5000
6707.800	45	0	0.0536	0.0000	7.5000
6715.912	46	0	0.0537	0.0000	7.5000
6724.024	47	0	0.0538	0.0000	7.5000
6732.135	48	0	0.0538	0.0000	7.5000
6785.684	47	0	0.0542	0.0000	7.5000
6861.529	46	0	0.0548	0.0000	7.5000
6861.529	45	0	0.0548	0.0000	7.5000
6878.852	44	0	0.0549	0.0000	7.5000
6878.852	43	0	0.0549	0.0000	7.5000
7335.605	42	0	0.0580	0.0000	10.0000
7370.229	41	0	0.0582	0.0000	10.0000
7398.707	40	0	0.0584	0.0000	10.0000
7446.825	39	0	0.0587	0.0000	10.0000
7636.227	38	0	0.0599	0.0000	10.0000
7666.955	37	0	0.0601	0.0000	10.0000
7809.866	36	0	0.0609	0.0000	10.0000
7809.866	35	0	0.0609	0.0000	10.0000
7809.866	34	0	0.0609	0.0000	10.0000
7845.189	33	0	0.0611	0.0000	10.0000
7860.528	32	0	0.0612	0.0000	10.0000
7961.319	31	0	0.0617	0.0000	10.0000
8010.002	32	0	0.0619	0.0000	10.0000
8027.884	33	0	0.0620	0.0000	10.0000
8045.765	34	0	0.0621	0.0000	10.0000
8063.647	35	0	0.0622	0.0000	10.0000
8081.528	36	0	0.0623	0.0000	10.0000
8099.409	37	0	0.0624	0.0000	10.0000
8117.291	38	0	0.0625	0.0000	10.0000
8135.172	39	0	0.0626	0.0000	10.0000
8153.054	40	0	0.0627	0.0000	10.0000
8170.935	41	0	0.0628	0.0000	10.0000
8176.083	40	0	0.0629	0.0000	10.0000
8188.816	41	0	0.0629	0.0000	10.0000
8206.698	42	0	0.0630	0.0000	10.0000
8209.693	41	0	0.0631	0.0000	10.0000
8209.693	40	0	0.0631	0.0000	10.0000
8224.579	41	0	0.0632	0.0000	10.0000
8238.809	40	0	0.0633	0.0000	10.0000
8242.461	41	0	0.0633	0.0000	10.0000
8260.342	42	0	0.0634	0.0000	10.0000
8278.223	43	0	0.0635	0.0000	10.0000
8296.105	44	0	0.0636	0.0000	10.0000
8316.381	43	0	0.0638	0.0000	10.0000
8527.826	42	0	0.0652	0.0000	10.0000
8586.992	41	0	0.0656	0.0000	10.0000
8607.852	40	0	0.0657	0.0000	10.0000
8655.519	39	0	0.0660	0.0000	10.0000
8655.519	38	0	0.0660	0.0000	10.0000
8693.675	37	0	0.0663	0.0000	10.0000
8693.675	36	0	0.0663	0.0000	10.0000
9101.295	35	0	0.0686	0.0000	12.5000
9131.341	34	0	0.0687	0.0000	12.5000
9312.626	33	0	0.0697	0.0000	12.5000
9423.806	32	0	0.0703	0.0000	12.5000
9468.297	31	0	0.0705	0.0000	12.5000
9536.149	30	0	0.0708	0.0000	12.5000
9917.118	29	0	0.0726	0.0000	12.5000
9964.118	28	0	0.0728	0.0000	12.5000
10553.026	29	0	0.0754	0.0000	12.5000
10570.543	30	0	0.0755	0.0000	12.5000
10588.061	31	0	0.0756	0.0000	12.5000
10605.578	32	0	0.0757	0.0000	12.5000
10612.702	31	0	0.0757	0.0000	12.5000
10623.095	32	0	0.0758	0.0000	12.5000
10640.613	33	0	0.0759	0.0000	12.5000
10641.416	32	0	0.0759	0.0000	12.5000
10658.130	33	0	0.0760	0.0000	12.5000
10675.647	34	0	0.0760	0.0000	12.5000
10692.814	33	0	0.0761	0.0000	12.5000
10692.814	32	0	0.0761	0.0000	12.5000
10693.165	33	0	0.0761	0.0000	12.5000
10710.682	34	0	0.0762	0.0000	12.5000
10728.200	35	0	0.0763	0.0000	12.5000
10745.717	36	0	0.0764	0.0000	12.5000
10763.234	37	0	0.0765	0.0000	12.5000
10780.752	38	0	0.0766	0.0000	12.5000
10798.269	39	0	0.0767	0.0000	12.5000
10815.786	40	0	0.0768	0.0000	12.5000
10833.304	41	0	0.0769	0.0000	12.5000
10850.821	42	0	0.0771	0.0000	12.5000
10868.338	43	0	0.0772	0.0000	12.5000
10885.856	44	0	0.0773	0.0000	12.5000
10970.835	43	0	0.0779	0.0000	12.5000
10973.020	42	0	0.0779	0.0000	12.5000
11007.920	43	0	0.0781	0.0000	12.5000
11015.396	44	0	0.0782	0.0000	12.5000
11022.871	45	0	0.0782	0.0000	12.5000
11030.347	46	0	0.0783	0.0000	12.5000
11072.047	45	0	0.0786	0.0000	12.5000
11179.845	44	0	0.0793	0.0000	12.5000
11411.948	43	0	0.0810	0.0000	12.5000
11521.307	42	0	0.0817	0.0000	12.5000
11536.757	41	0	0.0818	0.0000	12.5000
11627.745	40	0	0.0824	0.0000	12.5000
11627.745	39	0	0.0824	0.0000	12.5000
11627.745	38	0	0.0824	0.0000	12.5000
11627.745	37	0	0.0824	0.0000	12.5000
11651.945	36	0	0.0825	0.0000	12.5000
11774.714	35	0	0.0832	0.0000	12.5000
11974.886	34	0	0.0843	0.0000	12.5000
12042.983	33	0	0.0847	0.0000	12.5000
12042.983	32	0	0.0847	0.0000	12.5000
12091.421	31	0	0.0849	0.0000	12.5000
12258.003	30	0	0.0857	0.0000	12.5000
12258.003	29	0	0.0857	0.0000	12.5000
12258.003	28	0	0.0857	0.0000	12.5000
12258.003	27	0	0.0857	0.0000	12.5000
12258.003	26	0	0.0857	0.0000	12.5000
12258.003	25	0	0.0857	0.0000	12.5000
12258.003	24	0	0.0857	0.0000	12.5000
12273.986	23	0	0.0858	0.0000	12.5000
12463.803	22	0	0.0865	0.0000	12.5000
12463.803	21	0	0.0865	0.0000	12.5000
12463.803	20	0	0.0865	0.0000	12.5000
12541.679	19	0	0.0867	0.0000	12.5000
12725.834	18	0	0.0873	0.0000	15.0000
12725.834	17	0	0.0873	0.0000	15.0000
12725.834	16	0	0.0873	0.0000	15.0000
12970.097	15	0	0.0879	0.0000	15.0000
12970.097	14	0	0.0879	0.0000	15.0000
12985.545	13	0	0.0879	0.0000	15.0000
13073.661	12	0	0.0881	0.0000	15.0000
13165.707	11	0	0.0883	0.0000	15.0000
13275.698	10	0	0.0885	0.0000	15.0000
13275.698	9	0	0.0885	0.0000	15.0000
13288.994	8	0	0.0885	0.0000	15.0000
13319.939	7	0	0.0885	0.0000	15.0000
13365.184	6	0	0.0886	0.0000	15.0000
13416.160	5	0	0.0886	0.0000	15.0000
13495.856	4	0	0.0887	0.0000	15.0000
13495.856	3	0	0.0887	0.0000	15.0000
13699.854	2	0	0.0888	0.0000	15.0000
13699.854	1	0	0.0888	0.0000	15.0000
13856.224	0	0	0.0888	0.0000	15.0000
13927.481	1	0	0.0888	0.0000	15.0000
13936.861	2	0	0.0888	0.0000	15.0000
13946.241	3	0	0.0888	0.0000	15.0000
13955.621	4	0	0.0888	0.0000	15.0000
13965.001	5	0	0.0888	0.0000	15.0000
13974.381	6	0	0.0888	0.0000	15.0000
13983.761	7	0	0.0889	0.0000	15.0000
13993.141	8	0	0.0889	0.0000	15.0000
14002.521	9	0	0.0889	0.0000	15.0000
14011.901	10	0	0.0889	0.0000	15.0000
14021.281	11	0	0.0889	0.0000	15.0000
14030.661	12	0	0.0889	0.0000	15.0000
14040.041	13	0	0.0889	0.0000	15.0000
14049.421	14	0	0.0890	0.0000	15.0000
14058.801	15	0	0.0890	0.0000	15.0000
14068.181	16	0	0.0890	0.0000	15.0000
14077.561	17	0	0.0890	0.0000	15.0000
14086.941	18	0	0.0890	0.0000	15.0000
14096.321	19	0	0.0891	0.0000	15.0000
14101.621	18	0	0.0891	0.0000	15.0000
14101.621	17	0	0.0891	0.0000	15.0000
14101.621	16	0	0.0891	0.0000	15.0000
14105.701	17	0	0.0891	0.0000	15.0000
14123.365	18	0	0.0891	0.0000	15.0000
14138.927	19	0	0.0892	0.0000	15.0000
14154.489	20	0	0.0892	0.0000	15.0000
14158.514	19	0	0.0893	0.0000	15.0000
14158.514	18	0	0.0893	0.0000	15.0000
14170.051	19	0	0.0893	0.0000	15.0000
14185.613	20	0	0.0893	0.0000	15.0000
14201.175	21	0	0.0894	0.0000	15.0000
14216.737	22	0	0.0894	0.0000	15.0000
14232.299	23	0	0.0895	0.0000	15.0000
14247.861	24	0	0.0895	0.0000	15.0000
14263.423	25	0	0.0896	0.0000	15.0000
14278.985	26	0	0.0897	0.0000	15.0000
14294.547	27	0	0.0897	0.0000	15.0000
14310.109	28	0	0.0898	0.0000	15.0000
14325.671	29	0	0.0899	0.0000	15.0000
14341.233	30	0	0.0899	0.0000	15.0000
14356.795	31	0	0.0900	0.0000	15.0000
14372.357	32	0	0.0901	0.0000	15.0000
14387.919	33	0	0.0902	0.0000	15.0000
14403.481	34	0	0.0902	0.0000	15.0000
14419.043	35	0	0.0903	0.0000	15.0000
14434.605	36	0	0.0904	0.0000	15.0000
14538.276	35	0	0.0910	0.0000	15.0000
14538.276	34	0	0.0910	0.0000	15.0000
14538.276	33	0	0.0910	0.0000	15.0000
14644.727	32	0	0.0915	0.0000	15.0000
14720.535	31	0	0.0919	0.0000	15.0000
14843.541	30	0	0.0925	0.0000	15.0000
15141.027	29	0	0.0939	0.0000	15.0000
15213.053	28	0	0.0943	0.0000	15.0000
15279.974	27	0	0.0946	0.0000	15.0000
15323.858	26	0	0.0947	0.0000	15.0000
15401.595	25	0	0.0951	0.0000	15.0000
15521.880	24	0	0.0955	0.0000	15.0000
15563.895	23	0	0.0957	0.0000	15.0000
15688.341	22	0	0.0961	0.0000	15.0000
15688.341	21	0	0.0961	0.0000	15.0000
15688.341	20	0	0.0961	0.0000	15.0000
15688.341	19	0	0.0961	0.0000	15.0000
15688.341	18	0	0.0961	0.0000	15.0000
15688.341	17	0	0.0961	0.0000	15.0000
15688.341	16	0	0.0961	0.0000	15.0000
15819.232	15	0	0.0965	0.0000	15.0000
15819.232	14	0	0.0965	0.0000	15.0000
16115.589	13	0	0.0971	0.0000	15.0000
16172.688	12	0	0.0972	0.0000	15.0000
16172.688	11	0	0.0972	0.0000	15.0000
16186.977	10	0	0.0973	0.0000	15.0000
16198.133	9	0	0.0973	0.0000	15.0000
16224.072	8	0	0.0973	0.0000	17.5000
16471.528	7	0	0.0976	0.0000	17.5000
16471.528	6	0	0.0976	0.0000	17.5000
16471.528	5	0	0.0976	0.0000	17.5000
16471.528	4	0	0.0976	0.0000	17.5000
16471.528	3	0	0.0976	0.0000	17.5000
16697.484	2	0	0.0977	0.0000	17.5000
16697.484	1	0	0.0977	0.0000	17.5000
16747.656	0	0	0.0978	0.0000	17.5000
16887.551	0	1	0.0978	4.0000	17.5000
16942.107	0	2	0.0978	8.0000	17.5000
17011.475	0	3	0.0978	12.0000	17.5000
17089.704	0	4	0.0978	16.0000	17.5000
17220.388	0	5	0.0978	20.0000	17.5000
17269.284	0	6	0.0978	24.0000	17.5000
17269.284	0	7	0.0978	28.0000	17.5000
17269.284	0	8	0.0978	32.0000	17.5000
17269.284	0	9	0.0978	36.0000	17.5000
17278.641	0	10	0.0978	40.0000	17.5000
17394.559	0	11	0.0978	44.0000	17.5000
17463.809	0	12	0.0978	48.0000	17.5000
17477.119	0	13	0.0978	52.0000	17.5000
17519.980	0	14	0.0978	56.0000	17.5000
17690.939	0	15	0.0978	60.0000	17.5000
17696.476	0	16	0.0978	64.0000	17.5000
17741.375	0	17	0.0978	68.0000	17.5000
17825.736	0	18	0.0978	72.0000	17.5000
17883.754	0	19	0.0978	76.0000	17.5000
17883.754	0	20	0.0978	80.0000	17.5000
17883.754	0	21	0.0978	84.0000	17.5000
17883.754	0	22	0.0978	88.0000	17.5000
17925.873	0	23	0.0978	92.0000	17.5000
17969.319	0	24	0.0978	96.0000	17.5000
17979.380	1	24	0.0978	96.0000	17.5000
17989.440	2	24	0.0978	96.0000	17.5000
17999.501	3	24	0.0978	96.0000	17.5000
18009.561	4	24	0.0978	96.0000	17.5000
18019.622	5	24	0.0978	96.0000	17.5000
18029.682	6	24	0.0978	96.0000	17.5000
18039.743	7	24	0.0978	96.0000	17.5000
18049.804	8	24	0.0978	96.0000	17.5000
18059.864	9	24	0.0978	96.0000	17.5000
18069.925	10	24	0.0978	96.0000	17.5000
18079.985	11	24	0.0978	96.0000	17.5000
18090.046	12	24	0.0979	96.0000	17.5000
18100.107	13	24	0.0979	96.0000	17.5000
18105.134	12	24	0.0979	96.0000	17.5000
18105.134	11	24	0.0979	96.0000	17.5000
18110.167	12	24	0.0979	96.0000	17.5000
18120.228	13	24	0.0979	96.0000	17.5000
18127.531	12	24	0.0979	96.0000	17.5000
18130.288	13	24	0.0979	96.0000	17.5000
18140.349	14	24	0.0980	96.0000	17.5000
18150.409	15	24	0.0980	96.0000	17.5000
18160.470	16	24	0.0980	96.0000	17.5000
18170.531	17	24	0.0980	96.0000	17.5000
18190.372	18	24	0.0981	96.0000	17.5000
18210.212	19	24	0.0981	96.0000	17.5000
18230.053	20	24	0.0982	96.0000	17.5000
18249.894	21	24	0.0983	96.0000	17.5000
18269.735	22	24	0.0983	96.0000	17.5000
18289.576	23	24	0.0984	96.0000	17.5000
18290.260	22	24	0.0984	96.0000	17.5000
18302.033	21	24	0.0984	96.0000	17.5000
18309.417	22	24	0.0985	96.0000	17.5000
18329.258	23	24	0.0985	96.0000	17.5000
18349.099	24	24	0.0986	96.0000	17.5000
18368.939	25	24	0.0987	96.0000	17.5000
18388.780	26	24	0.0988	96.0000	17.5000
18408.621	27	24	0.0988	96.0000	17.5000
18428.462	28	24	0.0989	96.0000	17.5000
18448.303	29	24	0.0990	96.0000	17.5000
18468.144	30	24	0.0991	96.0000	17.5000
18487.985	31	24	0.0992	96.0000	17.5000
18507.826	32	24	0.0993	96.0000	17.5000
18527.666	33	24	0.0994	96.0000	17.5000
18547.507	34	24	0.0995	96.0000	17.5000
18567.348	35	24	0.0996	96.0000	17.5000
18578.170	36	24	0.0997	96.0000	17.5000
18588.993	37	24	0.0997	96.0000	17.5000
18599.815	38	24	0.0998	96.0000	17.5000
18610.637	39	24	0.0998	96.0000	17.5000
18621.460	40	24	0.0999	96.0000	17.5000
18626.274	39	24	0.0999	96.0000	17.5000
18626.274	38	24	0.0999	96.0000	17.5000
18626.274	37	24	0.0999	96.0000	17.5000
18626.274	36	24	0.0999	96.0000	17.5000
18626.274	35	24	0.0999	96.0000	17.5000
18632.282	36	24	0.1000	96.0000	17.5000
18641.990	35	24	0.1000	96.0000	17.5000
18643.104	36	24	0.1000	96.0000	17.5000
18653.927	37	24	0.1001	96.0000	17.5000
18664.749	38	24	0.1002	96.0000	17.5000
18675.571	39	24	0.1002	96.0000	17.5000
18686.394	40	24	0.1003	96.0000	17.5000
18807.074	39	24	0.1011	96.0000	17.5000
18807.074	38	24	0.1011	96.0000	17.5000
19096.938	37	24	0.1028	96.0000	17.5000
19134.963	36	24	0.1030	96.0000	17.5000
19303.196	35	24	0.1040	96.0000	17.5000
19429.160	34	24	0.1047	96.0000	17.5000
19463.487	33	24	0.1048	96.0000	17.5000
19463.487	32	24	0.1048	96.0000	17.5000
19569.225	31	24	0.1054	96.0000	17.5000
19569.225	30	24	0.1054	96.0000	17.5000
19600.722	29	24	0.1055	96.0000	17.5000
19738.116	28	24	0.1061	96.0000	17.5000
19738.116	27	24	0.1061	96.0000	17.5000
19959.651	26	24	0.1071	96.0000	20.0000
19959.651	25	24	0.1071	96.0000	20.0000
19959.651	24	24	0.1071	96.0000	20.0000
20024.265	23	24	0.1073	96.0000	20.0000
20024.265	22	24	0.1073	96.0000	20.0000
20024.265	21	24	0.1073	96.0000	20.0000
20234.367	20	24	0.1080	96.0000	20.0000
20511.413	19	24	0.1089	96.0000	20.0000
20572.455	18	24	0.1091	96.0000	20.0000
20621.159	17	24	0.1092	96.0000	20.0000
20706.529	16	24	0.1094	96.0000	20.0000
20963.240	15	24	0.1101	96.0000	20.0000
21150.328	16	24	0.1105	96.0000	20.0000
21157.845	15	24	0.1106	96.0000	20.0000
21157.845	14	24	0.1106	96.0000	20.0000
21160.792	15	24	0.1106	96.0000	20.0000
21171.256	16	24	0.1106	96.0000	20.0000
21181.720	17	24	0.1106	96.0000	20.0000
21192.184	18	24	0.1106	96.0000	20.0000
21202.648	19	24	0.1107	96.0000	20.0000
21213.111	20	24	0.1107	96.0000	20.0000
21223.575	21	24	0.1107	96.0000	20.0000
21234.039	22	24	0.1108	96.0000	20.0000
21244.503	23	24	0.1108	96.0000	20.0000
21254.967	24	24	0.1108	96.0000	20.0000
21265.431	25	24	0.1109	96.0000	20.0000
21275.894	26	24	0.1109	96.0000	20.0000
21286.358	27	24	0.1110	96.0000	20.0000
21296.822	28	24	0.1110	96.0000	20.0000
21307.286	29	24	0.1111	96.0000	20.0000
21317.750	30	24	0.1111	96.0000	20.0000
21328.213	31	24	0.1112	96.0000	20.0000
21338.677	32	24	0.1112	96.0000	20.0000
21349.141	33	24	0.1113	96.0000	20.0000
21357.851	32	24	0.1113	96.0000	20.0000
21357.851	31	24	0.1113	96.0000	20.0000
21359.054	32	24	0.1113	96.0000	20.0000
21368.967	33	24	0.1114	96.0000	20.0000
21378.879	34	24	0.1114	96.0000	20.0000
21388.792	35	24	0.1115	96.0000	20.0000
21398.705	36	24	0.1115	96.0000	20.0000
21408.617	37	24	0.1116	96.0000	20.0000
21418.530	38	24	0.1116	96.0000	20.0000
21428.443	39	24	0.1117	96.0000	20.0000
21437.864	38	24	0.1117	96.0000	20.0000
21437.864	37	24	0.1117	96.0000	20.0000
21437.864	36	24	0.1117	96.0000	20.0000
21438.355	37	24	0.1118	96.0000	20.0000
21448.268	38	24	0.1118	96.0000	20.0000
21458.181	39	24	0.1119	96.0000	20.0000
21468.093	40	24	0.1119	96.0000	20.0000
21478.006	41	24	0.1120	96.0000	20.0000
21515.740	40	24	0.1122	96.0000	20.0000
21515.740	39	24	0.1122	96.0000	20.0000
21953.241	38	24	0.1149	96.0000	22.5000
22054.592	37	24	0.1155	96.0000	22.5000
22054.592	36	24	0.1155	96.0000	22.5000
22096.203	35	24	0.1158	96.0000	22.5000
22096.203	34	24	0.1158	96.0000	22.5000
22096.203	33	24	0.1158	96.0000	22.5000
22149.321	32	24	0.1160	96.0000	22.5000
22149.321	31	24	0.1160	96.0000	22.5000
22193.874	30	24	0.1163	96.0000	22.5000
22271.668	29	24	0.1166	96.0000	22.5000
22305.727	28	24	0.1168	96.0000	22.5000
22869.676	27	24	0.1193	96.0000	22.5000
22967.798	26	24	0.1197	96.0000	22.5000
22983.087	25	24	0.1197	96.0000	22.5000
23153.743	24	24	0.1204	96.0000	22.5000
23232.965	23	24	0.1207	96.0000	22.5000
23484.905	22	24	0.1216	96.0000	22.5000
23484.905	21	24	0.1216	96.0000	22.5000
23685.550	20	24	0.1223	96.0000	22.5000
23685.550	19	24	0.1223	96.0000	22.5000
23685.550	18	24	0.1223	96.0000	22.5000
23782.549	17	24	0.1226	96.0000	22.5000
23782.549	16	24	0.1226	96.0000	22.5000
23782.549	15	24	0.1226	96.0000	22.5000
23786.858	16	24	0.1226	96.0000	22.5000
23805.040	17	24	0.1226	96.0000	22.5000
23823.222	18	24	0.1227	96.0000	22.5000
23841.405	19	24	0.1227	96.0000	22.5000
23859.587	20	24	0.1228	96.0000	22.5000
23877.769	21	24	0.1228	96.0000	22.5000
23895.952	22	24	0.1229	96.0000	22.5000
23914.134	23	24	0.1230	96.0000	22.5000
23932.316	24	24	0.1230	96.0000	22.5000
23950.499	25	24	0.1231	96.0000	22.5000
23968.681	26	24	0.1232	96.0000	22.5000
23986.863	27	24	0.1232	96.0000	22.5000
24005.046	28	24	0.1233	96.0000	22.5000
24023.228	29	24	0.1234	96.0000	22.5000
24041.410	30	24	0.1235	96.0000	22.5000
24059.593	31	24	0.1236	96.0000	22.5000
24077.775	32	24	0.1237	96.0000	22.5000
24095.957	33	24	0.1237	96.0000	22.5000
24114.140	34	24	0.1238	96.0000	22.5000
24132.322	35	24	0.1239	96.0000	22.5000
24148.288	36	24	0.1240	96.0000	22.5000
24234.307	35	24	0.1245	96.0000	22.5000
24234.307	34	24	0.1245	96.0000	22.5000
24234.307	33	24	0.1245	96.0000	22.5000
24446.218	32	24	0.1256	96.0000	22.5000
24539.045	31	24	0.1261	96.0000	22.5000
24539.045	30	24	0.1261	96.0000	22.5000
24539.045	29	24	0.1261	96.0000	22.5000
24626.208	28	24	0.1265	96.0000	22.5000
25200.241	27	24	0.1290	96.0000	25.0000
25252.139	26	24	0.1292	96.0000	25.0000
25523.503	25	24	0.1303	96.0000	25.0000
25523.503	24	24	0.1303	96.0000	25.0000
25585.247	23	24	0.1306	96.0000	25.0000
26167.441	22	24	0.1327	96.0000	25.0000
26263.802	21	24	0.1330	96.0000	25.0000
26263.802	20	24	0.1330	96.0000	25.0000
26286.013	19	24	0.1331	96.0000	25.0000
26451.795	20	24	0.1336	96.0000	25.0000
26461.018	21	24	0.1336	96.0000	25.0000
26470.241	22	24	0.1336	96.0000	25.0000
26476.710	21	24	0.1337	96.0000	25.0000
26479.465	22	24	0.1337	96.0000	25.0000
26488.688	23	24	0.1337	96.0000	25.0000
26497.911	24	24	0.1337	96.0000	25.0000
26507.134	25	24	0.1338	96.0000	25.0000
26516.357	26	24	0.1338	96.0000	25.0000
26525.581	27	24	0.1338	96.0000	25.0000
26534.804	28	24	0.1339	96.0000	25.0000
26544.027	29	24	0.1339	96.0000	25.0000
26553.250	30	24	0.1340	96.0000	25.0000
26562.474	31	24	0.1340	96.0000	25.0000
26571.697	32	24	0.1341	96.0000	25.0000
26580.920	33	24	0.1341	96.0000	25.0000
26590.143	34	24	0.1341	96.0000	25.0000
26599.366	35	24	0.1342	96.0000	25.0000
26608.590	36	24	0.1342	96.0000	25.0000
26617.813	37	24	0.1343	96.0000	25.0000
26627.036	38	24	0.1344	96.0000	25.0000
26665.325	39	24	0.1346	96.0000	25.0000
26676.864	40	24	0.1347	96.0000	25.0000
26688.403	41	24	0.1347	96.0000	25.0000
26699.941	42	24	0.1348	96.0000	25.0000
26711.480	43	24	0.1349	96.0000	25.0000
26723.019	44	24	0.1350	96.0000	25.0000
26734.558	45	24	0.1350	96.0000	25.0000
26746.097	46	24	0.1351	96.0000	25.0000
26757.636	47	24	0.1352	96.0000	25.0000
26769.174	48	24	0.1353	96.0000	25.0000
26780.713	49	24	0.1354	96.0000	25.0000
26792.252	50	24	0.1355	96.0000	25.0000
26970.712	49	24	0.1369	96.0000	25.0000
27328.649	48	24	0.1396	96.0000	27.5000
27383.192	47	24	0.1400	96.0000	27.5000
27506.592	46	24	0.1410	96.0000	27.5000
27612.285	45	24	0.1417	96.0000	27.5000
27667.269	44	24	0.1421	96.0000	27.5000
27812.898	43	24	0.1431	96.0000	27.5000
27937.611	42	24	0.1440	96.0000	27.5000
27937.611	41	24	0.1440	96.0000	27.5000
28010.446	40	24	0.1444	96.0000	27.5000
28103.102	39	24	0.1450	96.0000	27.5000
28103.102	38	24	0.1450	96.0000	27.5000
28103.102	37	24	0.1450	96.0000	27.5000
28118.669	38	24	0.1451	96.0000	27.5000
28134.236	39	24	0.1452	96.0000	27.5000
28149.803	40	24	0.1453	96.0000	27.5000
28165.370	41	24	0.1454	96.0000	27.5000
28180.938	42	24	0.1455	96.0000	27.5000
28196.505	43	24	0.1456	96.0000	27.5000
28212.072	44	24	0.1457	96.0000	27.5000
28227.639	45	24	0.1458	96.0000	27.5000
28243.206	46	24	0.1459	96.0000	27.5000
28258.773	47	24	0.1460	96.0000	27.5000
28274.340	48	24	0.1461	96.0000	27.5000
28434.931	47	24	0.1474	96.0000	27.5000
28552.535	46	24	0.1482	96.0000	27.5000
28552.535	45	24	0.1482	96.0000	27.5000
29303.135	44	24	0.1535	96.0000	30.0000
29303.135	43	24	0.1535	96.0000	30.0000
29338.732	42	24	0.1538	96.0000	30.0000
29417.054	41	24	0.1543	96.0000	30.0000
29471.606	40	24	0.1547	96.0000	30.0000
29627.251	39	24	0.1556	96.0000	30.0000
29627.251	38	24	0.1556	96.0000	30.0000
29646.762	37	24	0.1558	96.0000	30.0000
29679.309	36	24	0.1559	96.0000	30.0000
29701.660	37	24	0.1561	96.0000	30.0000
29716.601	38	24	0.1562	96.0000	30.0000
29731.542	39	24	0.1562	96.0000	30.0000
29746.483	40	24	0.1563	96.0000	30.0000
29747.550	39	24	0.1563	96.0000	30.0000
29761.424	40	24	0.1564	96.0000	30.0000
29776.366	41	24	0.1565	96.0000	30.0000
29791.307	42	24	0.1566	96.0000	30.0000
29806.248	43	24	0.1567	96.0000	30.0000
29821.189	44	24	0.1568	96.0000	30.0000
29836.130	45	24	0.1569	96.0000	30.0000
29851.072	46	24	0.1570	96.0000	30.0000
29866.013	47	24	0.1571	96.0000	30.0000
29880.954	48	24	0.1572	96.0000	30.0000
29895.895	49	24	0.1574	96.0000	30.0000
29910.836	50	24	0.1575	96.0000	30.0000
30017.979	49	24	0.1583	96.0000	30.0000
30065.335	48	24	0.1587	96.0000	30.0000
30206.811	47	24	0.1598	96.0000	30.0000
30270.634	46	24	0.1602	96.0000	30.0000
30270.634	45	24	0.1602	96.0000	30.0000
30409.945	44	24	0.1612	96.0000	30.0000
30409.945	43	24	0.1612	96.0000	30.0000
30642.851	42	24	0.1628	96.0000	32.5000
30642.851	41	24	0.1628	96.0000	32.5000
30656.062	40	24	0.1629	96.0000	32.5000
30656.062	39	24	0.1629	96.0000	32.5000
30834.474	38	24	0.1640	96.0000	32.5000
30851.038	37	24	0.1641	96.0000	32.5000
30943.951	36	24	0.1646	96.0000	32.5000
30972.685	35	24	0.1648	96.0000	32.5000
31175.678	34	24	0.1659	96.0000	32.5000
31175.678	33	24	0.1659	96.0000	32.5000
31175.678	32	24	0.1659	96.0000	32.5000
31316.898	31	24	0.1666	96.0000	32.5000
31316.898	30	24	0.1666	96.0000	32.5000
31354.045	29	24	0.1668	96.0000	32.5000
31529.267	28	24	0.1676	96.0000	32.5000
31619.267	27	24	0.1680	96.0000	32.5000
31658.876	26	24	0.1681	96.0000	32.5000
31674.665	27	24	0.1682	96.0000	32.5000
31686.166	28	24	0.1683	96.0000	32.5000
31697.668	29	24	0.1683	96.0000	32.5000
31709.169	30	24	0.1684	96.0000	32.5000
31720.671	31	24	0.1684	96.0000	32.5000
31732.173	32	24	0.1685	96.0000	32.5000
31743.674	33	24	0.1685	96.0000	32.5000
31755.176	34	24	0.1686	96.0000	32.5000
31766.369	33	24	0.1686	96.0000	32.5000
31766.369	32	24	0.1686	96.0000	32.5000
31766.369	31	24	0.1686	96.0000	32.5000
31766.678	32	24	0.1686	96.0000	32.5000
31778.179	33	24	0.1687	96.0000	32.5000
31786.192	32	24	0.1687	96.0000	32.5000
31789.681	33	24	0.1688	96.0000	32.5000
31801.183	34	24	0.1688	96.0000	32.5000
31812.684	35	24	0.1689	96.0000	32.5000
31824.186	36	24	0.1690	96.0000	32.5000
31835.688	37	24	0.1690	96.0000	32.5000
31847.189	38	24	0.1691	96.0000	32.5000
31858.691	39	24	0.1692	96.0000	32.5000
31872.600	38	24	0.1692	96.0000	32.5000
31958.839	37	24	0.1698	96.0000	32.5000
31958.839	36	24	0.1698	96.0000	32.5000
32020.949	35	24	0.1701	96.0000	32.5000
32078.061	34	24	0.1704	96.0000	32.5000
32094.780	33	24	0.1705	96.0000	32.5000
32164.007	32	24	0.1709	96.0000	32.5000
32392.647	31	24	0.1720	96.0000	32.5000
32392.647	30	24	0.1720	96.0000	32.5000
32392.647	29	24	0.1720	96.0000	32.5000
32530.287	28	24	0.1726	96.0000	35.0000
32530.287	27	24	0.1726	96.0000	35.0000
32797.342	26	24	0.1738	96.0000	35.0000
32824.723	25	24	0.1739	96.0000	35.0000
32836.355	24	24	0.1739	96.0000	35.0000
32930.067	23	24	0.1743	96.0000	35.0000
32999.183	22	24	0.1745	96.0000	35.0000
33493.228	21	24	0.1763	96.0000	35.0000
33493.228	20	24	0.1763	96.0000	35.0000
33493.228	19	24	0.1763	96.0000	35.0000
33664.333	18	24	0.1768	96.0000	35.0000
33664.333	17	24	0.1768	96.0000	35.0000
33664.333	16	24	0.1768	96.0000	35.0000
33685.312	15	24	0.1768	96.0000	35.0000
33712.887	16	24	0.1769	96.0000	35.0000
33719.750	17	24	0.1769	96.0000	35.0000
33726.612	18	24	0.1769	96.0000	35.0000
33733.475	19	24	0.1769	96.0000	35.0000
33740.338	20	24	0.1770	96.0000	35.0000
33747.201	21	24	0.1770	96.0000	35.0000
33754.064	22	24	0.1770	96.0000	35.0000
33759.693	21	24	0.1770	96.0000	35.0000
33760.927	22	24	0.1770	96.0000	35.0000
33767.789	23	24	0.1771	96.0000	35.0000
33774.652	24	24	0.1771	96.0000	35.0000
33781.515	25	24	0.1771	96.0000	35.0000
33796.798	26	24	0.1772	96.0000	35.0000
33800.626	25	24	0.1772	96.0000	35.0000
33812.082	26	24	0.1772	96.0000	35.0000
33827.365	27	24	0.1773	96.0000	35.0000
33842.648	28	24	0.1774	96.0000	35.0000
33857.931	29	24	0.1774	96.0000	35.0000
33873.215	30	24	0.1775	96.0000	35.0000
33888.498	31	24	0.1776	96.0000	35.0000
33897.850	30	24	0.1776	96.0000	35.0000
33903.781	31	24	0.1776	96.0000	35.0000
33919.064	32	24	0.1777	96.0000	35.0000
33934.348	33	24	0.1778	96.0000	35.0000
33949.631	34	24	0.1779	96.0000	35.0000
33964.914	35	24	0.1779	96.0000	35.0000
33980.197	36	24	0.1780	96.0000	35.0000
33995.480	37	24	0.1781	96.0000	35.0000
34009.553	36	24	0.1782	96.0000	35.0000
34010.764	37	24	0.1782	96.0000	35.0000
34026.047	38	24	0.1783	96.0000	35.0000
34027.629	37	24	0.1783	96.0000	35.0000
34041.330	38	24	0.1784	96.0000	35.0000
34056.613	39	24	0.1785	96.0000	35.0000
34071.897	40	24	0.1786	96.0000	35.0000
34087.180	41	24	0.1787	96.0000	35.0000
34164.451	40	24	0.1792	96.0000	35.0000
34270.084	39	24	0.1798	96.0000	37.5000
34300.365	38	24	0.1800	96.0000	37.5000
34300.365	37	24	0.1800	96.0000	37.5000
34432.069	36	24	0.1808	96.0000	37.5000
34500.427	35	24	0.1812	96.0000	37.5000
34500.427	34	24	0.1812	96.0000	37.5000
34511.376	33	24	0.1812	96.0000	37.5000
34523.707	32	24	0.1813	96.0000	37.5000
34593.705	31	24	0.1816	96.0000	37.5000
34674.473	30	24	0.1820	96.0000	37.5000
34674.473	29	24	0.1820	96.0000	37.5000
34732.584	28	24	0.1823	96.0000	37.5000
34760.059	27	24	0.1824	96.0000	37.5000
35052.760	26	24	0.1837	96.0000	37.5000
35052.760	25	24	0.1837	96.0000	37.5000
35052.760	24	24	0.1837	96.0000	37.5000
35079.825	23	24	0.1838	96.0000	37.5000
35172.327	22	24	0.1841	96.0000	37.5000
35208.406	21	24	0.1842	96.0000	37.5000
35244.351	20	24	0.1844	96.0000	37.5000
35319.260	19	24	0.1846	96.0000	37.5000
35319.260	18	24	0.1846	96.0000	37.5000
35356.103	17	24	0.1847	96.0000	37.5000
35409.978	16	24	0.1848	96.0000	37.5000
35456.813	15	24	0.1850	96.0000	37.5000
35777.433	16	24	0.1857	96.0000	37.5000
35778.072	15	24	0.1857	96.0000	37.5000
35778.072	14	24	0.1857	96.0000	37.5000
35778.072	13	24	0.1857	96.0000	37.5000
35788.543	14	24	0.1857	96.0000	37.5000
35799.652	15	24	0.1858	96.0000	37.5000
35810.761	16	24	0.1858	96.0000	37.5000
35821.871	17	24	0.1858	96.0000	37.5000
35829.385	16	24	0.1858	96.0000	37.5000
35832.980	17	24	0.1858	96.0000	37.5000
35844.090	18	24	0.1859	96.0000	37.5000
35855.199	19	24	0.1859	96.0000	37.5000
35860.067	18	24	0.1859	96.0000	37.5000
35866.308	19	24	0.1859	96.0000	37.5000
35877.418	20	24	0.1860	96.0000	37.5000
35886.978	19	24	0.1860	96.0000	37.5000
35886.978	18	24	0.1860	96.0000	37.5000
35888.527	19	24	0.1860	96.0000	37.5000
35899.636	20	24	0.1860	96.0000	37.5000
35910.746	21	24	0.1861	96.0000	37.5000
35921.855	22	24	0.1861	96.0000	37.5000
35932.964	23	24	0.1861	96.0000	37.5000
35936.930	22	24	0.1862	96.0000	37.5000
35944.074	23	24	0.1862	96.0000	37.5000
35955.183	24	24	0.1862	96.0000	37.5000
35966.293	25	24	0.1863	96.0000	37.5000
35977.402	26	24	0.1863	96.0000	37.5000
35988.511	27	24	0.1864	96.0000	37.5000
35991.258	26	24	0.1864	96.0000	37.5000
36046.072	25	24	0.1866	96.0000	40.0000
36048.063	24	24	0.1866	96.0000	40.0000
36048.063	23	24	0.1866	96.0000	40.0000
36073.194	22	24	0.1867	96.0000	40.0000
36141.773	21	24	0.1869	96.0000	40.0000
36141.773	20	24	0.1869	96.0000	40.0000
36182.308	19	24	0.1871	96.0000	40.0000
36235.822	18	24	0.1872	96.0000	40.0000
36360.220	17	24	0.1876	96.0000	40.0000
36398.058	16	24	0.1877	96.0000	40.0000
36486.729	15	24	0.1879	96.0000	40.0000
36554.004	14	24	0.1881	96.0000	40.0000
36554.004	13	24	0.1881	96.0000	40.0000
36659.404	12	24	0.1883	96.0000	40.0000
36659.404	11	24	0.1883	96.0000	40.0000
36735.594	10	24	0.1884	96.0000	40.0000
36825.984	9	24	0.1885	96.0000	40.0000
36909.600	8	24	0.1887	96.0000	40.0000
36926.486	7	24	0.1887	96.0000	40.0000
36939.425	6	24	0.1887	96.0000	40.0000
37205.610	5	24	0.1889	96.0000	40.0000
37227.955	4	24	0.1890	96.0000	40.0000
37322.957	3	24	0.1890	96.0000	40.0000
37322.957	2	24	0.1890	96.0000	40.0000
37348.610	1	24	0.1890	96.0000	40.0000
37348.610	0	24	0.1890	96.0000	40.0000
37348.610	0	25	0.1890	100.0000	40.0000
37469.587	0	26	0.1890	104.0000	40.0000
37469.587	0	27	0.1890	108.0000	40.0000
37469.587	0	28	0.1890	112.0000	40.0000
37587.188	0	29	0.1890	116.0000	40.0000
37587.188	0	30	0.1890	120.0000	40.0000
37618.420	0	31	0.1890	124.0000	40.0000
37680.268	0	32	0.1890	128.0000	40.0000
37806.492	0	33	0.1890	132.0000	40.0000
37813.644	0	34	0.1890	136.0000	40.0000
37860.408	0	35	0.1890	140.0000	40.0000
37877.735	1	35	0.1890	140.0000	40.0000
37895.062	2	35	0.1890	140.0000	40.0000
37912.389	3	35	0.1890	140.0000	40.0000
37925.798	2	35	0.1890	140.0000	40.0000
37929.715	3	35	0.1890	140.0000	40.0000
37947.042	4	35	0.1891	140.0000	40.0000
37964.369	5	35	0.1891	140.0000	40.0000
37964.657	4	35	0.1891	140.0000	40.0000
37981.696	5	35	0.1891	140.0000	40.0000
37999.022	6	35	0.1891	140.0000	40.0000
38016.349	7	35	0.1891	140.0000	40.0000
38033.676	8	35	0.1891	140.0000	40.0000
38051.002	9	35	0.1892	140.0000	40.0000
38066.288	8	35	0.1892	140.0000	40.0000
38066.288	7	35	0.1892	140.0000	40.0000
38068.329	8	35	0.1892	140.0000	40.0000
38085.656	9	35	0.1892	140.0000	40.0000
38102.983	10	35	0.1892	140.0000	40.0000
38120.309	11	35	0.1892	140.0000	40.0000
38137.636	12	35	0.1893	140.0000	40.0000
38154.963	13	35	0.1893	140.0000	40.0000
38169.185	12	35	0.1893	140.0000	40.0000
38172.290	13	35	0.1893	140.0000	40.0000
38189.616	14	35	0.1894	140.0000	40.0000
38206.943	15	35	0.1894	140.0000	40.0000
38224.524	16	35	0.1895	140.0000	40.0000
38242.105	17	35	0.1895	140.0000	40.0000
38259.686	18	35	0.1896	140.0000	40.0000
38277.267	19	35	0.1896	140.0000	40.0000
38287.682	18	35	0.1896	140.0000	40.0000
38294.848	19	35	0.1897	140.0000	40.0000
38312.429	20	35	0.1897	140.0000	40.0000
38330.010	21	35	0.1898	140.0000	40.0000
38347.591	22	35	0.1898	140.0000	40.0000
38365.172	23	35	0.1899	140.0000	40.0000
38382.753	24	35	0.1899	140.0000	40.0000
38400.334	25	35	0.1900	140.0000	40.0000
38417.566	24	35	0.1901	140.0000	40.0000
38417.566	23	35	0.1901	140.0000	40.0000
38417.915	24	35	0.1901	140.0000	40.0000
38435.496	25	35	0.1901	140.0000	40.0000
38453.077	26	35	0.1902	140.0000	40.0000
38455.025	25	35	0.1902	140.0000	40.0000
38479.683	24	35	0.1903	140.0000	40.0000
38529.727	23	35	0.1905	140.0000	40.0000
38529.727	22	35	0.1905	140.0000	40.0000
38529.727	21	35	0.1905	140.0000	40.0000
38593.834	20	35	0.1907	140.0000	40.0000
38669.708	19	35	0.1910	140.0000	40.0000
38669.708	18	35	0.1910	140.0000	40.0000
38747.317	17	35	0.1912	140.0000	40.0000
38830.888	16	35	0.1914	140.0000	40.0000
38948.721	15	35	0.1917	140.0000	40.0000
39116.486	14	35	0.1921	140.0000	40.0000
39135.039	13	35	0.1921	140.0000	40.0000
39249.258	12	35	0.1924	140.0000	40.0000
39249.258	11	35	0.1924	140.0000	40.0000
39249.258	10	35	0.1924	140.0000	40.0000
39249.258	9	35	0.1924	140.0000	40.0000
39398.097	8	35	0.1926	140.0000	40.0000
39398.097	7	35	0.1926	140.0000	40.0000
39398.097	6	35	0.1926	140.0000	40.0000
39440.343	5	35	0.1926	140.0000	40.0000
39604.957	4	35	0.1928	140.0000	42.5000
39733.490	3	35	0.1928	140.0000	42.5000
39795.136	2	35	0.1929	140.0000	42.5000
40114.773	1	35	0.1930	140.0000	42.5000
40114.773	0	35	0.1930	140.0000	42.5000
40114.773	0	36	0.1930	144.0000	42.5000
40251.449	0	37	0.1930	148.0000	42.5000
40295.330	0	38	0.1930	152.0000	42.5000
40382.369	0	39	0.1930	156.0000	42.5000
40382.369	0	40	0.1930	160.0000	42.5000
40394.456	0	41	0.1930	164.0000	42.5000
40548.926	0	42	0.1930	168.0000	42.5000
40666.818	0	43	0.1930	172.0000	42.5000
40673.041	0	44	0.1930	176.0000	42.5000
40699.522	0	45	0.1930	180.0000	42.5000
40699.522	0	46	0.1930	184.0000	42.5000
40790.112	0	47	0.1930	188.0000	42.5000
40945.483	0	48	0.1930	192.0000	42.5000
40945.483	0	49	0.1930	196.0000	42.5000
41054.737	0	50	0.1930	200.0000	42.5000
41054.737	0	51	0.1930	204.0000	42.5000
41054.737	0	52	0.1930	208.0000	42.5000
41081.135	0	53	0.1930	212.0000	42.5000
41109.720	0	54	0.1930	216.0000	42.5000
41175.435	0	55	0.1930	220.0000	42.5000
41265.286	0	56	0.1930	224.0000	42.5000
41321.148	0	57	0.1930	228.0000	42.5000
41535.364	0	58	0.1930	232.0000	42.5000
41535.364	0	59	0.1930	236.0000	42.5000
41535.579	1	59	0.1930	236.0000	42.5000
41547.067	2	59	0.1930	236.0000	42.5000
41558.555	3	59	0.1930	236.0000	42.5000
41570.043	4	59	0.1930	236.0000	42.5000
41574.706	3	59	0.1930	236.0000	42.5000
41581.531	4	59	0.1930	236.0000	42.5000
41593.019	5	59	0.1930	236.0000	42.5000
41604.507	6	59	0.1930	236.0000	42.5000
41615.995	7	59	0.1930	236.0000	42.5000
41617.575	6	59	0.1930	236.0000	42.5000
41627.483	7	59	0.1930	236.0000	42.5000
41638.971	8	59	0.1930	236.0000	42.5000
41643.212	7	59	0.1930	236.0000	42.5000
41650.459	8	59	0.1930	236.0000	42.5000
41661.947	9	59	0.1931	236.0000	42.5000
41673.435	10	59	0.1931	236.0000	42.5000
41684.923	11	59	0.1931	236.0000	42.5000
41696.411	12	59	0.1931	236.0000	42.5000
41707.899	13	59	0.1931	236.0000	42.5000
41719.387	14	59	0.1932	236.0000	42.5000
41725.526	13	59	0.1932	236.0000	42.5000
41730.875	14	59	0.1932	236.0000	42.5000
41742.362	15	59	0.1932	236.0000	42.5000
41753.850	16	59	0.1932	236.0000	42.5000
41769.935	17	59	0.1933	236.0000	42.5000
41786.020	18	59	0.1933	236.0000	42.5000
41802.104	19	59	0.1934	236.0000	42.5000
41818.189	20	59	0.1934	236.0000	42.5000
41830.826	19	59	0.1935	236.0000	42.5000
41834.274	20	59	0.1935	236.0000	42.5000
41850.358	21	59	0.1935	236.0000	42.5000
41865.612	20	59	0.1936	236.0000	42.5000
41866.443	21	59	0.1936	236.0000	42.5000
41876.577	20	59	0.1936	236.0000	42.5000
41882.528	21	59	0.1936	236.0000	42.5000
41898.612	22	59	0.1937	236.0000	42.5000
41914.697	23	59	0.1937	236.0000	42.5000
41930.395	22	59	0.1938	236.0000	42.5000
41930.782	23	59	0.1938	236.0000	42.5000
41946.866	24	59	0.1938	236.0000	42.5000
41962.951	25	59	0.1939	236.0000	42.5000
41979.036	26	59	0.1940	236.0000	42.5000
41995.120	27	59	0.1940	236.0000	42.5000
41998.077	26	59	0.1940	236.0000	42.5000
41998.077	25	59	0.1940	236.0000	42.5000
42011.205	26	59	0.1941	236.0000	42.5000
42027.289	27	59	0.1942	236.0000	42.5000
42043.374	28	59	0.1942	236.0000	42.5000
42059.459	29	59	0.1943	236.0000	42.5000
42075.543	30	59	0.1944	236.0000	42.5000
42091.768	29	59	0.1945	236.0000	42.5000
42100.926	30	59	0.1945	236.0000	42.5000
42101.426	29	59	0.1945	236.0000	42.5000
42110.085	30	59	0.1945	236.0000	42.5000
42119.243	31	59	0.1946	236.0000	42.5000
42128.402	32	59	0.1946	236.0000	42.5000
42137.560	33	59	0.1947	236.0000	42.5000
42146.719	34	59	0.1947	236.0000	42.5000
42155.877	35	59	0.1948	236.0000	42.5000
42165.035	36	59	0.1948	236.0000	42.5000
42174.194	37	59	0.1949	236.0000	42.5000
42183.352	38	59	0.1949	236.0000	42.5000
42192.511	39	59	0.1950	236.0000	42.5000
42201.669	40	59	0.1950	236.0000	42.5000
42210.828	41	59	0.1951	236.0000	42.5000
42219.986	42	59	0.1951	236.0000	42.5000
42229.144	43	59	0.1952	236.0000	42.5000
42264.467	42	59	0.1954	236.0000	42.5000
42264.467	41	59	0.1954	236.0000	42.5000
42303.184	40	59	0.1957	236.0000	42.5000
42390.803	39	59	0.1963	236.0000	42.5000
42436.743	38	59	0.1965	236.0000	42.5000
42604.779	37	59	0.1975	236.0000	42.5000
42604.779	36	59	0.1975	236.0000	42.5000
42621.980	35	59	0.1976	236.0000	42.5000
42659.329	34	59	0.1978	236.0000	42.5000
42690.303	33	59	0.1980	236.0000	42.5000
42690.303	32	59	0.1980	236.0000	42.5000
42702.715	31	59	0.1981	236.0000	42.5000
42793.044	30	59	0.1985	236.0000	42.5000
42838.723	29	59	0.1987	236.0000	42.5000
42961.875	28	59	0.1993	236.0000	42.5000
43020.100	27	59	0.1995	236.0000	42.5000
43068.384	26	59	0.1997	236.0000	42.5000
43134.353	25	59	0.2000	236.0000	42.5000
43214.675	24	59	0.2003	236.0000	42.5000
43214.675	23	59	0.2003	236.0000	42.5000
43251.281	22	59	0.2005	236.0000	42.5000
43251.281	21	59	0.2005	236.0000	42.5000
