# s=75 S=80 h=0.0151 p=8.8000 c=2.5000
# time_s	level	cum_oos	holding_eur	shortage_eur	order_eur
0.000	80	0	0.0000	0.0000	0.0000
255.398	79	0	0.0071	0.0000	0.0000
1735.648	78	0	0.0480	0.0000	0.0000
1837.479	77	0	0.0508	0.0000	0.0000
1905.538	76	0	0.0526	0.0000	0.0000
2263.641	75	0	0.0621	0.0000	0.0000
2547.236	74	0	0.0696	0.0000	0.0000
2547.236	73	0	0.0696	0.0000	0.0000
2580.328	72	0	0.0704	0.0000	0.0000
3203.035	71	0	0.0861	0.0000	0.0000
3203.035	70	0	0.0861	0.0000	0.0000
3472.804	69	0	0.0927	0.0000	0.0000
3707.386	70	0	0.0983	0.0000	2.5000
3725.049	71	0	0.0988	0.0000	2.5000
3742.712	72	0	0.0992	0.0000	2.5000
3760.374	73	0	0.0997	0.0000	2.5000
3778.037	74	0	0.1001	0.0000	2.5000
3787.222	73	0	0.1003	0.0000	2.5000
3795.700	74	0	0.1006	0.0000	2.5000
3813.363	75	0	0.1010	0.0000	2.5000
3831.026	76	0	0.1015	0.0000	2.5000
3839.996	75	0	0.1017	0.0000	2.5000
3839.996	74	0	0.1017	0.0000	2.5000
3848.689	75	0	0.1019	0.0000	2.5000
3866.352	76	0	0.1024	0.0000	2.5000
3884.015	77	0	0.1029	0.0000	2.5000
3950.936	76	0	0.1047	0.0000	2.5000
3950.936	75	0	0.1047	0.0000	2.5000
4011.874	74	0	0.1063	0.0000	2.5000
4011.874	73	0	0.1063	0.0000	2.5000
4129.874	72	0	0.1093	0.0000	2.5000
4129.874	71	0	0.1093	0.0000	2.5000
4129.874	70	0	0.1093	0.0000	2.5000
4201.520	69	0	0.1110	0.0000	2.5000
4302.881	68	0	0.1135	0.0000	2.5000
4596.534	67	0	0.1205	0.0000	2.5000
4596.534	66	0	0.1205	0.0000	2.5000
4741.810	65	0	0.1238	0.0000	2.5000
4844.985	64	0	0.1262	0.0000	2.5000
4844.985	63	0	0.1262	0.0000	2.5000
4844.985	62	0	0.1262	0.0000	2.5000
4844.985	61	0	0.1262	0.0000	2.5000
4870.638	60	0	0.1267	0.0000	2.5000
4878.308	59	0	0.1269	0.0000	2.5000
4878.308	58	0	0.1269	0.0000	2.5000
5143.998	57	0	0.1323	0.0000	2.5000
5181.306	56	0	0.1330	0.0000	2.5000
5212.603	55	0	0.1336	0.0000	2.5000
5289.547	54	0	0.1351	0.0000	2.5000
5289.547	53	0	0.1351	0.0000	2.5000
5395.939	52	0	0.1371	0.0000	2.5000
5576.923	51	0	0.1404	0.0000	5.0000
5788.590	52	0	0.1441	0.0000	5.0000
5806.105	53	0	0.1444	0.0000	5.0000
5823.619	54	0	0.1448	0.0000	5.0000
5841.134	55	0	0.1451	0.0000	5.0000
5858.649	56	0	0.1454	0.0000	5.0000
5876.164	57	0	0.1458	0.0000	5.0000
5893.679	58	0	0.1461	0.0000	5.0000
5911.194	59	0	0.1465	0.0000	5.0000
5928.709	60	0	0.1468	0.0000	5.0000
5946.224	61	0	0.1472	0.0000	5.0000
5963.739	62	0	0.1476	0.0000	5.0000
5981.253	63	0	0.1480	0.0000	5.0000
5998.768	64	0	0.1484	0.0000	5.0000
6016.283	65	0	0.1487	0.0000	5.0000
6033.798	66	0	0.1491	0.0000	5.0000
6051.313	67	0	0.1495	0.0000	5.0000
6068.828	68	0	0.1500	0.0000	5.0000
6071.817	67	0	0.1500	0.0000	5.0000
6086.343	68	0	0.1504	0.0000	5.0000
6103.858	69	0	0.1508	0.0000	5.0000
6121.373	70	0	0.1512	0.0000	5.0000
6131.339	71	0	0.1514	0.0000	5.0000
6137.511	70	0	0.1516	0.0000	5.0000
6141.305	71	0	0.1517	0.0000	5.0000
6151.272	72	0	0.1519	0.0000	5.0000
6161.238	73	0	0.1522	0.0000	5.0000
6171.205	74	0	0.1524	0.0000	5.0000
6181.171	75	0	0.1527	0.0000	5.0000
6191.137	76	0	0.1530	0.0000	5.0000
6201.104	77	0	0.1532	0.0000	5.0000
6228.449	76	0	0.1540	0.0000	5.0000
6287.610	75	0	0.1555	0.0000	5.0000
6381.464	74	0	0.1580	0.0000	5.0000
6457.366	73	0	0.1600	0.0000	5.0000
6682.183	72	0	0.1657	0.0000	5.0000
6861.529	71	0	0.1702	0.0000	5.0000
6878.417	70	0	0.1706	0.0000	5.0000
6878.852	69	0	0.1706	0.0000	5.0000
6960.238	68	0	0.1726	0.0000	5.0000
7335.605	67	0	0.1815	0.0000	7.5000
7335.605	66	0	0.1815	0.0000	7.5000
7336.673	65	0	0.1816	0.0000	7.5000
7336.673	64	0	0.1816	0.0000	7.5000
7528.135	63	0	0.1858	0.0000	7.5000
7529.106	64	0	0.1859	0.0000	7.5000
7544.725	65	0	0.1862	0.0000	7.5000
7557.979	64	0	0.1865	0.0000	7.5000
7557.979	63	0	0.1865	0.0000	7.5000
7560.343	64	0	0.1866	0.0000	7.5000
7575.962	65	0	0.1869	0.0000	7.5000
7591.581	66	0	0.1873	0.0000	7.5000
7607.200	67	0	0.1876	0.0000	7.5000
7622.819	68	0	0.1880	0.0000	7.5000
7636.227	67	0	0.1883	0.0000	7.5000
7636.227	66	0	0.1883	0.0000	7.5000
7638.438	67	0	0.1884	0.0000	7.5000
7654.057	68	0	0.1887	0.0000	7.5000
7666.955	67	0	0.1890	0.0000	7.5000
7669.675	68	0	0.1891	0.0000	7.5000
7685.294	69	0	0.1895	0.0000	7.5000
7700.913	70	0	0.1898	0.0000	7.5000
7809.866	69	0	0.1925	0.0000	7.5000
7809.866	68	0	0.1925	0.0000	7.5000
7809.866	67	0	0.1925	0.0000	7.5000
8136.326	66	0	0.2002	0.0000	7.5000
8136.326	65	0	0.2002	0.0000	7.5000
8176.083	64	0	0.2011	0.0000	7.5000
8337.794	63	0	0.2047	0.0000	7.5000
8432.126	62	0	0.2068	0.0000	7.5000
8527.826	61	0	0.2088	0.0000	7.5000
8527.826	60	0	0.2088	0.0000	7.5000
8586.992	59	0	0.2101	0.0000	7.5000
8607.852	58	0	0.2105	0.0000	7.5000
8607.852	57	0	0.2105	0.0000	7.5000
8607.852	56	0	0.2105	0.0000	7.5000
8655.519	55	0	0.2114	0.0000	7.5000
8655.519	54	0	0.2114	0.0000	7.5000
8693.675	53	0	0.2121	0.0000	7.5000
8693.675	52	0	0.2121	0.0000	7.5000
8715.859	51	0	0.2126	0.0000	7.5000
8794.913	50	0	0.2140	0.0000	7.5000
8805.010	49	0	0.2141	0.0000	7.5000
8805.010	48	0	0.2141	0.0000	7.5000
8805.010	47	0	0.2141	0.0000	7.5000
8805.010	46	0	0.2141	0.0000	7.5000
8816.565	45	0	0.2143	0.0000	7.5000
8858.903	44	0	0.2150	0.0000	7.5000
8871.377	43	0	0.2152	0.0000	7.5000
8999.264	42	0	0.2171	0.0000	7.5000
9010.707	41	0	0.2173	0.0000	10.0000
9101.295	40	0	0.2186	0.0000	10.0000
9312.626	39	0	0.2215	0.0000	10.0000
9393.867	40	0	0.2226	0.0000	10.0000
9402.956	41	0	0.2228	0.0000	10.0000
9412.045	42	0	0.2229	0.0000	10.0000
9421.133	43	0	0.2230	0.0000	10.0000
9430.222	44	0	0.2232	0.0000	10.0000
9439.311	45	0	0.2233	0.0000	10.0000
9448.399	46	0	0.2234	0.0000	10.0000
9457.488	47	0	0.2236	0.0000	10.0000
9466.577	48	0	0.2237	0.0000	10.0000
9468.297	47	0	0.2238	0.0000	10.0000
9475.665	48	0	0.2239	0.0000	10.0000
9484.754	49	0	0.2240	0.0000	10.0000
9493.843	50	0	0.2242	0.0000	10.0000
9502.932	51	0	0.2244	0.0000	10.0000
9512.020	52	0	0.2245	0.0000	10.0000
9519.658	51	0	0.2247	0.0000	10.0000
9521.109	52	0	0.2247	0.0000	10.0000
9530.198	53	0	0.2248	0.0000	10.0000
9539.286	54	0	0.2250	0.0000	10.0000
9548.375	55	0	0.2252	0.0000	10.0000
9557.464	56	0	0.2254	0.0000	10.0000
9566.553	57	0	0.2255	0.0000	10.0000
9615.978	58	0	0.2265	0.0000	10.0000
9632.244	59	0	0.2269	0.0000	10.0000
9648.509	60	0	0.2272	0.0000	10.0000
9664.775	61	0	0.2275	0.0000	10.0000
9681.041	62	0	0.2279	0.0000	10.0000
9697.306	63	0	0.2282	0.0000	10.0000
9713.572	64	0	0.2286	0.0000	10.0000
9729.837	65	0	0.2290	0.0000	10.0000
9746.103	66	0	0.2293	0.0000	10.0000
9762.369	67	0	0.2297	0.0000	10.0000
9778.634	68	0	0.2301	0.0000	10.0000
9794.900	69	0	0.2305	0.0000	10.0000
9811.166	70	0	0.2309	0.0000	10.0000
9827.431	71	0	0.2313	0.0000	10.0000
9842.146	70	0	0.2316	0.0000	10.0000
9843.697	71	0	0.2317	0.0000	10.0000
9859.963	72	0	0.2321	0.0000	10.0000
9876.228	73	0	0.2325	0.0000	10.0000
9892.494	74	0	0.2329	0.0000	10.0000
10030.138	73	0	0.2364	0.0000	10.0000
10114.009	72	0	0.2386	0.0000	10.0000
10139.160	71	0	0.2392	0.0000	10.0000
10257.375	70	0	0.2422	0.0000	10.0000
10330.910	69	0	0.2440	0.0000	10.0000
10341.247	68	0	0.2442	0.0000	10.0000
10421.264	67	0	0.2461	0.0000	10.0000
10421.264	66	0	0.2461	0.0000	10.0000
10421.264	65	0	0.2461	0.0000	10.0000
10421.264	64	0	0.2461	0.0000	10.0000
10421.264	63	0	0.2461	0.0000	10.0000
10657.409	62	0	0.2513	0.0000	10.0000
10837.226	61	0	0.2552	0.0000	12.5000
10970.835	60	0	0.2580	0.0000	12.5000
10973.020	59	0	0.2581	0.0000	12.5000
10973.020	58	0	0.2581	0.0000	12.5000
11061.180	57	0	0.2599	0.0000	12.5000
11179.845	56	0	0.2622	0.0000	12.5000
11179.845	55	0	0.2622	0.0000	12.5000
11216.763	54	0	0.2630	0.0000	12.5000
11320.259	55	0	0.2649	0.0000	12.5000
11324.138	54	0	0.2650	0.0000	12.5000
11324.138	53	0	0.2650	0.0000	12.5000
11324.138	52	0	0.2650	0.0000	12.5000
11334.571	53	0	0.2652	0.0000	12.5000
11348.884	54	0	0.2654	0.0000	12.5000
11363.197	55	0	0.2657	0.0000	12.5000
11369.577	54	0	0.2658	0.0000	12.5000
11377.510	55	0	0.2660	0.0000	12.5000
11391.822	56	0	0.2663	0.0000	12.5000
11406.135	57	0	0.2665	0.0000	12.5000
11411.948	56	0	0.2667	0.0000	12.5000
11420.448	57	0	0.2668	0.0000	12.5000
11434.760	58	0	0.2671	0.0000	12.5000
11449.073	59	0	0.2674	0.0000	12.5000
11463.386	60	0	0.2677	0.0000	12.5000
11477.699	61	0	0.2680	0.0000	12.5000
11492.011	62	0	0.2683	0.0000	12.5000
11506.324	63	0	0.2686	0.0000	12.5000
11520.637	64	0	0.2689	0.0000	12.5000
11521.307	63	0	0.2689	0.0000	12.5000
11534.949	64	0	0.2692	0.0000	12.5000
11548.241	63	0	0.2695	0.0000	12.5000
11549.262	64	0	0.2696	0.0000	12.5000
11563.575	65	0	0.2699	0.0000	12.5000
11651.945	64	0	0.2719	0.0000	12.5000
11651.945	63	0	0.2719	0.0000	12.5000
11651.945	62	0	0.2719	0.0000	12.5000
11699.906	61	0	0.2729	0.0000	12.5000
11699.906	60	0	0.2729	0.0000	12.5000
11716.336	59	0	0.2733	0.0000	12.5000
11900.051	58	0	0.2771	0.0000	12.5000
11974.886	57	0	0.2786	0.0000	12.5000
11974.886	56	0	0.2786	0.0000	12.5000
12042.983	55	0	0.2799	0.0000	12.5000
12091.421	54	0	0.2808	0.0000	12.5000
12258.003	53	0	0.2840	0.0000	12.5000
12258.003	52	0	0.2840	0.0000	12.5000
12336.016	51	0	0.2854	0.0000	12.5000
12336.016	50	0	0.2854	0.0000	12.5000
12336.016	49	0	0.2854	0.0000	12.5000
12336.016	48	0	0.2854	0.0000	12.5000
12336.016	47	0	0.2854	0.0000	12.5000
12463.803	46	0	0.2875	0.0000	12.5000
12463.803	45	0	0.2875	0.0000	12.5000
12541.679	44	0	0.2887	0.0000	12.5000
12725.834	43	0	0.2916	0.0000	15.0000
12725.834	42	0	0.2916	0.0000	15.0000
12759.948	41	0	0.2921	0.0000	15.0000
12795.237	40	0	0.2926	0.0000	15.0000
12863.750	41	0	0.2935	0.0000	15.0000
12879.358	42	0	0.2937	0.0000	15.0000
12894.967	43	0	0.2940	0.0000	15.0000
12910.576	44	0	0.2942	0.0000	15.0000
12926.185	45	0	0.2944	0.0000	15.0000
12941.794	46	0	0.2947	0.0000	15.0000
12957.403	47	0	0.2949	0.0000	15.0000
12970.097	46	0	0.2952	0.0000	15.0000
12970.097	45	0	0.2952	0.0000	15.0000
12970.097	44	0	0.2952	0.0000	15.0000
12970.097	43	0	0.2952	0.0000	15.0000
12973.012	44	0	0.2952	0.0000	15.0000
12988.621	45	0	0.2954	0.0000	15.0000
13004.230	46	0	0.2957	0.0000	15.0000
13019.839	47	0	0.2959	0.0000	15.0000
13035.448	48	0	0.2962	0.0000	15.0000
13051.057	49	0	0.2965	0.0000	15.0000
13066.666	50	0	0.2967	0.0000	15.0000
13073.661	49	0	0.2968	0.0000	15.0000
13073.661	48	0	0.2968	0.0000	15.0000
13082.275	49	0	0.2970	0.0000	15.0000
13097.884	50	0	0.2973	0.0000	15.0000
13106.860	51	0	0.2974	0.0000	15.0000
13115.837	52	0	0.2976	0.0000	15.0000
13124.813	53	0	0.2977	0.0000	15.0000
13133.790	54	0	0.2979	0.0000	15.0000
13142.767	55	0	0.2981	0.0000	15.0000
13151.743	56	0	0.2982	0.0000	15.0000
13160.720	57	0	0.2984	0.0000	15.0000
13165.707	56	0	0.2985	0.0000	15.0000
13169.696	57	0	0.2986	0.0000	15.0000
13178.668	56	0	0.2988	0.0000	15.0000
13178.673	57	0	0.2988	0.0000	15.0000
13187.649	58	0	0.2990	0.0000	15.0000
13192.303	57	0	0.2990	0.0000	15.0000
13196.626	58	0	0.2991	0.0000	15.0000
13205.602	59	0	0.2993	0.0000	15.0000
13214.579	60	0	0.2995	0.0000	15.0000
13223.555	61	0	0.2997	0.0000	15.0000
13232.532	62	0	0.2999	0.0000	15.0000
13241.508	63	0	0.3001	0.0000	15.0000
13250.485	64	0	0.3003	0.0000	15.0000
13259.461	65	0	0.3005	0.0000	15.0000
13268.438	66	0	0.3007	0.0000	15.0000
13275.698	65	0	0.3008	0.0000	15.0000
13275.698	64	0	0.3008	0.0000	15.0000
13277.414	65	0	0.3009	0.0000	15.0000
13350.726	64	0	0.3025	0.0000	15.0000
13381.859	63	0	0.3032	0.0000	15.0000
13432.859	62	0	0.3044	0.0000	15.0000
13506.654	61	0	0.3060	0.0000	15.0000
13526.920	60	0	0.3064	0.0000	15.0000
13531.703	59	0	0.3065	0.0000	15.0000
13583.422	58	0	0.3076	0.0000	15.0000
13856.224	57	0	0.3131	0.0000	15.0000
14101.621	56	0	0.3180	0.0000	15.0000
14101.621	55	0	0.3180	0.0000	15.0000
14101.621	54	0	0.3180	0.0000	15.0000
14101.621	53	0	0.3180	0.0000	15.0000
14101.621	52	0	0.3180	0.0000	15.0000
14101.621	51	0	0.3180	0.0000	15.0000
14127.461	50	0	0.3184	0.0000	15.0000
14200.417	49	0	0.3197	0.0000	15.0000
14538.276	48	0	0.3255	0.0000	17.5000
14564.068	47	0	0.3259	0.0000	17.5000
14612.485	46	0	0.3267	0.0000	17.5000
14720.535	45	0	0.3285	0.0000	17.5000
14720.535	44	0	0.3285	0.0000	17.5000
14720.535	43	0	0.3285	0.0000	17.5000
14795.936	42	0	0.3296	0.0000	17.5000
15046.516	41	0	0.3333	0.0000	17.5000
15046.516	40	0	0.3333	0.0000	17.5000
15058.876	41	0	0.3335	0.0000	17.5000
15076.178	42	0	0.3337	0.0000	17.5000
15093.481	43	0	0.3340	0.0000	17.5000
15110.784	44	0	0.3342	0.0000	17.5000
15126.608	43	0	0.3345	0.0000	17.5000
15126.608	42	0	0.3345	0.0000	17.5000
15128.086	43	0	0.3345	0.0000	17.5000
15145.389	44	0	0.3347	0.0000	17.5000
15162.692	45	0	0.3350	0.0000	17.5000
15179.994	46	0	0.3353	0.0000	17.5000
15197.297	47	0	0.3356	0.0000	17.5000
15213.053	46	0	0.3358	0.0000	17.5000
15214.600	47	0	0.3358	0.0000	17.5000
15231.902	48	0	0.3361	0.0000	17.5000
15279.974	47	0	0.3369	0.0000	17.5000
15300.794	46	0	0.3373	0.0000	17.5000
15300.794	45	0	0.3373	0.0000	17.5000
15309.770	46	0	0.3374	0.0000	17.5000
15318.745	47	0	0.3376	0.0000	17.5000
15323.858	46	0	0.3376	0.0000	17.5000
15327.721	47	0	0.3377	0.0000	17.5000
15336.697	48	0	0.3379	0.0000	17.5000
15345.673	49	0	0.3380	0.0000	17.5000
15354.649	50	0	0.3382	0.0000	17.5000
15363.624	51	0	0.3383	0.0000	17.5000
15372.600	52	0	0.3385	0.0000	17.5000
15381.576	53	0	0.3386	0.0000	17.5000
15390.552	54	0	0.3388	0.0000	17.5000
15399.527	55	0	0.3390	0.0000	17.5000
15401.595	54	0	0.3390	0.0000	17.5000
15408.503	55	0	0.3391	0.0000	17.5000
15417.479	56	0	0.3393	0.0000	17.5000
15426.455	57	0	0.3395	0.0000	17.5000
15435.431	58	0	0.3397	0.0000	17.5000
15444.406	59	0	0.3399	0.0000	17.5000
15453.382	60	0	0.3400	0.0000	17.5000
15462.358	61	0	0.3402	0.0000	17.5000
15471.334	62	0	0.3404	0.0000	17.5000
15480.310	63	0	0.3406	0.0000	17.5000
15563.895	62	0	0.3425	0.0000	17.5000
15563.895	61	0	0.3425	0.0000	17.5000
15563.895	60	0	0.3425	0.0000	17.5000
15688.341	59	0	0.3451	0.0000	17.5000
15688.341	58	0	0.3451	0.0000	17.5000
15781.533	57	0	0.3470	0.0000	17.5000
15781.533	56	0	0.3470	0.0000	17.5000
15934.871	55	0	0.3500	0.0000	17.5000
15934.871	54	0	0.3500	0.0000	17.5000
15934.871	53	0	0.3500	0.0000	17.5000
15934.871	52	0	0.3500	0.0000	17.5000
15948.218	51	0	0.3502	0.0000	17.5000
15948.218	50	0	0.3502	0.0000	17.5000
15948.218	49	0	0.3502	0.0000	17.5000
16013.247	48	0	0.3513	0.0000	17.5000
16013.247	47	0	0.3513	0.0000	17.5000
16115.589	46	0	0.3530	0.0000	17.5000
16115.589	45	0	0.3530	0.0000	17.5000
16115.589	44	0	0.3530	0.0000	17.5000
16211.131	43	0	0.3545	0.0000	20.0000
16471.528	42	0	0.3584	0.0000	20.0000
16471.528	41	0	0.3584	0.0000	20.0000
16471.528	40	0	0.3584	0.0000	20.0000
16471.528	39	0	0.3584	0.0000	20.0000
16522.455	40	0	0.3591	0.0000	20.0000
16532.444	41	0	0.3592	0.0000	20.0000
16542.433	42	0	0.3594	0.0000	20.0000
16552.422	43	0	0.3595	0.0000	20.0000
16562.411	44	0	0.3597	0.0000	20.0000
16572.400	45	0	0.3598	0.0000	20.0000
16582.389	46	0	0.3600	0.0000	20.0000
16592.378	47	0	0.3601	0.0000	20.0000
16602.367	48	0	0.3603	0.0000	20.0000
16612.355	49	0	0.3605	0.0000	20.0000
16622.344	50	0	0.3606	0.0000	20.0000
16632.333	51	0	0.3608	0.0000	20.0000
16642.322	52	0	0.3610	0.0000	20.0000
16652.311	53	0	0.3612	0.0000	20.0000
16662.300	54	0	0.3613	0.0000	20.0000
16672.289	55	0	0.3615	0.0000	20.0000
16688.562	56	0	0.3618	0.0000	20.0000
16697.484	55	0	0.3620	0.0000	20.0000
16697.484	54	0	0.3620	0.0000	20.0000
16697.484	53	0	0.3620	0.0000	20.0000
16704.835	54	0	0.3622	0.0000	20.0000
16721.107	55	0	0.3625	0.0000	20.0000
16727.984	54	0	0.3626	0.0000	20.0000
16727.984	53	0	0.3626	0.0000	20.0000
16737.380	54	0	0.3628	0.0000	20.0000
16753.653	55	0	0.3631	0.0000	20.0000
16769.926	56	0	0.3634	0.0000	20.0000
16786.198	57	0	0.3637	0.0000	20.0000
16802.471	58	0	0.3640	0.0000	20.0000
16818.744	59	0	0.3644	0.0000	20.0000
16835.017	60	0	0.3647	0.0000	20.0000
16851.289	61	0	0.3650	0.0000	20.0000
16867.562	62	0	0.3654	0.0000	20.0000
16883.835	63	0	0.3657	0.0000	20.0000
16887.551	62	0	0.3658	0.0000	20.0000
16887.551	61	0	0.3658	0.0000	20.0000
16887.551	60	0	0.3658	0.0000	20.0000
16887.551	59	0	0.3658	0.0000	20.0000
16900.108	60	0	0.3661	0.0000	20.0000
16916.381	61	0	0.3664	0.0000	20.0000
16932.653	62	0	0.3668	0.0000	20.0000
16948.926	63	0	0.3671	0.0000	20.0000
16965.199	64	0	0.3675	0.0000	20.0000
16981.472	65	0	0.3678	0.0000	20.0000
16997.744	66	0	0.3682	0.0000	20.0000
17089.704	65	0	0.3703	0.0000	20.0000
17220.388	64	0	0.3733	0.0000	20.0000
17220.388	63	0	0.3733	0.0000	20.0000
17220.388	62	0	0.3733	0.0000	20.0000
17269.284	61	0	0.3744	0.0000	20.0000
17269.284	60	0	0.3744	0.0000	20.0000
17269.284	59	0	0.3744	0.0000	20.0000
17284.254	58	0	0.3747	0.0000	20.0000
17330.498	57	0	0.3756	0.0000	20.0000
17348.658	56	0	0.3760	0.0000	20.0000
17463.809	55	0	0.3782	0.0000	20.0000
17463.809	54	0	0.3782	0.0000	20.0000
17549.430	53	0	0.3798	0.0000	20.0000
17696.476	52	0	0.3826	0.0000	20.0000
17759.306	51	0	0.3837	0.0000	20.0000
17825.736	50	0	0.3849	0.0000	20.0000
17883.754	49	0	0.3859	0.0000	20.0000
17883.754	48	0	0.3859	0.0000	20.0000
17883.754	47	0	0.3859	0.0000	20.0000
17883.754	46	0	0.3859	0.0000	20.0000
17925.873	45	0	0.3866	0.0000	20.0000
17925.873	44	0	0.3866	0.0000	20.0000
17925.873	43	0	0.3866	0.0000	20.0000
17969.319	42	0	0.3872	0.0000	20.0000
17969.319	41	0	0.3872	0.0000	20.0000
17974.851	40	0	0.3873	0.0000	20.0000
18105.134	39	0	0.3891	0.0000	22.5000
18105.134	38	0	0.3891	0.0000	22.5000
18182.529	37	0	0.3902	0.0000	22.5000
18182.529	36	0	0.3902	0.0000	22.5000
18290.260	35	0	0.3915	0.0000	22.5000
18290.260	34	0	0.3915	0.0000	22.5000
18290.260	33	0	0.3915	0.0000	22.5000
18626.274	32	0	0.3954	0.0000	22.5000
18626.274	31	0	0.3954	0.0000	22.5000
18626.274	30	0	0.3954	0.0000	22.5000
18626.274	29	0	0.3954	0.0000	22.5000
18626.274	28	0	0.3954	0.0000	22.5000
18626.274	27	0	0.3954	0.0000	22.5000
18807.074	26	0	0.3971	0.0000	22.5000
18807.074	25	0	0.3971	0.0000	22.5000
18807.074	24	0	0.3971	0.0000	22.5000
18848.907	23	0	0.3975	0.0000	22.5000
18848.907	22	0	0.3975	0.0000	22.5000
18898.979	21	0	0.3978	0.0000	22.5000
19024.192	20	0	0.3988	0.0000	22.5000
19024.192	19	0	0.3988	0.0000	22.5000
19024.192	18	0	0.3988	0.0000	22.5000
19134.963	17	0	0.3995	0.0000	22.5000
19150.761	16	0	0.3995	0.0000	22.5000
19176.101	15	0	0.3997	0.0000	22.5000
19420.696	14	0	0.4010	0.0000	22.5000
19429.160	13	0	0.4010	0.0000	22.5000
19429.160	12	0	0.4010	0.0000	22.5000
19429.160	11	0	0.4010	0.0000	22.5000
19467.177	10	0	0.4012	0.0000	22.5000
19527.546	9	0	0.4014	0.0000	22.5000
19569.225	8	0	0.4015	0.0000	22.5000
19569.225	7	0	0.4015	0.0000	22.5000
19569.225	6	0	0.4015	0.0000	22.5000
19569.225	5	0	0.4015	0.0000	22.5000
19592.489	4	0	0.4015	0.0000	22.5000
19624.480	3	0	0.4016	0.0000	22.5000
19624.480	2	0	0.4016	0.0000	22.5000
19738.116	1	0	0.4017	0.0000	22.5000
19738.116	0	0	0.4017	0.0000	22.5000
19847.630	0	1	0.4017	8.8000	22.5000
19847.630	0	2	0.4017	17.6000	22.5000
19959.651	0	3	0.4017	26.4000	22.5000
19959.651	0	4	0.4017	35.2000	22.5000
20087.975	1	4	0.4017	35.2000	22.5000
20094.231	2	4	0.4017	35.2000	22.5000
20100.487	3	4	0.4017	35.2000	22.5000
20106.743	4	4	0.4017	35.2000	22.5000
20112.998	5	4	0.4017	35.2000	22.5000
20119.254	6	4	0.4017	35.2000	22.5000
20125.510	7	4	0.4017	35.2000	22.5000
20131.766	8	4	0.4017	35.2000	22.5000
20138.021	9	4	0.4017	35.2000	22.5000
20144.277	10	4	0.4018	35.2000	22.5000
20150.533	11	4	0.4018	35.2000	22.5000
20156.789	12	4	0.4018	35.2000	22.5000
20163.045	13	4	0.4018	35.2000	22.5000
20169.300	14	4	0.4019	35.2000	22.5000
20175.556	15	4	0.4019	35.2000	22.5000
20181.812	16	4	0.4019	35.2000	22.5000
20188.068	17	4	0.4020	35.2000	22.5000
20194.323	18	4	0.4020	35.2000	22.5000
20200.579	19	4	0.4020	35.2000	22.5000
20206.835	20	4	0.4021	35.2000	22.5000
20221.941	21	4	0.4022	35.2000	22.5000
20234.367	20	4	0.4023	35.2000	22.5000
20237.048	21	4	0.4023	35.2000	22.5000
20252.154	22	4	0.4024	35.2000	22.5000
20267.260	23	4	0.4025	35.2000	22.5000
20282.367	24	4	0.4026	35.2000	22.5000
20297.473	25	4	0.4028	35.2000	22.5000
20312.579	26	4	0.4029	35.2000	22.5000
20327.686	27	4	0.4030	35.2000	22.5000
20342.792	28	4	0.4032	35.2000	22.5000
20357.899	29	4	0.4033	35.2000	22.5000
20373.005	30	4	0.4035	35.2000	22.5000
20388.111	31	4	0.4036	35.2000	22.5000
20403.218	32	4	0.4038	35.2000	22.5000
20418.324	33	4	0.4040	35.2000	22.5000
20433.430	34	4	0.4042	35.2000	22.5000
20448.537	35	4	0.4043	35.2000	22.5000
20463.643	36	4	0.4045	35.2000	22.5000
20478.749	37	4	0.4047	35.2000	22.5000
20493.856	38	4	0.4049	35.2000	22.5000
20508.962	39	4	0.4051	35.2000	22.5000
20511.413	38	4	0.4051	35.2000	22.5000
20511.413	37	4	0.4051	35.2000	22.5000
20572.455	36	4	0.4059	35.2000	22.5000
20706.529	35	4	0.4076	35.2000	22.5000
20963.240	34	4	0.4108	35.2000	22.5000
20963.240	33	4	0.4108	35.2000	22.5000
20975.214	32	4	0.4109	35.2000	22.5000
21005.957	31	4	0.4112	35.2000	22.5000
21157.845	30	4	0.4129	35.2000	22.5000
21223.013	29	4	0.4136	35.2000	22.5000
21223.013	28	4	0.4136	35.2000	22.5000
21357.851	27	4	0.4149	35.2000	22.5000
21437.864	26	4	0.4156	35.2000	22.5000
21455.674	25	4	0.4158	35.2000	22.5000
21515.740	24	4	0.4163	35.2000	22.5000
21589.154	23	4	0.4169	35.2000	22.5000
21589.154	22	4	0.4169	35.2000	22.5000
21589.154	21	4	0.4169	35.2000	22.5000
21608.237	20	4	0.4171	35.2000	25.0000
21637.072	19	4	0.4173	35.2000	25.0000
21637.072	18	4	0.4173	35.2000	25.0000
21884.405	17	4	0.4188	35.2000	25.0000
21884.405	16	4	0.4188	35.2000	25.0000
21971.438	15	4	0.4193	35.2000	25.0000
22043.519	16	4	0.4197	35.2000	25.0000
22054.592	15	4	0.4198	35.2000	25.0000
22054.592	14	4	0.4198	35.2000	25.0000
22057.499	15	4	0.4198	35.2000	25.0000
22071.478	16	4	0.4199	35.2000	25.0000
22085.458	17	4	0.4199	35.2000	25.0000
22099.438	18	4	0.4200	35.2000	25.0000
22113.418	19	4	0.4201	35.2000	25.0000
22127.397	20	4	0.4202	35.2000	25.0000
22141.377	21	4	0.4203	35.2000	25.0000
22155.357	22	4	0.4204	35.2000	25.0000
22169.336	23	4	0.4205	35.2000	25.0000
22183.316	24	4	0.4206	35.2000	25.0000
22193.874	23	4	0.4207	35.2000	25.0000
22197.296	24	4	0.4207	35.2000	25.0000
22211.276	25	4	0.4208	35.2000	25.0000
22225.255	26	4	0.4210	35.2000	25.0000
22239.235	27	4	0.4211	35.2000	25.0000
22253.215	28	4	0.4212	35.2000	25.0000
22267.194	29	4	0.4214	35.2000	25.0000
22271.668	28	4	0.4214	35.2000	25.0000
22281.174	29	4	0.4215	35.2000	25.0000
22295.154	30	4	0.4216	35.2000	25.0000
22309.134	31	4	0.4218	35.2000	25.0000
22314.315	32	4	0.4218	35.2000	25.0000
22317.339	31	4	0.4219	35.2000	25.0000
22319.496	32	4	0.4219	35.2000	25.0000
22324.677	33	4	0.4220	35.2000	25.0000
22329.858	34	4	0.4220	35.2000	25.0000
22335.039	35	4	0.4221	35.2000	25.0000
22340.220	36	4	0.4221	35.2000	25.0000
22345.401	37	4	0.4222	35.2000	25.0000
22350.582	38	4	0.4223	35.2000	25.0000
22355.763	39	4	0.4224	35.2000	25.0000
22360.944	40	4	0.4224	35.2000	25.0000
22366.125	41	4	0.4225	35.2000	25.0000
22371.306	42	4	0.4226	35.2000	25.0000
22376.487	43	4	0.4226	35.2000	25.0000
22381.668	44	4	0.4227	35.2000	25.0000
22386.849	45	4	0.4228	35.2000	25.0000
22392.031	46	4	0.4229	35.2000	25.0000
22397.212	47	4	0.4230	35.2000	25.0000
22402.393	48	4	0.4231	35.2000	25.0000
22407.574	49	4	0.4231	35.2000	25.0000
22412.755	50	4	0.4232	35.2000	25.0000
22464.524	49	4	0.4241	35.2000	25.0000
22479.546	48	4	0.4244	35.2000	25.0000
22650.125	47	4	0.4273	35.2000	25.0000
22707.220	48	4	0.4282	35.2000	25.0000
22723.690	49	4	0.4285	35.2000	25.0000
22740.160	50	4	0.4287	35.2000	25.0000
22756.631	51	4	0.4290	35.2000	25.0000
22773.101	52	4	0.4293	35.2000	25.0000
22789.571	53	4	0.4296	35.2000	25.0000
22806.041	54	4	0.4299	35.2000	25.0000
22822.511	55	4	0.4302	35.2000	25.0000
22838.982	56	4	0.4306	35.2000	25.0000
22855.452	57	4	0.4309	35.2000	25.0000
22871.922	58	4	0.4312	35.2000	25.0000
22888.392	59	4	0.4315	35.2000	25.0000
22904.862	60	4	0.4319	35.2000	25.0000
22921.333	61	4	0.4322	35.2000	25.0000
22937.803	62	4	0.4326	35.2000	25.0000
22954.273	63	4	0.4329	35.2000	25.0000
22970.743	64	4	0.4333	35.2000	25.0000
22987.213	65	4	0.4337	35.2000	25.0000
23003.684	66	4	0.4340	35.2000	25.0000
23153.743	65	4	0.4375	35.2000	25.0000
23414.748	64	4	0.4434	35.2000	27.5000
23484.905	63	4	0.4450	35.2000	27.5000
23685.550	62	4	0.4494	35.2000	27.5000
23685.550	61	4	0.4494	35.2000	27.5000
23685.550	60	4	0.4494	35.2000	27.5000
23782.549	59	4	0.4515	35.2000	27.5000
23836.734	58	4	0.4526	35.2000	27.5000
23904.349	57	4	0.4539	35.2000	27.5000
23932.006	56	4	0.4545	35.2000	27.5000
24234.307	55	4	0.4604	35.2000	27.5000
24234.307	54	4	0.4604	35.2000	27.5000
24345.438	53	4	0.4625	35.2000	27.5000
24446.218	52	4	0.4644	35.2000	27.5000
24446.218	51	4	0.4644	35.2000	27.5000
24452.490	52	4	0.4645	35.2000	27.5000
24464.821	53	4	0.4647	35.2000	27.5000
24477.151	54	4	0.4649	35.2000	27.5000
24489.481	55	4	0.4652	35.2000	27.5000
24501.811	56	4	0.4654	35.2000	27.5000
24514.142	57	4	0.4657	35.2000	27.5000
24526.472	58	4	0.4659	35.2000	27.5000
24538.802	59	4	0.4662	35.2000	27.5000
24539.045	58	4	0.4662	35.2000	27.5000
24551.133	59	4	0.4664	35.2000	27.5000
24563.463	60	4	0.4667	35.2000	27.5000
24575.793	61	4	0.4669	35.2000	27.5000
24588.124	62	4	0.4672	35.2000	27.5000
24600.454	63	4	0.4674	35.2000	27.5000
24612.784	64	4	0.4677	35.2000	27.5000
24625.114	65	4	0.4680	35.2000	27.5000
24626.208	64	4	0.4680	35.2000	27.5000
24840.803	63	4	0.4728	35.2000	27.5000
24867.996	62	4	0.4734	35.2000	27.5000
24910.852	61	4	0.4743	35.2000	27.5000
25128.164	60	4	0.4790	35.2000	27.5000
25128.164	59	4	0.4790	35.2000	27.5000
25157.391	58	4	0.4796	35.2000	27.5000
25200.241	57	4	0.4804	35.2000	30.0000
25252.139	56	4	0.4815	35.2000	30.0000
25523.503	55	4	0.4868	35.2000	30.0000
25523.503	54	4	0.4868	35.2000	30.0000
25566.635	55	4	0.4876	35.2000	30.0000
25583.253	56	4	0.4879	35.2000	30.0000
25599.870	57	4	0.4883	35.2000	30.0000
25616.487	58	4	0.4886	35.2000	30.0000
25633.105	59	4	0.4889	35.2000	30.0000
25649.722	60	4	0.4893	35.2000	30.0000
25666.339	61	4	0.4896	35.2000	30.0000
25682.956	62	4	0.4900	35.2000	30.0000
25699.574	63	4	0.4903	35.2000	30.0000
25716.191	64	4	0.4907	35.2000	30.0000
25732.808	65	4	0.4911	35.2000	30.0000
25749.425	66	4	0.4914	35.2000	30.0000
25766.043	67	4	0.4918	35.2000	30.0000
25779.999	66	4	0.4922	35.2000	30.0000
25779.999	65	4	0.4922	35.2000	30.0000
25782.660	66	4	0.4922	35.2000	30.0000
25799.277	67	4	0.4926	35.2000	30.0000
25815.895	68	4	0.4930	35.2000	30.0000
25832.512	69	4	0.4934	35.2000	30.0000
25849.129	70	4	0.4938	35.2000	30.0000
25865.746	71	4	0.4942	35.2000	30.0000
25882.364	72	4	0.4946	35.2000	30.0000
25898.761	71	4	0.4950	35.2000	30.0000
25906.975	72	4	0.4952	35.2000	30.0000
25915.188	73	4	0.4954	35.2000	30.0000
26153.981	72	4	0.5015	35.2000	30.0000
26476.710	71	4	0.5096	35.2000	30.0000
26476.710	70	4	0.5096	35.2000	30.0000
26549.588	69	4	0.5114	35.2000	30.0000
26907.925	68	4	0.5201	35.2000	30.0000
26907.925	67	4	0.5201	35.2000	30.0000
26907.925	66	4	0.5201	35.2000	30.0000
26970.712	65	4	0.5215	35.2000	30.0000
26970.712	64	4	0.5215	35.2000	30.0000
27137.939	63	4	0.5253	35.2000	32.5000
27461.213	64	4	0.5324	35.2000	32.5000
27468.952	65	4	0.5325	35.2000	32.5000
27476.691	66	4	0.5327	35.2000	32.5000
27484.429	67	4	0.5329	35.2000	32.5000
27492.168	68	4	0.5331	35.2000	32.5000
27499.906	69	4	0.5333	35.2000	32.5000
27507.645	70	4	0.5335	35.2000	32.5000
27515.384	71	4	0.5336	35.2000	32.5000
27523.122	72	4	0.5338	35.2000	32.5000
27530.861	73	4	0.5340	35.2000	32.5000
27538.599	74	4	0.5342	35.2000	32.5000
27546.338	75	4	0.5344	35.2000	32.5000
27554.077	76	4	0.5346	35.2000	32.5000
27557.061	75	4	0.5347	35.2000	32.5000
27561.815	76	4	0.5348	35.2000	32.5000
27569.554	77	4	0.5350	35.2000	32.5000
27577.292	78	4	0.5352	35.2000	32.5000
27612.285	77	4	0.5362	35.2000	32.5000
27812.898	76	4	0.5416	35.2000	32.5000
27812.898	75	4	0.5416	35.2000	32.5000
27812.898	74	4	0.5416	35.2000	32.5000
27937.611	73	4	0.5448	35.2000	32.5000
27937.611	72	4	0.5448	35.2000	32.5000
28010.446	71	4	0.5467	35.2000	32.5000
28103.102	70	4	0.5490	35.2000	32.5000
28192.466	69	4	0.5511	35.2000	32.5000
28268.127	68	4	0.5530	35.2000	32.5000
28297.235	67	4	0.5537	35.2000	32.5000
28434.931	66	4	0.5569	35.2000	32.5000
28552.535	65	4	0.5596	35.2000	32.5000
28847.744	64	4	0.5663	35.2000	35.0000
28995.056	63	4	0.5696	35.2000	35.0000
29097.469	62	4	0.5719	35.2000	35.0000
29126.060	61	4	0.5725	35.2000	35.0000
29187.415	62	4	0.5738	35.2000	35.0000
29200.596	61	4	0.5741	35.2000	35.0000
29205.517	62	4	0.5742	35.2000	35.0000
29223.619	63	4	0.5746	35.2000	35.0000
29228.357	62	4	0.5747	35.2000	35.0000
29228.357	61	4	0.5747	35.2000	35.0000
29241.721	62	4	0.5750	35.2000	35.0000
29259.823	63	4	0.5753	35.2000	35.0000
29277.925	64	4	0.5757	35.2000	35.0000
29296.027	65	4	0.5762	35.2000	35.0000
29314.129	66	4	0.5766	35.2000	35.0000
29332.231	67	4	0.5770	35.2000	35.0000
29350.333	68	4	0.5774	35.2000	35.0000
29368.435	69	4	0.5778	35.2000	35.0000
29386.537	70	4	0.5783	35.2000	35.0000
29404.639	71	4	0.5787	35.2000	35.0000
29417.054	70	4	0.5790	35.2000	35.0000
29417.054	69	4	0.5790	35.2000	35.0000
29422.741	70	4	0.5792	35.2000	35.0000
29440.843	71	4	0.5796	35.2000	35.0000
29471.606	70	4	0.5804	35.2000	35.0000
29627.251	69	4	0.5842	35.2000	35.0000
29660.259	68	4	0.5850	35.2000	35.0000
29685.129	67	4	0.5856	35.2000	35.0000
29984.128	66	4	0.5926	35.2000	35.0000
29984.128	65	4	0.5926	35.2000	35.0000
29984.128	64	4	0.5926	35.2000	35.0000
30017.979	63	4	0.5933	35.2000	35.0000
30206.811	62	4	0.5975	35.2000	35.0000
30270.634	61	4	0.5989	35.2000	35.0000
30270.634	60	4	0.5989	35.2000	35.0000
30346.825	59	4	0.6005	35.2000	35.0000
30409.945	58	4	0.6018	35.2000	35.0000
30523.532	57	4	0.6041	35.2000	35.0000
30564.236	56	4	0.6049	35.2000	35.0000
30642.851	55	4	0.6064	35.2000	37.5000
30642.851	54	4	0.6064	35.2000	37.5000
30656.062	53	4	0.6067	35.2000	37.5000
30656.062	52	4	0.6067	35.2000	37.5000
30687.947	53	4	0.6072	35.2000	37.5000
30701.346	54	4	0.6075	35.2000	37.5000
30714.746	55	4	0.6077	35.2000	37.5000
30728.145	56	4	0.6080	35.2000	37.5000
30834.474	55	4	0.6101	35.2000	37.5000
30834.474	54	4	0.6101	35.2000	37.5000
30877.908	53	4	0.6109	35.2000	37.5000
30895.236	54	4	0.6112	35.2000	37.5000
30915.177	55	4	0.6116	35.2000	37.5000
30935.118	56	4	0.6120	35.2000	37.5000
30943.951	55	4	0.6122	35.2000	37.5000
30943.951	54	4	0.6122	35.2000	37.5000
30955.059	55	4	0.6124	35.2000	37.5000
30975.000	56	4	0.6127	35.2000	37.5000
30994.941	57	4	0.6131	35.2000	37.5000
31014.882	58	4	0.6135	35.2000	37.5000
31034.824	59	4	0.6139	35.2000	37.5000
31054.765	60	4	0.6144	35.2000	37.5000
31074.706	61	4	0.6148	35.2000	37.5000
31094.647	62	4	0.6152	35.2000	37.5000
31114.588	63	4	0.6156	35.2000	37.5000
31134.529	64	4	0.6161	35.2000	37.5000
31154.470	65	4	0.6165	35.2000	37.5000
31174.411	66	4	0.6170	35.2000	37.5000
31175.678	65	4	0.6170	35.2000	37.5000
31175.678	64	4	0.6170	35.2000	37.5000
31175.678	63	4	0.6170	35.2000	37.5000
31175.678	62	4	0.6170	35.2000	37.5000
31175.678	61	4	0.6170	35.2000	37.5000
31194.353	62	4	0.6174	35.2000	37.5000
31214.294	63	4	0.6178	35.2000	37.5000
31234.235	64	4	0.6183	35.2000	37.5000
31254.176	65	4	0.6187	35.2000	37.5000
31274.117	66	4	0.6192	35.2000	37.5000
31316.898	65	4	0.6202	35.2000	37.5000
31316.898	64	4	0.6202	35.2000	37.5000
31316.898	63	4	0.6202	35.2000	37.5000
31316.898	62	4	0.6202	35.2000	37.5000
31316.898	61	4	0.6202	35.2000	37.5000
31380.865	60	4	0.6215	35.2000	37.5000
31380.865	59	4	0.6215	35.2000	37.5000
31398.213	58	4	0.6219	35.2000	37.5000
31475.346	57	4	0.6234	35.2000	37.5000
31522.398	56	4	0.6244	35.2000	37.5000
31522.398	55	4	0.6244	35.2000	37.5000
31529.267	54	4	0.6245	35.2000	37.5000
31529.267	53	4	0.6245	35.2000	37.5000
31572.892	52	4	0.6253	35.2000	37.5000
31619.267	51	4	0.6262	35.2000	37.5000
31643.701	50	4	0.6266	35.2000	37.5000
31766.369	49	4	0.6287	35.2000	37.5000
31766.369	48	4	0.6287	35.2000	37.5000
31766.369	47	4	0.6287	35.2000	37.5000
31958.839	46	4	0.6319	35.2000	37.5000
31958.839	45	4	0.6319	35.2000	37.5000
32007.322	44	4	0.6327	35.2000	37.5000
32007.322	43	4	0.6327	35.2000	37.5000
32106.472	42	4	0.6342	35.2000	37.5000
32164.007	41	4	0.6350	35.2000	37.5000
32164.007	40	4	0.6350	35.2000	37.5000
32392.647	39	4	0.6382	35.2000	37.5000
32392.647	38	4	0.6382	35.2000	37.5000
32392.647	37	4	0.6382	35.2000	37.5000
32392.647	36	4	0.6382	35.2000	37.5000
32530.287	35	4	0.6399	35.2000	40.0000
32617.069	34	4	0.6410	35.2000	40.0000
32617.069	33	4	0.6410	35.2000	40.0000
32617.069	32	4	0.6410	35.2000	40.0000
32677.714	33	4	0.6417	35.2000	40.0000
32687.982	34	4	0.6418	35.2000	40.0000
32698.250	35	4	0.6419	35.2000	40.0000
32708.518	36	4	0.6420	35.2000	40.0000
32718.785	37	4	0.6422	35.2000	40.0000
32729.053	38	4	0.6423	35.2000	40.0000
32739.321	39	4	0.6424	35.2000	40.0000
32749.589	40	4	0.6426	35.2000	40.0000
32759.856	41	4	0.6427	35.2000	40.0000
32770.124	42	4	0.6429	35.2000	40.0000
32780.392	43	4	0.6430	35.2000	40.0000
32790.659	44	4	0.6432	35.2000	40.0000
32797.342	43	4	0.6433	35.2000	40.0000
32797.342	42	4	0.6433	35.2000	40.0000
32797.342	41	4	0.6433	35.2000	40.0000
32800.927	42	4	0.6433	35.2000	40.0000
32811.195	43	4	0.6435	35.2000	40.0000
32821.463	44	4	0.6436	35.2000	40.0000
32831.730	45	4	0.6438	35.2000	40.0000
32841.998	46	4	0.6439	35.2000	40.0000
32852.266	47	4	0.6441	35.2000	40.0000
32862.533	48	4	0.6443	35.2000	40.0000
32872.801	49	4	0.6444	35.2000	40.0000
32888.963	50	4	0.6447	35.2000	40.0000
32905.124	51	4	0.6450	35.2000	40.0000
32916.825	50	4	0.6452	35.2000	40.0000
32916.825	49	4	0.6452	35.2000	40.0000
32916.825	48	4	0.6452	35.2000	40.0000
32916.825	47	4	0.6452	35.2000	40.0000
32916.825	46	4	0.6452	35.2000	40.0000
32921.285	47	4	0.6453	35.2000	40.0000
32937.447	48	4	0.6456	35.2000	40.0000
32953.608	49	4	0.6458	35.2000	40.0000
32969.769	50	4	0.6461	35.2000	40.0000
32985.930	51	4	0.6464	35.2000	40.0000
32999.183	50	4	0.6466	35.2000	40.0000
32999.183	49	4	0.6466	35.2000	40.0000
33002.092	50	4	0.6467	35.2000	40.0000
33018.253	51	4	0.6470	35.2000	40.0000
33034.414	52	4	0.6472	35.2000	40.0000
33039.702	51	4	0.6473	35.2000	40.0000
33050.576	52	4	0.6475	35.2000	40.0000
33066.737	53	4	0.6478	35.2000	40.0000
33082.898	54	4	0.6481	35.2000	40.0000
33099.060	55	4	0.6484	35.2000	40.0000
33115.221	56	4	0.6487	35.2000	40.0000
33131.382	57	4	0.6491	35.2000	40.0000
33147.544	58	4	0.6494	35.2000	40.0000
33158.306	57	4	0.6496	35.2000	40.0000
33163.705	58	4	0.6497	35.2000	40.0000
33179.866	59	4	0.6500	35.2000	40.0000
33196.028	60	4	0.6504	35.2000	40.0000
33205.051	59	4	0.6506	35.2000	40.0000
33274.409	58	4	0.6520	35.2000	40.0000
33279.717	59	4	0.6521	35.2000	40.0000
33285.025	60	4	0.6522	35.2000	40.0000
33290.333	61	4	0.6523	35.2000	40.0000
33295.641	62	4	0.6524	35.2000	40.0000
33311.478	61	4	0.6528	35.2000	40.0000
33311.478	60	4	0.6528	35.2000	40.0000
33311.478	59	4	0.6528	35.2000	40.0000
33493.228	58	4	0.6565	35.2000	40.0000
33493.228	57	4	0.6565	35.2000	40.0000
33493.228	56	4	0.6565	35.2000	40.0000
33664.333	55	4	0.6599	35.2000	40.0000
33664.333	54	4	0.6599	35.2000	40.0000
33706.024	53	4	0.6607	35.2000	40.0000
33759.693	52	4	0.6616	35.2000	40.0000
33967.580	51	4	0.6654	35.2000	40.0000
33967.580	50	4	0.6654	35.2000	40.0000
34040.273	49	4	0.6667	35.2000	40.0000
34089.924	48	4	0.6675	35.2000	40.0000
34101.432	47	4	0.6677	35.2000	40.0000
34183.638	46	4	0.6691	35.2000	40.0000
34211.121	45	4	0.6695	35.2000	42.5000
34318.128	44	4	0.6712	35.2000	42.5000
34432.069	43	4	0.6730	35.2000	42.5000
34500.427	42	4	0.6740	35.2000	42.5000
34534.006	43	4	0.6745	35.2000	42.5000
34552.122	42	4	0.6748	35.2000	42.5000
34553.660	43	4	0.6748	35.2000	42.5000
34573.313	44	4	0.6751	35.2000	42.5000
34592.966	45	4	0.6754	35.2000	42.5000
34593.705	44	4	0.6754	35.2000	42.5000
34612.620	45	4	0.6757	35.2000	42.5000
34632.273	46	4	0.6760	35.2000	42.5000
34651.926	47	4	0.6763	35.2000	42.5000
34671.580	48	4	0.6766	35.2000	42.5000
34674.473	47	4	0.6767	35.2000	42.5000
34691.233	48	4	0.6770	35.2000	42.5000
34710.886	49	4	0.6773	35.2000	42.5000
34730.540	50	4	0.6776	35.2000	42.5000
34750.193	51	4	0.6780	35.2000	42.5000
34760.059	50	4	0.6781	35.2000	42.5000
34769.846	51	4	0.6783	35.2000	42.5000
34789.500	52	4	0.6787	35.2000	42.5000
34807.370	53	4	0.6790	35.2000	42.5000
34825.241	54	4	0.6793	35.2000	42.5000
34835.395	53	4	0.6795	35.2000	42.5000
34843.111	54	4	0.6797	35.2000	42.5000
34860.982	55	4	0.6800	35.2000	42.5000
34878.853	56	4	0.6803	35.2000	42.5000
34896.723	57	4	0.6807	35.2000	42.5000
34914.594	58	4	0.6810	35.2000	42.5000
34917.130	57	4	0.6811	35.2000	42.5000
34932.464	58	4	0.6814	35.2000	42.5000
34950.335	59	4	0.6818	35.2000	42.5000
34968.205	60	4	0.6821	35.2000	42.5000
34986.076	61	4	0.6825	35.2000	42.5000
34991.421	60	4	0.6826	35.2000	42.5000
35003.946	61	4	0.6829	35.2000	42.5000
35021.817	62	4	0.6833	35.2000	42.5000
35039.687	63	4	0.6836	35.2000	42.5000
35057.558	64	4	0.6840	35.2000	42.5000
35066.194	63	4	0.6842	35.2000	42.5000
35075.429	64	4	0.6844	35.2000	42.5000
35093.299	65	4	0.6848	35.2000	42.5000
35111.170	66	4	0.6852	35.2000	42.5000
35129.040	67	4	0.6857	35.2000	42.5000
35146.911	68	4	0.6861	35.2000	42.5000
35176.122	67	4	0.6868	35.2000	42.5000
35176.122	66	4	0.6868	35.2000	42.5000
35181.071	65	4	0.6869	35.2000	42.5000
35226.519	64	4	0.6879	35.2000	42.5000
35319.260	63	4	0.6900	35.2000	42.5000
35409.978	62	4	0.6920	35.2000	42.5000
35409.978	61	4	0.6920	35.2000	42.5000
35456.813	60	4	0.6930	35.2000	42.5000
35778.072	59	4	0.6997	35.2000	42.5000
35778.072	58	4	0.6997	35.2000	42.5000
35778.072	57	4	0.6997	35.2000	42.5000
35778.072	56	4	0.6997	35.2000	42.5000
35778.072	55	4	0.6997	35.2000	42.5000
35794.470	54	4	0.7000	35.2000	42.5000
35991.258	53	4	0.7038	35.2000	42.5000
36001.604	52	4	0.7039	35.2000	45.0000
36027.928	51	4	0.7044	35.2000	45.0000
36048.063	50	4	0.7048	35.2000	45.0000
36064.918	49	4	0.7051	35.2000	45.0000
36270.066	48	4	0.7086	35.2000	45.0000
36438.321	47	4	0.7114	35.2000	45.0000
36475.485	46	4	0.7120	35.2000	45.0000
36475.485	45	4	0.7120	35.2000	45.0000
36475.485	44	4	0.7120	35.2000	45.0000
36554.004	43	4	0.7132	35.2000	45.0000
36659.404	42	4	0.7148	35.2000	45.0000
36659.404	41	4	0.7148	35.2000	45.0000
36802.545	40	4	0.7169	35.2000	45.0000
36815.942	39	4	0.7171	35.2000	45.0000
36825.984	38	4	0.7172	35.2000	45.0000
36825.984	37	4	0.7172	35.2000	45.0000
36825.984	36	4	0.7172	35.2000	45.0000
36830.354	37	4	0.7172	35.2000	45.0000
36844.767	38	4	0.7174	35.2000	45.0000
36859.179	39	4	0.7176	35.2000	45.0000
36873.591	40	4	0.7178	35.2000	45.0000
36888.003	41	4	0.7180	35.2000	45.0000
36902.415	42	4	0.7182	35.2000	45.0000
36909.600	41	4	0.7183	35.2000	45.0000
36916.828	42	4	0.7184	35.2000	45.0000
36939.425	41	4	0.7188	35.2000	45.0000
36950.768	42	4	0.7189	35.2000	45.0000
36956.018	41	4	0.7190	35.2000	45.0000
36956.018	40	4	0.7190	35.2000	45.0000
36962.111	41	4	0.7191	35.2000	45.0000
36973.455	42	4	0.7193	35.2000	45.0000
36975.121	41	4	0.7193	35.2000	45.0000
36984.798	42	4	0.7194	35.2000	45.0000
36996.142	43	4	0.7196	35.2000	45.0000
37007.485	44	4	0.7198	35.2000	45.0000
37018.829	45	4	0.7199	35.2000	45.0000
37019.758	44	4	0.7199	35.2000	45.0000
37019.758	43	4	0.7199	35.2000	45.0000
37030.172	44	4	0.7201	35.2000	45.0000
37035.210	43	4	0.7202	35.2000	45.0000
37041.515	44	4	0.7203	35.2000	45.0000
37046.694	43	4	0.7204	35.2000	45.0000
37052.859	44	4	0.7204	35.2000	45.0000
37062.258	43	4	0.7206	35.2000	45.0000
37064.202	44	4	0.7206	35.2000	45.0000
37075.546	45	4	0.7208	35.2000	45.0000
37077.427	44	4	0.7208	35.2000	45.0000
37086.889	45	4	0.7210	35.2000	45.0000
37098.233	46	4	0.7211	35.2000	45.0000
37109.576	47	4	0.7213	35.2000	45.0000
37120.919	48	4	0.7215	35.2000	45.0000
37132.263	49	4	0.7217	35.2000	45.0000
37143.606	50	4	0.7219	35.2000	45.0000
37154.950	51	4	0.7221	35.2000	45.0000
37161.636	50	4	0.7222	35.2000	45.0000
37166.293	51	4	0.7223	35.2000	45.0000
37213.195	50	4	0.7231	35.2000	45.0000
37322.957	49	4	0.7251	35.2000	45.0000
37322.957	48	4	0.7251	35.2000	45.0000
37322.957	47	4	0.7251	35.2000	45.0000
37348.610	46	4	0.7255	35.2000	45.0000
37348.610	45	4	0.7255	35.2000	45.0000
37348.610	44	4	0.7255	35.2000	45.0000
37364.226	43	4	0.7257	35.2000	45.0000
37469.587	42	4	0.7273	35.2000	45.0000
37469.587	41	4	0.7273	35.2000	45.0000
37469.587	40	4	0.7273	35.2000	45.0000
37469.587	39	4	0.7273	35.2000	45.0000
37469.587	38	4	0.7273	35.2000	45.0000
37469.587	37	4	0.7273	35.2000	45.0000
37587.188	36	4	0.7288	35.2000	45.0000
37587.188	35	4	0.7288	35.2000	45.0000
37728.294	34	4	0.7305	35.2000	45.0000
37728.294	33	4	0.7305	35.2000	45.0000
37728.294	32	4	0.7305	35.2000	45.0000
37813.644	31	4	0.7315	35.2000	47.5000
37813.644	30	4	0.7315	35.2000	47.5000
37813.644	29	4	0.7315	35.2000	47.5000
37895.819	28	4	0.7323	35.2000	47.5000
37895.819	27	4	0.7323	35.2000	47.5000
37925.798	26	4	0.7326	35.2000	47.5000
38066.288	25	4	0.7339	35.2000	47.5000
38066.288	24	4	0.7339	35.2000	47.5000
38066.288	23	4	0.7339	35.2000	47.5000
38079.700	22	4	0.7340	35.2000	47.5000
38132.884	21	4	0.7344	35.2000	47.5000
38287.682	20	4	0.7355	35.2000	47.5000
38287.682	19	4	0.7355	35.2000	47.5000
38304.846	18	4	0.7357	35.2000	47.5000
38417.566	17	4	0.7364	35.2000	47.5000
38417.566	16	4	0.7364	35.2000	47.5000
38529.727	15	4	0.7370	35.2000	47.5000
38593.834	14	4	0.7373	35.2000	47.5000
38669.708	13	4	0.7377	35.2000	47.5000
38747.317	12	4	0.7381	35.2000	47.5000
38747.317	11	4	0.7381	35.2000	47.5000
38779.892	10	4	0.7382	35.2000	47.5000
38798.409	9	4	0.7382	35.2000	47.5000
38857.794	8	4	0.7384	35.2000	47.5000
38891.050	7	4	0.7385	35.2000	47.5000
38948.721	6	4	0.7387	35.2000	47.5000
38988.963	5	4	0.7388	35.2000	47.5000
38999.100	6	4	0.7388	35.2000	47.5000
39009.237	7	4	0.7388	35.2000	47.5000
39019.375	8	4	0.7388	35.2000	47.5000
39029.512	9	4	0.7388	35.2000	47.5000
39039.649	10	4	0.7389	35.2000	47.5000
39049.786	11	4	0.7389	35.2000	47.5000
39059.923	12	4	0.7390	35.2000	47.5000
39067.294	11	4	0.7390	35.2000	47.5000
39067.294	10	4	0.7390	35.2000	47.5000
39070.060	11	4	0.7390	35.2000	47.5000
39080.198	12	4	0.7390	35.2000	47.5000
39090.335	13	4	0.7391	35.2000	47.5000
39099.395	12	4	0.7391	35.2000	47.5000
39100.472	13	4	0.7391	35.2000	47.5000
39110.609	14	4	0.7392	35.2000	47.5000
39120.746	15	4	0.7392	35.2000	47.5000
39130.884	16	4	0.7393	35.2000	47.5000
39141.021	17	4	0.7393	35.2000	47.5000
39151.158	18	4	0.7394	35.2000	47.5000
39161.295	19	4	0.7395	35.2000	47.5000
39171.432	20	4	0.7395	35.2000	47.5000
39181.570	21	4	0.7396	35.2000	47.5000
39191.707	22	4	0.7397	35.2000	47.5000
39204.418	23	4	0.7398	35.2000	47.5000
39217.130	24	4	0.7399	35.2000	47.5000
39229.842	25	4	0.7400	35.2000	47.5000
39242.553	26	4	0.7401	35.2000	47.5000
39249.258	25	4	0.7401	35.2000	47.5000
39255.265	26	4	0.7402	35.2000	47.5000
39267.976	27	4	0.7403	35.2000	47.5000
39280.688	28	4	0.7404	35.2000	47.5000
39293.399	29	4	0.7406	35.2000	47.5000
39306.111	30	4	0.7407	35.2000	47.5000
39318.823	31	4	0.7408	35.2000	47.5000
39331.534	32	4	0.7410	35.2000	47.5000
39344.246	33	4	0.7411	35.2000	47.5000
39356.957	34	4	0.7412	35.2000	47.5000
39369.669	35	4	0.7414	35.2000	47.5000
39382.380	36	4	0.7415	35.2000	47.5000
39395.092	37	4	0.7417	35.2000	47.5000
39398.097	36	4	0.7417	35.2000	47.5000
39398.097	35	4	0.7417	35.2000	47.5000
39398.097	34	4	0.7417	35.2000	47.5000
39407.804	35	4	0.7419	35.2000	47.5000
39420.515	36	4	0.7420	35.2000	47.5000
39423.997	35	4	0.7421	35.2000	47.5000
39433.227	36	4	0.7422	35.2000	47.5000
39445.938	37	4	0.7423	35.2000	47.5000
39454.675	38	4	0.7424	35.2000	47.5000
39463.412	39	4	0.7426	35.2000	47.5000
39472.149	40	4	0.7427	35.2000	47.5000
39480.886	41	4	0.7428	35.2000	47.5000
39489.622	42	4	0.7429	35.2000	47.5000
39498.359	43	4	0.7431	35.2000	47.5000
39507.096	44	4	0.7432	35.2000	47.5000
39515.833	45	4	0.7433	35.2000	47.5000
39550.192	44	4	0.7439	35.2000	47.5000
39550.192	43	4	0.7439	35.2000	47.5000
39604.957	42	4	0.7447	35.2000	50.0000
39733.490	41	4	0.7466	35.2000	50.0000
39733.490	40	4	0.7466	35.2000	50.0000
39733.490	39	4	0.7466	35.2000	50.0000
40114.773	38	4	0.7518	35.2000	50.0000
40114.773	37	4	0.7518	35.2000	50.0000
40114.773	36	4	0.7518	35.2000	50.0000
40114.773	35	4	0.7518	35.2000	50.0000
40114.773	34	4	0.7518	35.2000	50.0000
40382.369	33	4	0.7550	35.2000	50.0000
40443.468	32	4	0.7557	35.2000	50.0000
40516.798	31	4	0.7565	35.2000	50.0000
40596.667	30	4	0.7573	35.2000	50.0000
40666.818	29	4	0.7581	35.2000	50.0000
40673.041	28	4	0.7581	35.2000	50.0000
40673.041	27	4	0.7581	35.2000	50.0000
40673.041	26	4	0.7581	35.2000	50.0000
40673.041	25	4	0.7581	35.2000	50.0000
40699.522	24	4	0.7584	35.2000	50.0000
40719.001	25	4	0.7585	35.2000	50.0000
40738.481	26	4	0.7587	35.2000	50.0000
40757.960	27	4	0.7589	35.2000	50.0000
40777.439	28	4	0.7591	35.2000	50.0000
40790.112	27	4	0.7592	35.2000	50.0000
40796.919	28	4	0.7593	35.2000	50.0000
40807.924	27	4	0.7594	35.2000	50.0000
40816.398	28	4	0.7594	35.2000	50.0000
40835.877	29	4	0.7596	35.2000	50.0000
40836.544	28	4	0.7596	35.2000	50.0000
40855.357	29	4	0.7598	35.2000	50.0000
40874.836	30	4	0.7600	35.2000	50.0000
40894.315	31	4	0.7602	35.2000	50.0000
40913.795	32	4	0.7604	35.2000	50.0000
40933.274	33	4	0.7607	35.2000	50.0000
40945.483	32	4	0.7608	35.2000	50.0000
40945.483	31	4	0.7608	35.2000	50.0000
40952.753	32	4	0.7609	35.2000	50.0000
40972.232	33	4	0.7611	35.2000	50.0000
40991.712	34	4	0.7613	35.2000	50.0000
41011.191	35	4	0.7615	35.2000	50.0000
41030.670	36	4	0.7618	35.2000	50.0000
41054.737	35	4	0.7621	35.2000	50.0000
41081.135	34	4	0.7624	35.2000	50.0000
41109.720	33	4	0.7628	35.2000	50.0000
41109.720	32	4	0.7628	35.2000	50.0000
41109.720	31	4	0.7628	35.2000	50.0000
41109.720	30	4	0.7628	35.2000	50.0000
41129.054	31	4	0.7630	35.2000	50.0000
41148.387	32	4	0.7632	35.2000	50.0000
41167.720	33	4	0.7634	35.2000	50.0000
41187.053	34	4	0.7636	35.2000	50.0000
41206.386	35	4	0.7638	35.2000	50.0000
41225.720	36	4	0.7641	35.2000	50.0000
41245.053	37	4	0.7643	35.2000	50.0000
41264.386	38	4	0.7646	35.2000	50.0000
41265.286	37	4	0.7646	35.2000	50.0000
41265.286	36	4	0.7646	35.2000	50.0000
41283.719	37	4	0.7648	35.2000	50.0000
41303.052	38	4	0.7651	35.2000	50.0000
41321.148	37	4	0.7653	35.2000	50.0000
41322.386	38	4	0.7653	35.2000	50.0000
41341.719	39	4	0.7656	35.2000	50.0000
41361.052	40	4	0.7658	35.2000	50.0000
41380.385	41	4	0.7661	35.2000	50.0000
41399.718	42	4	0.7664	35.2000	50.0000
41419.051	43	4	0.7667	35.2000	50.0000
41438.385	44	4	0.7670	35.2000	50.0000
41452.485	43	4	0.7672	35.2000	50.0000
41452.485	42	4	0.7672	35.2000	50.0000
41452.485	41	4	0.7672	35.2000	50.0000
41452.485	40	4	0.7672	35.2000	50.0000
41457.718	41	4	0.7672	35.2000	50.0000
41477.051	42	4	0.7675	35.2000	50.0000
41496.384	43	4	0.7678	35.2000	50.0000
41516.759	42	4	0.7681	35.2000	50.0000
41535.364	41	4	0.7684	35.2000	50.0000
41554.982	40	4	0.7687	35.2000	50.0000
41678.766	39	4	0.7704	35.2000	50.0000
41830.826	38	4	0.7725	35.2000	50.0000
41830.826	37	4	0.7725	35.2000	50.0000
41865.612	36	4	0.7729	35.2000	50.0000
41865.612	35	4	0.7729	35.2000	50.0000
41998.077	34	4	0.7745	35.2000	50.0000
41998.077	33	4	0.7745	35.2000	50.0000
42052.786	32	4	0.7752	35.2000	50.0000
42071.736	31	4	0.7754	35.2000	50.0000
42153.786	30	4	0.7763	35.2000	50.0000
42153.786	29	4	0.7763	35.2000	50.0000
42214.787	28	4	0.7769	35.2000	50.0000
42214.787	27	4	0.7769	35.2000	50.0000
42214.787	26	4	0.7769	35.2000	50.0000
42264.467	25	4	0.7773	35.2000	50.0000
42339.184	24	4	0.7780	35.2000	50.0000
42339.184	23	4	0.7780	35.2000	50.0000
42390.803	22	4	0.7784	35.2000	50.0000
42436.743	21	4	0.7788	35.2000	50.0000
42793.044	20	4	0.7814	35.2000	50.0000
42838.723	19	4	0.7817	35.2000	50.0000
42888.687	18	4	0.7820	35.2000	50.0000
42932.326	17	4	0.7823	35.2000	50.0000
42961.875	16	4	0.7825	35.2000	50.0000
42961.875	15	4	0.7825	35.2000	50.0000
43020.100	14	4	0.7828	35.2000	50.0000
43020.100	13	4	0.7828	35.2000	50.0000
43068.384	12	4	0.7830	35.2000	50.0000
43068.384	11	4	0.7830	35.2000	50.0000
43124.245	10	4	0.7832	35.2000	50.0000
43214.675	9	4	0.7835	35.2000	50.0000
43214.675	8	4	0.7835	35.2000	50.0000
43251.281	7	4	0.7836	35.2000	50.0000
43323.478	6	4	0.7838	35.2000	50.0000
43323.478	5	4	0.7838	35.2000	50.0000
43323.478	4	4	0.7838	35.2000	50.0000
