# s=65 S=70 h=0.0041 p=2.4000 c=2.5000
# time_s	level	cum_oos	holding_eur	shortage_eur	order_eur
0.000	70	0	0.0000	0.0000	0.0000
744.418	69	0	0.0049	0.0000	0.0000
771.554	68	0	0.0051	0.0000	0.0000
934.456	67	0	0.0062	0.0000	0.0000
1905.538	66	0	0.0123	0.0000	0.0000
2547.236	65	0	0.0164	0.0000	0.0000
3164.308	64	0	0.0202	0.0000	0.0000
3203.035	63	0	0.0204	0.0000	0.0000
3472.804	62	0	0.0220	0.0000	0.0000
3950.936	61	0	0.0248	0.0000	2.5000
3950.936	60	0	0.0248	0.0000	2.5000
3950.936	59	0	0.0248	0.0000	2.5000
3952.434	60	0	0.0248	0.0000	2.5000
3972.340	61	0	0.0250	0.0000	2.5000
3992.246	62	0	0.0251	0.0000	2.5000
4012.152	63	0	0.0252	0.0000	2.5000
4032.057	64	0	0.0253	0.0000	2.5000
4051.963	65	0	0.0254	0.0000	2.5000
4071.869	66	0	0.0256	0.0000	2.5000
4091.775	67	0	0.0257	0.0000	2.5000
4182.514	66	0	0.0263	0.0000	2.5000
4293.326	65	0	0.0270	0.0000	2.5000
4308.713	64	0	0.0270	0.0000	2.5000
4344.228	63	0	0.0273	0.0000	2.5000
4576.943	62	0	0.0287	0.0000	2.5000
4576.943	61	0	0.0287	0.0000	2.5000
4596.534	60	0	0.0288	0.0000	2.5000
4596.534	59	0	0.0288	0.0000	2.5000
4741.810	58	0	0.0296	0.0000	2.5000
4870.638	57	0	0.0303	0.0000	2.5000
5289.547	56	0	0.0326	0.0000	2.5000
5395.939	55	0	0.0331	0.0000	2.5000
5395.939	54	0	0.0331	0.0000	2.5000
5431.190	53	0	0.0333	0.0000	5.0000
5431.190	52	0	0.0333	0.0000	5.0000
5561.387	51	0	0.0339	0.0000	5.0000
5597.330	50	0	0.0341	0.0000	5.0000
6137.511	49	0	0.0367	0.0000	5.0000
6137.511	48	0	0.0367	0.0000	5.0000
6280.271	49	0	0.0373	0.0000	5.0000
6291.413	50	0	0.0374	0.0000	5.0000
6302.554	51	0	0.0374	0.0000	5.0000
6313.696	52	0	0.0375	0.0000	5.0000
6324.838	53	0	0.0375	0.0000	5.0000
6335.979	54	0	0.0376	0.0000	5.0000
6347.121	55	0	0.0377	0.0000	5.0000
6358.263	56	0	0.0377	0.0000	5.0000
6369.404	57	0	0.0378	0.0000	5.0000
6380.546	58	0	0.0378	0.0000	5.0000
6381.464	57	0	0.0378	0.0000	5.0000
6381.464	56	0	0.0378	0.0000	5.0000
6391.687	57	0	0.0379	0.0000	5.0000
6402.829	58	0	0.0380	0.0000	5.0000
6413.971	59	0	0.0380	0.0000	5.0000
6425.112	60	0	0.0381	0.0000	5.0000
6436.254	61	0	0.0381	0.0000	5.0000
6447.396	62	0	0.0382	0.0000	5.0000
6567.996	61	0	0.0389	0.0000	5.0000
6785.684	60	0	0.0402	0.0000	5.0000
6785.684	59	0	0.0402	0.0000	5.0000
6785.684	58	0	0.0402	0.0000	5.0000
6861.529	57	0	0.0406	0.0000	5.0000
6861.529	56	0	0.0406	0.0000	5.0000
6878.852	55	0	0.0407	0.0000	5.0000
6878.852	54	0	0.0407	0.0000	5.0000
6878.852	53	0	0.0407	0.0000	5.0000
7028.599	52	0	0.0414	0.0000	5.0000
7335.605	51	0	0.0430	0.0000	7.5000
7335.605	50	0	0.0430	0.0000	7.5000
7335.605	49	0	0.0430	0.0000	7.5000
7335.605	48	0	0.0430	0.0000	7.5000
7335.605	47	0	0.0430	0.0000	7.5000
7335.605	46	0	0.0430	0.0000	7.5000
7335.605	45	0	0.0430	0.0000	7.5000
7336.673	44	0	0.0430	0.0000	7.5000
7446.825	43	0	0.0434	0.0000	7.5000
7528.135	42	0	0.0438	0.0000	7.5000
7528.135	41	0	0.0438	0.0000	7.5000
7528.135	40	0	0.0438	0.0000	7.5000
7717.091	41	0	0.0445	0.0000	7.5000
7733.269	42	0	0.0445	0.0000	7.5000
7749.448	43	0	0.0446	0.0000	7.5000
7765.626	44	0	0.0447	0.0000	7.5000
7781.804	45	0	0.0447	0.0000	7.5000
7797.982	46	0	0.0448	0.0000	7.5000
7809.866	45	0	0.0448	0.0000	7.5000
7809.866	44	0	0.0448	0.0000	7.5000
7809.866	43	0	0.0448	0.0000	7.5000
7814.161	44	0	0.0449	0.0000	7.5000
7829.743	43	0	0.0449	0.0000	7.5000
7830.339	44	0	0.0449	0.0000	7.5000
7846.517	45	0	0.0450	0.0000	7.5000
7862.695	46	0	0.0451	0.0000	7.5000
7878.873	47	0	0.0451	0.0000	7.5000
7895.052	48	0	0.0452	0.0000	7.5000
7911.230	49	0	0.0453	0.0000	7.5000
7927.408	50	0	0.0454	0.0000	7.5000
7943.586	51	0	0.0454	0.0000	7.5000
7959.765	52	0	0.0455	0.0000	7.5000
7975.943	53	0	0.0456	0.0000	7.5000
7992.121	54	0	0.0457	0.0000	7.5000
8238.809	53	0	0.0469	0.0000	7.5000
8316.381	52	0	0.0473	0.0000	7.5000
8371.471	51	0	0.0476	0.0000	7.5000
8419.033	50	0	0.0478	0.0000	7.5000
8527.826	49	0	0.0484	0.0000	7.5000
8586.992	48	0	0.0486	0.0000	7.5000
8586.992	47	0	0.0486	0.0000	7.5000
8607.852	46	0	0.0487	0.0000	7.5000
8607.852	45	0	0.0487	0.0000	7.5000
8679.512	44	0	0.0490	0.0000	7.5000
8693.675	43	0	0.0491	0.0000	7.5000
8693.675	42	0	0.0491	0.0000	7.5000
8805.010	41	0	0.0495	0.0000	7.5000
8805.010	40	0	0.0495	0.0000	7.5000
8858.903	39	0	0.0497	0.0000	7.5000
8975.282	38	0	0.0502	0.0000	7.5000
9101.295	37	0	0.0506	0.0000	10.0000
9192.077	36	0	0.0509	0.0000	10.0000
9312.626	35	0	0.0514	0.0000	10.0000
9519.658	34	0	0.0520	0.0000	10.0000
9594.063	33	0	0.0523	0.0000	10.0000
9917.118	32	0	0.0533	0.0000	10.0000
9954.528	31	0	0.0534	0.0000	10.0000
9954.528	30	0	0.0534	0.0000	10.0000
9982.044	31	0	0.0535	0.0000	10.0000
9999.970	32	0	0.0535	0.0000	10.0000
10017.897	33	0	0.0536	0.0000	10.0000
10035.823	34	0	0.0536	0.0000	10.0000
10053.749	35	0	0.0537	0.0000	10.0000
10071.676	36	0	0.0538	0.0000	10.0000
10089.602	37	0	0.0538	0.0000	10.0000
10107.528	38	0	0.0539	0.0000	10.0000
10114.009	37	0	0.0539	0.0000	10.0000
10125.455	38	0	0.0540	0.0000	10.0000
10143.381	39	0	0.0540	0.0000	10.0000
10161.307	40	0	0.0541	0.0000	10.0000
10179.233	41	0	0.0541	0.0000	10.0000
10197.160	42	0	0.0542	0.0000	10.0000
10215.086	43	0	0.0543	0.0000	10.0000
10233.012	44	0	0.0544	0.0000	10.0000
10250.939	45	0	0.0544	0.0000	10.0000
10268.865	46	0	0.0545	0.0000	10.0000
10286.791	47	0	0.0546	0.0000	10.0000
10304.717	48	0	0.0547	0.0000	10.0000
10322.644	49	0	0.0548	0.0000	10.0000
10349.193	48	0	0.0549	0.0000	10.0000
10368.604	47	0	0.0550	0.0000	10.0000
10382.512	48	0	0.0550	0.0000	10.0000
10396.421	49	0	0.0551	0.0000	10.0000
10410.330	50	0	0.0552	0.0000	10.0000
10421.264	49	0	0.0552	0.0000	10.0000
10421.264	48	0	0.0552	0.0000	10.0000
10424.239	49	0	0.0552	0.0000	10.0000
10438.147	50	0	0.0553	0.0000	10.0000
10452.056	51	0	0.0554	0.0000	10.0000
10465.965	52	0	0.0554	0.0000	10.0000
10479.874	53	0	0.0555	0.0000	10.0000
10493.782	54	0	0.0556	0.0000	10.0000
10507.691	55	0	0.0556	0.0000	10.0000
10521.600	56	0	0.0557	0.0000	10.0000
10535.509	57	0	0.0558	0.0000	10.0000
10612.702	56	0	0.0562	0.0000	10.0000
10641.416	55	0	0.0563	0.0000	10.0000
10973.020	54	0	0.0581	0.0000	12.5000
10973.020	53	0	0.0581	0.0000	12.5000
10973.020	52	0	0.0581	0.0000	12.5000
10973.020	51	0	0.0581	0.0000	12.5000
10983.819	50	0	0.0581	0.0000	12.5000
11033.035	49	0	0.0584	0.0000	12.5000
11061.180	48	0	0.0585	0.0000	12.5000
11179.845	47	0	0.0590	0.0000	12.5000
11324.138	46	0	0.0597	0.0000	12.5000
11324.138	45	0	0.0597	0.0000	12.5000
11338.768	44	0	0.0597	0.0000	12.5000
11369.577	43	0	0.0599	0.0000	12.5000
11521.307	42	0	0.0605	0.0000	12.5000
11651.945	41	0	0.0610	0.0000	12.5000
11699.906	40	0	0.0612	0.0000	12.5000
11900.051	39	0	0.0620	0.0000	12.5000
12020.415	38	0	0.0624	0.0000	12.5000
12020.415	37	0	0.0624	0.0000	12.5000
12091.421	36	0	0.0627	0.0000	12.5000
12091.421	35	0	0.0627	0.0000	12.5000
12258.003	34	0	0.0632	0.0000	12.5000
12258.003	33	0	0.0632	0.0000	12.5000
12258.003	32	0	0.0632	0.0000	12.5000
12258.003	31	0	0.0632	0.0000	12.5000
12258.003	30	0	0.0632	0.0000	12.5000
12258.003	29	0	0.0632	0.0000	12.5000
12267.304	28	0	0.0632	0.0000	12.5000
12285.566	29	0	0.0633	0.0000	12.5000
12297.147	30	0	0.0633	0.0000	12.5000
12308.727	31	0	0.0633	0.0000	12.5000
12320.307	32	0	0.0634	0.0000	12.5000
12331.887	33	0	0.0634	0.0000	12.5000
12336.016	32	0	0.0634	0.0000	12.5000
12336.016	31	0	0.0634	0.0000	12.5000
12336.016	30	0	0.0634	0.0000	12.5000
12336.016	29	0	0.0634	0.0000	12.5000
12343.467	30	0	0.0634	0.0000	12.5000
12355.047	31	0	0.0635	0.0000	12.5000
12366.628	32	0	0.0635	0.0000	12.5000
12378.208	33	0	0.0635	0.0000	12.5000
12389.788	34	0	0.0636	0.0000	12.5000
12401.368	35	0	0.0636	0.0000	12.5000
12412.948	36	0	0.0637	0.0000	12.5000
12424.528	37	0	0.0637	0.0000	12.5000
12436.109	38	0	0.0637	0.0000	12.5000
12447.689	39	0	0.0638	0.0000	12.5000
12463.803	38	0	0.0638	0.0000	12.5000
12476.462	37	0	0.0639	0.0000	12.5000
12541.679	36	0	0.0641	0.0000	12.5000
12541.679	35	0	0.0641	0.0000	12.5000
12725.834	34	0	0.0647	0.0000	15.0000
12725.834	33	0	0.0647	0.0000	15.0000
12725.834	32	0	0.0647	0.0000	15.0000
12725.834	31	0	0.0647	0.0000	15.0000
12795.237	30	0	0.0649	0.0000	15.0000
12970.097	29	0	0.0654	0.0000	15.0000
12970.097	28	0	0.0654	0.0000	15.0000
12970.097	27	0	0.0654	0.0000	15.0000
12970.097	26	0	0.0654	0.0000	15.0000
13073.661	25	0	0.0657	0.0000	15.0000
13086.574	24	0	0.0657	0.0000	15.0000
13115.035	23	0	0.0658	0.0000	15.0000
13206.340	22	0	0.0660	0.0000	15.0000
13304.189	23	0	0.0662	0.0000	15.0000
13319.385	24	0	0.0662	0.0000	15.0000
13334.580	25	0	0.0663	0.0000	15.0000
13349.775	26	0	0.0663	0.0000	15.0000
13364.971	27	0	0.0663	0.0000	15.0000
13380.166	28	0	0.0664	0.0000	15.0000
13395.361	29	0	0.0664	0.0000	15.0000
13397.801	28	0	0.0664	0.0000	15.0000
13410.556	29	0	0.0664	0.0000	15.0000
13425.752	30	0	0.0665	0.0000	15.0000
13440.947	31	0	0.0665	0.0000	15.0000
13456.142	32	0	0.0666	0.0000	15.0000
13471.338	33	0	0.0666	0.0000	15.0000
13486.533	34	0	0.0667	0.0000	15.0000
13495.856	33	0	0.0667	0.0000	15.0000
13501.728	34	0	0.0667	0.0000	15.0000
13516.924	35	0	0.0668	0.0000	15.0000
13531.703	34	0	0.0668	0.0000	15.0000
13546.479	35	0	0.0669	0.0000	15.0000
13566.038	36	0	0.0669	0.0000	15.0000
13585.597	37	0	0.0670	0.0000	15.0000
13605.156	38	0	0.0671	0.0000	15.0000
13624.715	39	0	0.0671	0.0000	15.0000
13644.274	40	0	0.0672	0.0000	15.0000
13663.833	41	0	0.0673	0.0000	15.0000
13683.392	42	0	0.0674	0.0000	15.0000
13699.854	41	0	0.0674	0.0000	15.0000
13699.854	40	0	0.0674	0.0000	15.0000
13699.854	39	0	0.0674	0.0000	15.0000
13702.951	40	0	0.0674	0.0000	15.0000
13722.510	41	0	0.0675	0.0000	15.0000
13742.069	42	0	0.0676	0.0000	15.0000
13761.628	43	0	0.0677	0.0000	15.0000
13781.187	44	0	0.0677	0.0000	15.0000
13800.746	45	0	0.0678	0.0000	15.0000
13820.305	46	0	0.0679	0.0000	15.0000
13839.864	47	0	0.0680	0.0000	15.0000
13859.423	48	0	0.0681	0.0000	15.0000
13878.983	49	0	0.0682	0.0000	15.0000
13898.542	50	0	0.0683	0.0000	15.0000
13918.101	51	0	0.0684	0.0000	15.0000
14101.621	50	0	0.0692	0.0000	15.0000
14101.621	49	0	0.0692	0.0000	15.0000
14171.023	48	0	0.0696	0.0000	15.0000
14450.571	47	0	0.0708	0.0000	17.5000
14538.276	46	0	0.0712	0.0000	17.5000
14538.276	45	0	0.0712	0.0000	17.5000
14576.938	44	0	0.0714	0.0000	17.5000
14720.535	43	0	0.0720	0.0000	17.5000
14769.493	42	0	0.0722	0.0000	17.5000
14769.493	41	0	0.0722	0.0000	17.5000
14782.613	40	0	0.0722	0.0000	17.5000
15046.516	39	0	0.0732	0.0000	17.5000
15046.516	38	0	0.0732	0.0000	17.5000
15061.003	37	0	0.0733	0.0000	17.5000
15126.608	36	0	0.0735	0.0000	17.5000
15213.053	35	0	0.0738	0.0000	17.5000
15279.974	34	0	0.0740	0.0000	17.5000
15279.974	33	0	0.0740	0.0000	17.5000
15323.858	32	0	0.0742	0.0000	17.5000
15323.858	31	0	0.0742	0.0000	17.5000
15339.037	30	0	0.0742	0.0000	17.5000
15401.595	29	0	0.0744	0.0000	17.5000
15597.673	30	0	0.0749	0.0000	17.5000
15614.087	31	0	0.0750	0.0000	17.5000
15625.609	32	0	0.0750	0.0000	17.5000
15637.132	33	0	0.0751	0.0000	17.5000
15648.654	34	0	0.0751	0.0000	17.5000
15660.176	35	0	0.0751	0.0000	17.5000
15671.698	36	0	0.0752	0.0000	17.5000
15683.220	37	0	0.0752	0.0000	17.5000
15688.341	36	0	0.0752	0.0000	17.5000
15688.341	35	0	0.0752	0.0000	17.5000
15688.341	34	0	0.0752	0.0000	17.5000
15688.341	33	0	0.0752	0.0000	17.5000
15688.341	32	0	0.0752	0.0000	17.5000
15688.341	31	0	0.0752	0.0000	17.5000
15688.341	30	0	0.0752	0.0000	17.5000
15694.742	31	0	0.0753	0.0000	17.5000
15706.264	32	0	0.0753	0.0000	17.5000
15717.786	33	0	0.0753	0.0000	17.5000
15729.308	34	0	0.0754	0.0000	17.5000
15740.830	35	0	0.0754	0.0000	17.5000
15752.352	36	0	0.0754	0.0000	17.5000
15763.874	37	0	0.0755	0.0000	17.5000
15775.396	38	0	0.0755	0.0000	17.5000
15781.533	37	0	0.0755	0.0000	17.5000
15781.533	36	0	0.0755	0.0000	17.5000
15781.533	35	0	0.0755	0.0000	17.5000
15781.533	34	0	0.0755	0.0000	17.5000
15786.919	35	0	0.0755	0.0000	17.5000
15798.441	36	0	0.0756	0.0000	17.5000
15809.963	37	0	0.0756	0.0000	17.5000
15821.485	38	0	0.0757	0.0000	17.5000
15831.000	37	0	0.0757	0.0000	17.5000
15833.007	38	0	0.0757	0.0000	17.5000
15844.529	39	0	0.0758	0.0000	17.5000
15862.317	38	0	0.0758	0.0000	17.5000
15934.871	37	0	0.0761	0.0000	17.5000
15948.218	36	0	0.0761	0.0000	17.5000
16013.247	35	0	0.0763	0.0000	17.5000
16013.247	34	0	0.0763	0.0000	17.5000
16013.247	33	0	0.0763	0.0000	17.5000
16035.411	32	0	0.0764	0.0000	17.5000
16115.589	31	0	0.0767	0.0000	17.5000
16172.688	30	0	0.0768	0.0000	17.5000
16471.528	29	0	0.0777	0.0000	20.0000
16471.528	28	0	0.0777	0.0000	20.0000
16471.528	27	0	0.0777	0.0000	20.0000
16697.484	26	0	0.0783	0.0000	20.0000
16697.484	25	0	0.0783	0.0000	20.0000
16697.484	24	0	0.0783	0.0000	20.0000
16887.551	23	0	0.0787	0.0000	20.0000
16931.692	22	0	0.0788	0.0000	20.0000
16931.692	21	0	0.0788	0.0000	20.0000
17006.752	22	0	0.0789	0.0000	20.0000
17011.475	21	0	0.0789	0.0000	20.0000
17011.475	20	0	0.0789	0.0000	20.0000
17015.759	21	0	0.0790	0.0000	20.0000
17024.767	22	0	0.0790	0.0000	20.0000
17033.774	23	0	0.0790	0.0000	20.0000
17042.781	24	0	0.0790	0.0000	20.0000
17051.789	25	0	0.0790	0.0000	20.0000
17060.796	26	0	0.0791	0.0000	20.0000
17069.804	27	0	0.0791	0.0000	20.0000
17078.811	28	0	0.0791	0.0000	20.0000
17087.818	29	0	0.0791	0.0000	20.0000
17089.704	28	0	0.0791	0.0000	20.0000
17096.826	29	0	0.0791	0.0000	20.0000
17102.706	28	0	0.0792	0.0000	20.0000
17105.833	29	0	0.0792	0.0000	20.0000
17114.841	30	0	0.0792	0.0000	20.0000
17123.848	31	0	0.0792	0.0000	20.0000
17132.855	32	0	0.0792	0.0000	20.0000
17141.863	33	0	0.0793	0.0000	20.0000
17150.870	34	0	0.0793	0.0000	20.0000
17159.878	35	0	0.0793	0.0000	20.0000
17168.885	36	0	0.0794	0.0000	20.0000
17177.892	37	0	0.0794	0.0000	20.0000
17220.388	36	0	0.0795	0.0000	20.0000
17220.388	35	0	0.0795	0.0000	20.0000
17303.827	36	0	0.0798	0.0000	20.0000
17323.400	37	0	0.0799	0.0000	20.0000
17330.498	36	0	0.0799	0.0000	20.0000
17330.498	35	0	0.0799	0.0000	20.0000
17330.498	34	0	0.0799	0.0000	20.0000
17342.973	35	0	0.0800	0.0000	20.0000
17362.547	36	0	0.0800	0.0000	20.0000
17365.503	35	0	0.0800	0.0000	20.0000
17382.120	36	0	0.0801	0.0000	20.0000
17401.693	37	0	0.0801	0.0000	20.0000
17421.266	38	0	0.0802	0.0000	20.0000
17440.839	39	0	0.0803	0.0000	20.0000
17460.413	40	0	0.0804	0.0000	20.0000
17479.986	41	0	0.0804	0.0000	20.0000
17499.559	42	0	0.0805	0.0000	20.0000
17507.362	41	0	0.0805	0.0000	20.0000
17519.132	42	0	0.0806	0.0000	20.0000
17538.705	43	0	0.0807	0.0000	20.0000
17549.430	42	0	0.0807	0.0000	20.0000
17558.279	43	0	0.0807	0.0000	20.0000
17577.852	44	0	0.0808	0.0000	20.0000
17597.425	45	0	0.0809	0.0000	20.0000
17616.998	46	0	0.0810	0.0000	20.0000
17636.571	47	0	0.0811	0.0000	20.0000
17656.145	48	0	0.0812	0.0000	20.0000
17675.718	49	0	0.0813	0.0000	20.0000
17696.476	48	0	0.0813	0.0000	20.0000
17741.375	47	0	0.0816	0.0000	20.0000
17759.306	46	0	0.0816	0.0000	20.0000
17759.306	45	0	0.0816	0.0000	20.0000
17761.782	44	0	0.0816	0.0000	20.0000
17883.754	43	0	0.0822	0.0000	20.0000
17925.873	42	0	0.0823	0.0000	20.0000
17925.873	41	0	0.0823	0.0000	20.0000
17969.319	40	0	0.0825	0.0000	20.0000
17974.851	39	0	0.0825	0.0000	20.0000
18105.134	38	0	0.0830	0.0000	22.5000
18105.134	37	0	0.0830	0.0000	22.5000
18182.529	36	0	0.0833	0.0000	22.5000
18182.529	35	0	0.0833	0.0000	22.5000
18195.401	34	0	0.0833	0.0000	22.5000
18290.260	33	0	0.0836	0.0000	22.5000
18626.274	32	0	0.0847	0.0000	22.5000
18626.274	31	0	0.0847	0.0000	22.5000
18626.274	30	0	0.0847	0.0000	22.5000
18626.274	29	0	0.0847	0.0000	22.5000
18626.274	28	0	0.0847	0.0000	22.5000
18807.074	27	0	0.0852	0.0000	22.5000
18807.074	26	0	0.0852	0.0000	22.5000
18807.074	25	0	0.0852	0.0000	22.5000
18898.979	24	0	0.0854	0.0000	22.5000
19024.192	23	0	0.0857	0.0000	22.5000
19303.196	22	0	0.0863	0.0000	22.5000
19303.196	21	0	0.0863	0.0000	22.5000
19569.225	20	0	0.0868	0.0000	22.5000
19569.225	19	0	0.0868	0.0000	22.5000
20049.812	18	0	0.0877	0.0000	22.5000
20049.812	17	0	0.0877	0.0000	22.5000
20234.367	16	0	0.0880	0.0000	22.5000
20511.413	15	0	0.0884	0.0000	22.5000
20572.455	14	0	0.0885	0.0000	22.5000
20572.455	13	0	0.0885	0.0000	22.5000
20590.574	14	0	0.0885	0.0000	22.5000
20608.693	15	0	0.0885	0.0000	22.5000
20626.813	16	0	0.0885	0.0000	22.5000
20644.932	17	0	0.0886	0.0000	22.5000
20663.051	18	0	0.0886	0.0000	22.5000
20672.249	17	0	0.0886	0.0000	22.5000
20681.170	18	0	0.0886	0.0000	22.5000
20699.289	19	0	0.0887	0.0000	22.5000
20717.408	20	0	0.0887	0.0000	22.5000
20735.528	21	0	0.0887	0.0000	22.5000
20753.647	22	0	0.0888	0.0000	22.5000
20771.766	23	0	0.0888	0.0000	22.5000
20789.885	24	0	0.0888	0.0000	22.5000
20808.004	25	0	0.0889	0.0000	22.5000
20826.123	26	0	0.0889	0.0000	22.5000
20844.243	27	0	0.0890	0.0000	22.5000
20862.362	28	0	0.0890	0.0000	22.5000
20880.481	29	0	0.0891	0.0000	22.5000
20898.600	30	0	0.0891	0.0000	22.5000
20916.719	31	0	0.0892	0.0000	22.5000
20934.838	32	0	0.0892	0.0000	22.5000
20963.240	31	0	0.0893	0.0000	22.5000
20990.182	32	0	0.0894	0.0000	22.5000
21005.150	33	0	0.0894	0.0000	22.5000
21005.957	32	0	0.0894	0.0000	22.5000
21005.957	31	0	0.0894	0.0000	22.5000
21020.119	32	0	0.0895	0.0000	22.5000
21035.087	33	0	0.0895	0.0000	22.5000
21050.055	34	0	0.0896	0.0000	22.5000
21050.475	33	0	0.0896	0.0000	22.5000
21050.475	32	0	0.0896	0.0000	22.5000
21065.023	33	0	0.0896	0.0000	22.5000
21079.992	34	0	0.0897	0.0000	22.5000
21081.970	33	0	0.0897	0.0000	22.5000
21094.960	34	0	0.0897	0.0000	22.5000
21109.928	35	0	0.0897	0.0000	22.5000
21124.896	36	0	0.0898	0.0000	22.5000
21139.865	37	0	0.0899	0.0000	22.5000
21240.294	36	0	0.0902	0.0000	22.5000
21357.851	35	0	0.0906	0.0000	22.5000
21357.851	34	0	0.0906	0.0000	22.5000
21357.851	33	0	0.0906	0.0000	22.5000
21437.864	32	0	0.0909	0.0000	22.5000
21515.740	31	0	0.0911	0.0000	22.5000
21589.154	30	0	0.0913	0.0000	22.5000
21884.405	29	0	0.0921	0.0000	25.0000
21953.241	28	0	0.0923	0.0000	25.0000
22271.668	27	0	0.0932	0.0000	25.0000
22305.727	26	0	0.0933	0.0000	25.0000
22460.027	25	0	0.0937	0.0000	25.0000
22460.027	24	0	0.0937	0.0000	25.0000
23096.890	25	0	0.0951	0.0000	25.0000
23110.386	26	0	0.0951	0.0000	25.0000
23123.882	27	0	0.0952	0.0000	25.0000
23137.377	28	0	0.0952	0.0000	25.0000
23150.873	29	0	0.0952	0.0000	25.0000
23164.368	30	0	0.0953	0.0000	25.0000
23177.864	31	0	0.0953	0.0000	25.0000
23191.360	32	0	0.0954	0.0000	25.0000
23204.855	33	0	0.0954	0.0000	25.0000
23218.351	34	0	0.0954	0.0000	25.0000
23231.846	35	0	0.0955	0.0000	25.0000
23245.342	36	0	0.0955	0.0000	25.0000
23258.838	37	0	0.0956	0.0000	25.0000
23272.333	38	0	0.0956	0.0000	25.0000
23285.829	39	0	0.0957	0.0000	25.0000
23299.324	40	0	0.0957	0.0000	25.0000
23312.820	41	0	0.0958	0.0000	25.0000
23326.316	42	0	0.0958	0.0000	25.0000
23339.811	43	0	0.0959	0.0000	25.0000
23353.307	44	0	0.0959	0.0000	25.0000
23377.847	43	0	0.0960	0.0000	25.0000
23484.905	42	0	0.0965	0.0000	25.0000
23496.078	43	0	0.0965	0.0000	25.0000
23507.252	44	0	0.0966	0.0000	25.0000
23518.425	45	0	0.0966	0.0000	25.0000
23529.598	46	0	0.0967	0.0000	25.0000
23540.772	47	0	0.0967	0.0000	25.0000
23551.945	48	0	0.0968	0.0000	25.0000
23563.119	49	0	0.0968	0.0000	25.0000
23574.292	50	0	0.0969	0.0000	25.0000
23585.465	51	0	0.0969	0.0000	25.0000
23596.639	52	0	0.0970	0.0000	25.0000
23607.812	53	0	0.0970	0.0000	25.0000
23618.985	54	0	0.0971	0.0000	25.0000
23630.159	55	0	0.0971	0.0000	25.0000
23641.332	56	0	0.0972	0.0000	25.0000
23652.505	57	0	0.0972	0.0000	25.0000
23663.679	58	0	0.0973	0.0000	25.0000
23674.852	59	0	0.0974	0.0000	25.0000
23685.550	58	0	0.0974	0.0000	25.0000
23686.026	59	0	0.0974	0.0000	25.0000
23697.199	60	0	0.0975	0.0000	25.0000
23708.372	61	0	0.0976	0.0000	25.0000
23782.549	60	0	0.0980	0.0000	25.0000
23795.844	59	0	0.0981	0.0000	25.0000
23995.182	58	0	0.0992	0.0000	25.0000
24008.744	57	0	0.0993	0.0000	25.0000
24071.001	56	0	0.0996	0.0000	25.0000
24234.307	55	0	0.1005	0.0000	25.0000
24234.307	54	0	0.1005	0.0000	25.0000
24234.307	53	0	0.1005	0.0000	25.0000
24234.307	52	0	0.1005	0.0000	25.0000
24250.638	51	0	0.1005	0.0000	25.0000
24345.438	50	0	0.1010	0.0000	25.0000
24539.045	49	0	0.1019	0.0000	25.0000
24626.208	48	0	0.1023	0.0000	25.0000
24644.034	47	0	0.1024	0.0000	25.0000
24840.803	46	0	0.1033	0.0000	25.0000
24840.803	45	0	0.1033	0.0000	25.0000
24854.362	44	0	0.1033	0.0000	25.0000
25128.164	43	0	0.1045	0.0000	25.0000
25128.164	42	0	0.1045	0.0000	25.0000
25128.164	41	0	0.1045	0.0000	25.0000
25128.164	40	0	0.1045	0.0000	25.0000
25128.164	39	0	0.1045	0.0000	25.0000
25128.164	38	0	0.1045	0.0000	25.0000
25523.503	37	0	0.1059	0.0000	27.5000
25779.999	36	0	0.1068	0.0000	27.5000
25898.761	35	0	0.1072	0.0000	27.5000
25927.334	36	0	0.1073	0.0000	27.5000
25937.935	37	0	0.1073	0.0000	27.5000
25948.536	38	0	0.1074	0.0000	27.5000
25959.137	39	0	0.1074	0.0000	27.5000
25969.738	40	0	0.1075	0.0000	27.5000
25980.339	41	0	0.1075	0.0000	27.5000
25990.941	42	0	0.1075	0.0000	27.5000
26001.542	43	0	0.1076	0.0000	27.5000
26012.143	44	0	0.1076	0.0000	27.5000
26022.744	45	0	0.1077	0.0000	27.5000
26033.345	46	0	0.1077	0.0000	27.5000
26043.946	47	0	0.1078	0.0000	27.5000
26054.547	48	0	0.1078	0.0000	27.5000
26065.149	49	0	0.1079	0.0000	27.5000
26075.750	50	0	0.1079	0.0000	27.5000
26086.351	51	0	0.1080	0.0000	27.5000
26096.952	52	0	0.1080	0.0000	27.5000
26107.553	53	0	0.1081	0.0000	27.5000
26118.154	54	0	0.1081	0.0000	27.5000
26128.756	55	0	0.1082	0.0000	27.5000
26167.441	54	0	0.1084	0.0000	27.5000
26263.802	53	0	0.1089	0.0000	27.5000
26263.802	52	0	0.1089	0.0000	27.5000
26263.802	51	0	0.1089	0.0000	27.5000
26263.802	50	0	0.1089	0.0000	27.5000
26299.060	51	0	0.1090	0.0000	27.5000
26312.106	52	0	0.1091	0.0000	27.5000
26325.153	53	0	0.1092	0.0000	27.5000
26338.199	54	0	0.1092	0.0000	27.5000
26351.246	55	0	0.1093	0.0000	27.5000
26364.292	56	0	0.1094	0.0000	27.5000
26377.339	57	0	0.1094	0.0000	27.5000
26390.386	58	0	0.1095	0.0000	27.5000
26403.432	59	0	0.1096	0.0000	27.5000
26416.479	60	0	0.1096	0.0000	27.5000
26429.525	61	0	0.1097	0.0000	27.5000
26442.572	62	0	0.1098	0.0000	27.5000
26549.588	61	0	0.1104	0.0000	27.5000
26549.588	60	0	0.1104	0.0000	27.5000
26549.588	59	0	0.1104	0.0000	27.5000
26560.134	58	0	0.1105	0.0000	27.5000
26598.048	57	0	0.1107	0.0000	27.5000
26686.195	56	0	0.1112	0.0000	27.5000
26804.925	55	0	0.1118	0.0000	27.5000
26907.925	54	0	0.1123	0.0000	27.5000
26970.712	53	0	0.1127	0.0000	27.5000
27612.285	52	0	0.1159	0.0000	30.0000
27612.285	51	0	0.1159	0.0000	30.0000
27714.940	52	0	0.1164	0.0000	30.0000
27733.807	53	0	0.1165	0.0000	30.0000
27752.673	54	0	0.1166	0.0000	30.0000
27771.540	55	0	0.1167	0.0000	30.0000
27790.407	56	0	0.1168	0.0000	30.0000
27809.273	57	0	0.1169	0.0000	30.0000
27828.140	58	0	0.1170	0.0000	30.0000
27847.007	59	0	0.1171	0.0000	30.0000
27865.873	60	0	0.1172	0.0000	30.0000
27874.788	59	0	0.1172	0.0000	30.0000
27874.788	58	0	0.1172	0.0000	30.0000
27874.788	57	0	0.1172	0.0000	30.0000
27874.788	56	0	0.1172	0.0000	30.0000
27884.740	57	0	0.1173	0.0000	30.0000
27903.607	58	0	0.1174	0.0000	30.0000
27922.473	59	0	0.1175	0.0000	30.0000
27941.340	60	0	0.1176	0.0000	30.0000
27960.206	61	0	0.1177	0.0000	30.0000
27979.073	62	0	0.1178	0.0000	30.0000
27997.940	63	0	0.1179	0.0000	30.0000
28016.806	64	0	0.1180	0.0000	30.0000
28051.471	63	0	0.1182	0.0000	30.0000
28192.466	62	0	0.1191	0.0000	30.0000
28268.127	61	0	0.1195	0.0000	30.0000
28268.127	60	0	0.1195	0.0000	30.0000
28268.127	59	0	0.1195	0.0000	30.0000
28552.535	58	0	0.1211	0.0000	30.0000
28687.681	57	0	0.1219	0.0000	30.0000
28984.890	58	0	0.1235	0.0000	32.5000
28995.056	57	0	0.1235	0.0000	32.5000
29000.259	58	0	0.1236	0.0000	32.5000
29015.627	59	0	0.1236	0.0000	32.5000
29030.996	60	0	0.1237	0.0000	32.5000
29046.364	61	0	0.1238	0.0000	32.5000
29061.733	62	0	0.1239	0.0000	32.5000
29077.101	63	0	0.1240	0.0000	32.5000
29092.470	64	0	0.1241	0.0000	32.5000
29097.469	63	0	0.1241	0.0000	32.5000
29097.469	62	0	0.1241	0.0000	32.5000
29107.839	63	0	0.1242	0.0000	32.5000
29123.207	64	0	0.1243	0.0000	32.5000
29138.576	65	0	0.1244	0.0000	32.5000
29153.944	66	0	0.1245	0.0000	32.5000
29169.313	67	0	0.1246	0.0000	32.5000
29303.135	66	0	0.1254	0.0000	32.5000
29338.732	65	0	0.1256	0.0000	32.5000
29417.054	64	0	0.1261	0.0000	32.5000
29433.202	63	0	0.1262	0.0000	32.5000
29627.251	62	0	0.1274	0.0000	32.5000
29627.251	61	0	0.1274	0.0000	32.5000
29627.251	60	0	0.1274	0.0000	32.5000
29627.251	59	0	0.1274	0.0000	32.5000
29627.251	58	0	0.1274	0.0000	32.5000
29679.309	57	0	0.1277	0.0000	32.5000
29686.719	56	0	0.1277	0.0000	32.5000
29696.820	55	0	0.1278	0.0000	32.5000
29984.128	54	0	0.1293	0.0000	32.5000
30065.335	53	0	0.1297	0.0000	32.5000
30112.410	52	0	0.1299	0.0000	32.5000
30206.811	51	0	0.1304	0.0000	32.5000
30206.811	50	0	0.1304	0.0000	32.5000
30270.634	49	0	0.1307	0.0000	32.5000
30270.634	48	0	0.1307	0.0000	32.5000
30409.945	47	0	0.1313	0.0000	32.5000
30409.945	46	0	0.1313	0.0000	32.5000
30409.945	45	0	0.1313	0.0000	32.5000
30409.945	44	0	0.1313	0.0000	32.5000
30409.945	43	0	0.1313	0.0000	32.5000
30409.945	42	0	0.1313	0.0000	32.5000
30409.945	41	0	0.1313	0.0000	32.5000
30642.851	40	0	0.1322	0.0000	35.0000
30642.851	39	0	0.1322	0.0000	35.0000
30672.647	38	0	0.1323	0.0000	35.0000
30700.017	37	0	0.1324	0.0000	35.0000
30834.474	36	0	0.1329	0.0000	35.0000
30834.474	35	0	0.1329	0.0000	35.0000
30877.908	34	0	0.1330	0.0000	35.0000
30943.951	33	0	0.1333	0.0000	35.0000
31175.678	32	0	0.1340	0.0000	35.0000
31175.678	31	0	0.1340	0.0000	35.0000
31285.388	32	0	0.1343	0.0000	35.0000
31296.658	33	0	0.1343	0.0000	35.0000
31307.928	34	0	0.1344	0.0000	35.0000
31316.898	33	0	0.1344	0.0000	35.0000
31316.898	32	0	0.1344	0.0000	35.0000
31319.199	33	0	0.1344	0.0000	35.0000
31330.469	34	0	0.1344	0.0000	35.0000
31341.740	35	0	0.1345	0.0000	35.0000
31353.010	36	0	0.1345	0.0000	35.0000
31354.045	35	0	0.1345	0.0000	35.0000
31364.281	36	0	0.1346	0.0000	35.0000
31375.551	37	0	0.1346	0.0000	35.0000
31386.821	38	0	0.1346	0.0000	35.0000
31398.092	39	0	0.1347	0.0000	35.0000
31409.362	40	0	0.1347	0.0000	35.0000
31420.633	41	0	0.1348	0.0000	35.0000
31431.903	42	0	0.1348	0.0000	35.0000
31443.173	43	0	0.1349	0.0000	35.0000
31454.444	44	0	0.1349	0.0000	35.0000
31465.714	45	0	0.1349	0.0000	35.0000
31475.346	44	0	0.1350	0.0000	35.0000
31476.985	45	0	0.1350	0.0000	35.0000
31488.255	46	0	0.1350	0.0000	35.0000
31499.526	47	0	0.1351	0.0000	35.0000
31544.145	48	0	0.1353	0.0000	35.0000
31559.022	49	0	0.1354	0.0000	35.0000
31572.892	48	0	0.1354	0.0000	35.0000
31573.899	49	0	0.1354	0.0000	35.0000
31588.776	50	0	0.1355	0.0000	35.0000
31603.654	51	0	0.1356	0.0000	35.0000
31618.531	52	0	0.1356	0.0000	35.0000
31633.408	53	0	0.1357	0.0000	35.0000
31648.286	54	0	0.1358	0.0000	35.0000
31663.163	55	0	0.1359	0.0000	35.0000
31958.839	54	0	0.1374	0.0000	35.0000
31958.839	53	0	0.1374	0.0000	35.0000
31958.839	52	0	0.1374	0.0000	35.0000
31958.839	51	0	0.1374	0.0000	35.0000
31958.839	50	0	0.1374	0.0000	35.0000
32007.322	49	0	0.1376	0.0000	35.0000
32020.949	48	0	0.1377	0.0000	35.0000
32392.647	47	0	0.1394	0.0000	35.0000
32392.647	46	0	0.1394	0.0000	35.0000
32530.287	45	0	0.1400	0.0000	37.5000
32530.287	44	0	0.1400	0.0000	37.5000
32617.069	43	0	0.1404	0.0000	37.5000
32617.069	42	0	0.1404	0.0000	37.5000
32797.342	41	0	0.1411	0.0000	37.5000
32797.342	40	0	0.1411	0.0000	37.5000
32797.342	39	0	0.1411	0.0000	37.5000
32797.342	38	0	0.1411	0.0000	37.5000
32824.723	37	0	0.1412	0.0000	37.5000
33039.702	36	0	0.1419	0.0000	37.5000
33092.505	35	0	0.1421	0.0000	37.5000
33158.306	34	0	0.1423	0.0000	37.5000
33274.409	33	0	0.1427	0.0000	37.5000
33310.902	34	0	0.1428	0.0000	37.5000
33311.478	33	0	0.1428	0.0000	37.5000
33322.188	32	0	0.1429	0.0000	37.5000
33326.163	33	0	0.1429	0.0000	37.5000
33341.424	34	0	0.1429	0.0000	37.5000
33356.685	35	0	0.1430	0.0000	37.5000
33372.814	36	0	0.1430	0.0000	37.5000
33388.943	37	0	0.1431	0.0000	37.5000
33405.073	38	0	0.1431	0.0000	37.5000
33421.202	39	0	0.1432	0.0000	37.5000
33437.331	40	0	0.1432	0.0000	37.5000
33453.461	41	0	0.1433	0.0000	37.5000
33469.590	42	0	0.1434	0.0000	37.5000
33485.719	43	0	0.1434	0.0000	37.5000
33493.228	42	0	0.1435	0.0000	37.5000
33493.228	41	0	0.1435	0.0000	37.5000
33493.228	40	0	0.1435	0.0000	37.5000
33501.848	41	0	0.1435	0.0000	37.5000
33517.978	42	0	0.1436	0.0000	37.5000
33519.938	41	0	0.1436	0.0000	37.5000
33534.107	42	0	0.1436	0.0000	37.5000
33550.236	43	0	0.1437	0.0000	37.5000
33566.366	44	0	0.1438	0.0000	37.5000
33582.495	45	0	0.1438	0.0000	37.5000
33598.624	46	0	0.1439	0.0000	37.5000
33614.753	47	0	0.1440	0.0000	37.5000
33630.883	48	0	0.1440	0.0000	37.5000
33647.012	49	0	0.1441	0.0000	37.5000
33663.141	50	0	0.1442	0.0000	37.5000
33664.333	49	0	0.1442	0.0000	37.5000
33679.271	50	0	0.1443	0.0000	37.5000
33759.693	49	0	0.1446	0.0000	37.5000
33759.693	48	0	0.1446	0.0000	37.5000
33800.626	47	0	0.1448	0.0000	37.5000
33800.626	46	0	0.1448	0.0000	37.5000
33897.850	45	0	0.1452	0.0000	37.5000
33897.850	44	0	0.1452	0.0000	37.5000
33967.580	43	0	0.1455	0.0000	37.5000
33967.580	42	0	0.1455	0.0000	37.5000
33967.580	41	0	0.1455	0.0000	37.5000
34009.553	40	0	0.1457	0.0000	37.5000
34089.924	39	0	0.1460	0.0000	37.5000
34089.924	38	0	0.1460	0.0000	37.5000
34164.451	37	0	0.1463	0.0000	37.5000
34270.084	36	0	0.1466	0.0000	40.0000
34432.069	35	0	0.1472	0.0000	40.0000
34432.069	34	0	0.1472	0.0000	40.0000
34456.804	33	0	0.1473	0.0000	40.0000
34593.705	32	0	0.1477	0.0000	40.0000
34835.395	31	0	0.1484	0.0000	40.0000
34853.797	30	0	0.1485	0.0000	40.0000
34900.332	29	0	0.1486	0.0000	40.0000
34962.173	28	0	0.1488	0.0000	40.0000
34962.173	27	0	0.1488	0.0000	40.0000
35052.760	26	0	0.1490	0.0000	40.0000
35095.780	25	0	0.1491	0.0000	40.0000
35192.188	24	0	0.1494	0.0000	40.0000
35214.805	25	0	0.1494	0.0000	40.0000
35226.801	26	0	0.1494	0.0000	40.0000
35238.798	27	0	0.1495	0.0000	40.0000
35250.794	28	0	0.1495	0.0000	40.0000
35262.791	29	0	0.1495	0.0000	40.0000
35274.788	30	0	0.1496	0.0000	40.0000
35286.784	31	0	0.1496	0.0000	40.0000
35298.781	32	0	0.1496	0.0000	40.0000
35310.777	33	0	0.1497	0.0000	40.0000
35322.774	34	0	0.1497	0.0000	40.0000
35334.770	35	0	0.1498	0.0000	40.0000
35346.767	36	0	0.1498	0.0000	40.0000
35356.103	35	0	0.1498	0.0000	40.0000
35358.763	36	0	0.1498	0.0000	40.0000
35409.978	35	0	0.1500	0.0000	40.0000
35409.978	34	0	0.1500	0.0000	40.0000
35427.307	35	0	0.1501	0.0000	40.0000
35444.636	36	0	0.1501	0.0000	40.0000
35456.813	35	0	0.1502	0.0000	40.0000
35461.965	36	0	0.1502	0.0000	40.0000
35479.295	37	0	0.1502	0.0000	40.0000
35496.624	38	0	0.1503	0.0000	40.0000
35513.953	39	0	0.1504	0.0000	40.0000
35531.283	40	0	0.1504	0.0000	40.0000
35548.612	41	0	0.1505	0.0000	40.0000
35565.941	42	0	0.1506	0.0000	40.0000
35583.270	43	0	0.1506	0.0000	40.0000
35600.600	44	0	0.1507	0.0000	40.0000
35617.929	45	0	0.1508	0.0000	40.0000
35635.258	46	0	0.1508	0.0000	40.0000
35652.588	47	0	0.1509	0.0000	40.0000
35669.917	48	0	0.1510	0.0000	40.0000
35687.246	49	0	0.1511	0.0000	40.0000
35704.575	50	0	0.1512	0.0000	40.0000
35721.905	51	0	0.1512	0.0000	40.0000
35739.234	52	0	0.1513	0.0000	40.0000
35756.563	53	0	0.1514	0.0000	40.0000
35778.072	52	0	0.1515	0.0000	40.0000
35778.072	51	0	0.1515	0.0000	40.0000
35778.072	50	0	0.1515	0.0000	40.0000
35778.072	49	0	0.1515	0.0000	40.0000
35829.385	48	0	0.1518	0.0000	40.0000
35936.930	47	0	0.1522	0.0000	40.0000
35991.258	46	0	0.1525	0.0000	40.0000
36048.063	45	0	0.1527	0.0000	42.5000
36182.308	44	0	0.1533	0.0000	42.5000
36235.822	43	0	0.1535	0.0000	42.5000
36285.897	42	0	0.1537	0.0000	42.5000
36350.043	41	0	0.1540	0.0000	42.5000
36350.043	40	0	0.1540	0.0000	42.5000
36350.043	39	0	0.1540	0.0000	42.5000
36410.018	38	0	0.1542	0.0000	42.5000
36704.509	37	0	0.1553	0.0000	42.5000
36825.984	36	0	0.1557	0.0000	42.5000
36909.600	35	0	0.1560	0.0000	42.5000
37090.450	34	0	0.1566	0.0000	42.5000
37107.775	33	0	0.1566	0.0000	42.5000
37161.636	32	0	0.1568	0.0000	42.5000
37161.636	31	0	0.1568	0.0000	42.5000
37196.625	30	0	0.1569	0.0000	42.5000
37240.960	29	0	0.1570	0.0000	42.5000
37322.957	28	0	0.1573	0.0000	42.5000
37322.957	27	0	0.1573	0.0000	42.5000
37322.957	26	0	0.1573	0.0000	42.5000
37381.789	25	0	0.1574	0.0000	42.5000
37432.921	24	0	0.1575	0.0000	42.5000
37469.587	23	0	0.1576	0.0000	42.5000
37469.587	22	0	0.1576	0.0000	42.5000
37482.579	23	0	0.1576	0.0000	42.5000
37495.571	24	0	0.1577	0.0000	42.5000
37508.563	25	0	0.1577	0.0000	42.5000
37521.555	26	0	0.1577	0.0000	42.5000
37533.807	27	0	0.1578	0.0000	42.5000
37546.059	28	0	0.1578	0.0000	42.5000
37558.311	29	0	0.1578	0.0000	42.5000
37570.563	30	0	0.1579	0.0000	42.5000
37582.815	31	0	0.1579	0.0000	42.5000
37587.188	30	0	0.1579	0.0000	42.5000
37587.188	29	0	0.1579	0.0000	42.5000
37587.188	28	0	0.1579	0.0000	42.5000
37595.066	29	0	0.1579	0.0000	42.5000
37607.318	30	0	0.1580	0.0000	42.5000
37619.570	31	0	0.1580	0.0000	42.5000
37631.822	32	0	0.1580	0.0000	42.5000
37644.074	33	0	0.1581	0.0000	42.5000
37656.326	34	0	0.1581	0.0000	42.5000
37665.051	33	0	0.1581	0.0000	42.5000
37665.051	32	0	0.1581	0.0000	42.5000
37665.051	31	0	0.1581	0.0000	42.5000
37668.577	32	0	0.1582	0.0000	42.5000
37680.829	33	0	0.1582	0.0000	42.5000
37693.081	34	0	0.1582	0.0000	42.5000
37705.333	35	0	0.1583	0.0000	42.5000
37717.585	36	0	0.1583	0.0000	42.5000
37729.837	37	0	0.1583	0.0000	42.5000
37742.089	38	0	0.1584	0.0000	42.5000
37754.340	39	0	0.1584	0.0000	42.5000
37766.592	40	0	0.1585	0.0000	42.5000
37778.859	39	0	0.1585	0.0000	42.5000
37806.492	38	0	0.1586	0.0000	45.0000
37813.644	37	0	0.1587	0.0000	45.0000
37940.291	36	0	0.1591	0.0000	45.0000
37951.265	35	0	0.1591	0.0000	45.0000
38094.934	34	0	0.1596	0.0000	45.0000
38169.185	33	0	0.1599	0.0000	45.0000
38287.682	32	0	0.1602	0.0000	45.0000
38287.682	31	0	0.1602	0.0000	45.0000
38417.566	30	0	0.1606	0.0000	45.0000
38455.025	29	0	0.1607	0.0000	45.0000
38747.317	28	0	0.1615	0.0000	45.0000
38891.050	27	0	0.1619	0.0000	45.0000
38948.721	26	0	0.1620	0.0000	45.0000
39019.899	25	0	0.1622	0.0000	45.0000
39019.899	24	0	0.1622	0.0000	45.0000
39082.359	23	0	0.1624	0.0000	45.0000
39249.258	22	0	0.1627	0.0000	45.0000
39249.258	21	0	0.1627	0.0000	45.0000
39398.097	20	0	0.1630	0.0000	45.0000
39398.097	19	0	0.1630	0.0000	45.0000
39423.997	18	0	0.1631	0.0000	45.0000
39532.562	19	0	0.1633	0.0000	45.0000
39549.292	20	0	0.1633	0.0000	45.0000
39550.192	19	0	0.1633	0.0000	45.0000
39550.192	18	0	0.1633	0.0000	45.0000
39566.021	19	0	0.1633	0.0000	45.0000
39582.751	20	0	0.1633	0.0000	45.0000
39599.480	21	0	0.1634	0.0000	45.0000
39616.209	22	0	0.1634	0.0000	45.0000
39632.939	23	0	0.1634	0.0000	45.0000
39649.668	24	0	0.1635	0.0000	45.0000
39666.398	25	0	0.1635	0.0000	45.0000
39683.127	26	0	0.1636	0.0000	45.0000
39699.856	27	0	0.1636	0.0000	45.0000
39719.238	28	0	0.1637	0.0000	45.0000
39733.490	27	0	0.1637	0.0000	45.0000
39738.620	28	0	0.1637	0.0000	45.0000
39747.478	27	0	0.1637	0.0000	45.0000
39758.002	28	0	0.1638	0.0000	45.0000
39763.640	27	0	0.1638	0.0000	45.0000
39776.571	26	0	0.1638	0.0000	45.0000
39777.384	27	0	0.1638	0.0000	45.0000
39796.765	28	0	0.1639	0.0000	45.0000
39810.579	27	0	0.1639	0.0000	45.0000
39816.147	28	0	0.1639	0.0000	45.0000
39835.529	29	0	0.1640	0.0000	45.0000
39854.911	30	0	0.1640	0.0000	45.0000
39874.292	31	0	0.1641	0.0000	45.0000
39893.674	32	0	0.1641	0.0000	45.0000
39913.056	33	0	0.1642	0.0000	45.0000
39932.438	34	0	0.1642	0.0000	45.0000
39951.820	35	0	0.1643	0.0000	45.0000
39971.201	36	0	0.1644	0.0000	45.0000
39990.583	37	0	0.1644	0.0000	45.0000
40009.965	38	0	0.1645	0.0000	45.0000
40029.347	39	0	0.1646	0.0000	45.0000
40048.728	40	0	0.1646	0.0000	45.0000
40068.110	41	0	0.1647	0.0000	45.0000
40087.492	42	0	0.1648	0.0000	45.0000
40114.773	41	0	0.1649	0.0000	45.0000
40114.773	40	0	0.1649	0.0000	45.0000
40114.773	39	0	0.1649	0.0000	45.0000
40114.773	38	0	0.1649	0.0000	45.0000
40114.773	37	0	0.1649	0.0000	45.0000
40114.773	36	0	0.1649	0.0000	45.0000
40251.449	35	0	0.1654	0.0000	45.0000
40279.529	34	0	0.1655	0.0000	45.0000
40382.369	33	0	0.1658	0.0000	45.0000
40382.369	32	0	0.1658	0.0000	45.0000
40382.369	31	0	0.1658	0.0000	45.0000
40516.798	30	0	0.1662	0.0000	45.0000
40516.798	29	0	0.1662	0.0000	45.0000
40516.798	28	0	0.1662	0.0000	45.0000
40584.383	27	0	0.1664	0.0000	45.0000
40666.818	26	0	0.1666	0.0000	45.0000
40666.818	25	0	0.1666	0.0000	45.0000
40673.041	24	0	0.1666	0.0000	45.0000
40790.112	23	0	0.1669	0.0000	45.0000
40790.112	22	0	0.1669	0.0000	45.0000
40820.728	21	0	0.1669	0.0000	45.0000
40945.483	20	0	0.1672	0.0000	45.0000
41054.737	19	0	0.1674	0.0000	45.0000
41109.720	18	0	0.1675	0.0000	45.0000
41160.649	17	0	0.1676	0.0000	45.0000
41160.649	16	0	0.1676	0.0000	45.0000
41265.286	15	0	0.1677	0.0000	45.0000
41265.286	14	0	0.1677	0.0000	45.0000
41265.286	13	0	0.1677	0.0000	45.0000
41321.148	12	0	0.1678	0.0000	45.0000
41452.485	11	0	0.1679	0.0000	47.5000
41452.485	10	0	0.1679	0.0000	47.5000
41516.759	9	0	0.1680	0.0000	47.5000
41524.091	8	0	0.1680	0.0000	47.5000
41585.418	7	0	0.1681	0.0000	47.5000
41643.212	6	0	0.1681	0.0000	47.5000
41678.766	5	0	0.1681	0.0000	47.5000
41725.526	4	0	0.1681	0.0000	47.5000
41725.526	3	0	0.1681	0.0000	47.5000
41736.201	2	0	0.1681	0.0000	47.5000
41784.189	1	0	0.1682	0.0000	47.5000
42017.500	0	0	0.1682	0.0000	47.5000
42129.089	0	1	0.1682	2.4000	47.5000
42129.089	0	2	0.1682	4.8000	47.5000
42245.427	0	3	0.1682	7.2000	47.5000
42350.240	1	3	0.1682	7.2000	47.5000
42365.976	2	3	0.1682	7.2000	47.5000
42381.711	3	3	0.1682	7.2000	47.5000
42390.803	2	3	0.1682	7.2000	47.5000
42397.447	3	3	0.1682	7.2000	47.5000
42413.182	4	3	0.1682	7.2000	47.5000
42428.918	5	3	0.1682	7.2000	47.5000
42444.654	6	3	0.1682	7.2000	47.5000
42460.389	7	3	0.1682	7.2000	47.5000
42476.125	8	3	0.1682	7.2000	47.5000
42491.860	9	3	0.1682	7.2000	47.5000
42507.596	10	3	0.1682	7.2000	47.5000
42523.332	11	3	0.1683	7.2000	47.5000
42539.067	12	3	0.1683	7.2000	47.5000
42554.803	13	3	0.1683	7.2000	47.5000
42570.539	14	3	0.1683	7.2000	47.5000
42586.274	15	3	0.1683	7.2000	47.5000
42602.010	16	3	0.1684	7.2000	47.5000
42604.779	15	3	0.1684	7.2000	47.5000
42604.779	14	3	0.1684	7.2000	47.5000
42604.779	13	3	0.1684	7.2000	47.5000
42617.745	14	3	0.1684	7.2000	47.5000
42633.481	15	3	0.1684	7.2000	47.5000
42649.217	16	3	0.1684	7.2000	47.5000
42669.120	15	3	0.1685	7.2000	47.5000
42690.303	14	3	0.1685	7.2000	47.5000
42690.303	13	3	0.1685	7.2000	47.5000
42700.113	14	3	0.1685	7.2000	47.5000
42702.715	13	3	0.1685	7.2000	47.5000
42709.923	14	3	0.1685	7.2000	47.5000
42719.733	15	3	0.1685	7.2000	47.5000
42729.543	16	3	0.1685	7.2000	47.5000
42739.353	17	3	0.1686	7.2000	47.5000
42749.163	18	3	0.1686	7.2000	47.5000
42758.973	19	3	0.1686	7.2000	47.5000
42768.782	20	3	0.1686	7.2000	47.5000
42778.592	21	3	0.1686	7.2000	47.5000
42788.402	22	3	0.1686	7.2000	47.5000
42793.044	21	3	0.1686	7.2000	47.5000
42798.212	22	3	0.1687	7.2000	47.5000
42808.022	23	3	0.1687	7.2000	47.5000
42817.832	24	3	0.1687	7.2000	47.5000
42827.642	25	3	0.1687	7.2000	47.5000
42837.452	26	3	0.1687	7.2000	47.5000
42838.723	25	3	0.1687	7.2000	47.5000
42847.262	26	3	0.1688	7.2000	47.5000
42857.072	27	3	0.1688	7.2000	47.5000
42866.882	28	3	0.1688	7.2000	47.5000
42876.691	29	3	0.1688	7.2000	47.5000
42886.501	30	3	0.1689	7.2000	47.5000
42901.460	29	3	0.1689	7.2000	47.5000
43038.531	30	3	0.1693	7.2000	47.5000
43056.963	31	3	0.1693	7.2000	47.5000
43068.384	30	3	0.1694	7.2000	47.5000
43075.394	31	3	0.1694	7.2000	47.5000
43093.826	32	3	0.1695	7.2000	47.5000
43112.257	33	3	0.1695	7.2000	47.5000
43112.924	32	3	0.1695	7.2000	47.5000
43130.689	33	3	0.1696	7.2000	47.5000
43149.120	34	3	0.1696	7.2000	47.5000
43167.552	35	3	0.1697	7.2000	47.5000
43185.983	36	3	0.1697	7.2000	47.5000
43204.415	37	3	0.1698	7.2000	47.5000
43222.846	38	3	0.1699	7.2000	47.5000
43241.278	39	3	0.1699	7.2000	47.5000
43259.709	40	3	0.1700	7.2000	47.5000
43278.141	41	3	0.1701	7.2000	47.5000
43296.572	42	3	0.1701	7.2000	47.5000
43315.004	43	3	0.1702	7.2000	47.5000
43323.478	42	3	0.1703	7.2000	47.5000
43333.435	43	3	0.1703	7.2000	47.5000
43351.867	44	3	0.1704	7.2000	47.5000
