# s=40 S=55 h=0.0103 p=6.0000 c=2.5000
# time_s	level	cum_oos	holding_eur	shortage_eur	order_eur
0.000	55	0	0.0000	0.0000	0.0000
934.456	54	0	0.0123	0.0000	0.0000
934.456	53	0	0.0123	0.0000	0.0000
1646.113	52	0	0.0212	0.0000	0.0000
1837.479	51	0	0.0236	0.0000	0.0000
1905.538	50	0	0.0244	0.0000	0.0000
2239.874	49	0	0.0284	0.0000	0.0000
2547.236	48	0	0.0320	0.0000	0.0000
2547.236	47	0	0.0320	0.0000	0.0000
2547.236	46	0	0.0320	0.0000	0.0000
3164.308	45	0	0.0388	0.0000	0.0000
3164.308	44	0	0.0388	0.0000	0.0000
3950.936	43	0	0.0470	0.0000	0.0000
3964.524	42	0	0.0472	0.0000	0.0000
4182.514	41	0	0.0494	0.0000	0.0000
4878.308	40	0	0.0562	0.0000	0.0000
5181.306	39	0	0.0591	0.0000	0.0000
5212.603	38	0	0.0593	0.0000	0.0000
5289.547	37	0	0.0600	0.0000	0.0000
5395.939	36	0	0.0610	0.0000	0.0000
5395.939	35	0	0.0610	0.0000	0.0000
5561.387	34	0	0.0624	0.0000	2.5000
6056.569	33	0	0.0664	0.0000	2.5000
6395.611	32	0	0.0690	0.0000	2.5000
6457.366	31	0	0.0695	0.0000	2.5000
6567.996	30	0	0.0703	0.0000	2.5000
6785.684	29	0	0.0719	0.0000	2.5000
7016.605	30	0	0.0735	0.0000	2.5000
7028.599	29	0	0.0736	0.0000	2.5000
7029.802	30	0	0.0736	0.0000	2.5000
7043.000	31	0	0.0737	0.0000	2.5000
7056.197	32	0	0.0738	0.0000	2.5000
7069.395	33	0	0.0739	0.0000	2.5000
7082.592	34	0	0.0740	0.0000	2.5000
7095.790	35	0	0.0741	0.0000	2.5000
7108.988	36	0	0.0742	0.0000	2.5000
7122.185	37	0	0.0743	0.0000	2.5000
7135.383	38	0	0.0744	0.0000	2.5000
7148.580	39	0	0.0745	0.0000	2.5000
7161.778	40	0	0.0747	0.0000	2.5000
7174.975	41	0	0.0748	0.0000	2.5000
7178.618	40	0	0.0748	0.0000	2.5000
7188.173	41	0	0.0749	0.0000	2.5000
7201.370	42	0	0.0751	0.0000	2.5000
7214.568	43	0	0.0752	0.0000	2.5000
7227.765	44	0	0.0753	0.0000	2.5000
7240.963	45	0	0.0755	0.0000	2.5000
7254.160	46	0	0.0756	0.0000	2.5000
7267.358	47	0	0.0757	0.0000	2.5000
7336.673	46	0	0.0765	0.0000	2.5000
7370.229	45	0	0.0769	0.0000	2.5000
7446.825	44	0	0.0777	0.0000	2.5000
7528.135	43	0	0.0786	0.0000	2.5000
8337.794	42	0	0.0869	0.0000	2.5000
8400.057	41	0	0.0875	0.0000	2.5000
8586.992	40	0	0.0893	0.0000	2.5000
8607.852	39	0	0.0895	0.0000	2.5000
8607.852	38	0	0.0895	0.0000	2.5000
8607.852	37	0	0.0895	0.0000	2.5000
8655.519	36	0	0.0899	0.0000	2.5000
8668.866	35	0	0.0900	0.0000	2.5000
8693.675	34	0	0.0903	0.0000	2.5000
8693.675	33	0	0.0903	0.0000	2.5000
8701.925	32	0	0.0903	0.0000	2.5000
9312.626	31	0	0.0950	0.0000	5.0000
9482.285	30	0	0.0962	0.0000	5.0000
9930.544	29	0	0.0994	0.0000	5.0000
9954.528	28	0	0.0996	0.0000	5.0000
10368.604	27	0	0.1024	0.0000	5.0000
10759.286	26	0	0.1049	0.0000	5.0000
10825.134	25	0	0.1053	0.0000	5.0000
10825.134	24	0	0.1053	0.0000	5.0000
10970.835	23	0	0.1061	0.0000	5.0000
10989.788	22	0	0.1062	0.0000	5.0000
11041.200	23	0	0.1065	0.0000	5.0000
11052.054	24	0	0.1066	0.0000	5.0000
11062.907	25	0	0.1066	0.0000	5.0000
11073.761	26	0	0.1067	0.0000	5.0000
11084.615	27	0	0.1068	0.0000	5.0000
11095.468	28	0	0.1068	0.0000	5.0000
11106.322	29	0	0.1069	0.0000	5.0000
11117.175	30	0	0.1070	0.0000	5.0000
11128.029	31	0	0.1070	0.0000	5.0000
11138.882	32	0	0.1071	0.0000	5.0000
11149.736	33	0	0.1072	0.0000	5.0000
11160.590	34	0	0.1073	0.0000	5.0000
11171.443	35	0	0.1074	0.0000	5.0000
11179.845	34	0	0.1075	0.0000	5.0000
11182.297	35	0	0.1075	0.0000	5.0000
11193.150	36	0	0.1076	0.0000	5.0000
11204.004	37	0	0.1077	0.0000	5.0000
11214.858	38	0	0.1078	0.0000	5.0000
11216.763	37	0	0.1078	0.0000	5.0000
11216.763	36	0	0.1078	0.0000	5.0000
11225.711	37	0	0.1078	0.0000	5.0000
11236.565	38	0	0.1079	0.0000	5.0000
11247.418	39	0	0.1080	0.0000	5.0000
11266.928	40	0	0.1082	0.0000	5.0000
11286.437	41	0	0.1084	0.0000	5.0000
11305.946	42	0	0.1086	0.0000	5.0000
11324.138	41	0	0.1088	0.0000	5.0000
11521.307	40	0	0.1107	0.0000	5.0000
11521.307	39	0	0.1107	0.0000	5.0000
11521.307	38	0	0.1107	0.0000	5.0000
11627.745	37	0	0.1117	0.0000	5.0000
11651.945	36	0	0.1119	0.0000	5.0000
11651.945	35	0	0.1119	0.0000	5.0000
12020.415	34	0	0.1150	0.0000	5.0000
12258.003	33	0	0.1169	0.0000	5.0000
12258.003	32	0	0.1169	0.0000	5.0000
12336.016	31	0	0.1175	0.0000	5.0000
12463.803	30	0	0.1184	0.0000	5.0000
12463.803	29	0	0.1184	0.0000	5.0000
12725.834	28	0	0.1202	0.0000	7.5000
12725.834	27	0	0.1202	0.0000	7.5000
13073.661	26	0	0.1225	0.0000	7.5000
13073.661	25	0	0.1225	0.0000	7.5000
13115.035	24	0	0.1227	0.0000	7.5000
13165.707	23	0	0.1230	0.0000	7.5000
13319.939	22	0	0.1239	0.0000	7.5000
13495.856	21	0	0.1248	0.0000	7.5000
13856.224	20	0	0.1266	0.0000	7.5000
14101.621	19	0	0.1278	0.0000	7.5000
14101.621	18	0	0.1278	0.0000	7.5000
14101.621	17	0	0.1278	0.0000	7.5000
14101.621	16	0	0.1278	0.0000	7.5000
14101.621	15	0	0.1278	0.0000	7.5000
14114.716	14	0	0.1278	0.0000	7.5000
14185.410	13	0	0.1280	0.0000	7.5000
14450.571	12	0	0.1289	0.0000	7.5000
14458.453	13	0	0.1289	0.0000	7.5000
14466.335	14	0	0.1289	0.0000	7.5000
14474.217	15	0	0.1289	0.0000	7.5000
14482.099	16	0	0.1290	0.0000	7.5000
14489.981	17	0	0.1290	0.0000	7.5000
14497.863	18	0	0.1290	0.0000	7.5000
14510.894	19	0	0.1291	0.0000	7.5000
14523.924	20	0	0.1291	0.0000	7.5000
14536.955	21	0	0.1292	0.0000	7.5000
14549.986	22	0	0.1293	0.0000	7.5000
14563.016	23	0	0.1293	0.0000	7.5000
14576.047	24	0	0.1294	0.0000	7.5000
14589.078	25	0	0.1295	0.0000	7.5000
14602.108	26	0	0.1296	0.0000	7.5000
14615.139	27	0	0.1296	0.0000	7.5000
14626.849	26	0	0.1297	0.0000	7.5000
14628.170	27	0	0.1297	0.0000	7.5000
14641.201	28	0	0.1298	0.0000	7.5000
14654.231	29	0	0.1299	0.0000	7.5000
14667.262	30	0	0.1300	0.0000	7.5000
14680.293	31	0	0.1301	0.0000	7.5000
14693.323	32	0	0.1302	0.0000	7.5000
14706.354	33	0	0.1303	0.0000	7.5000
14719.385	34	0	0.1304	0.0000	7.5000
14732.416	35	0	0.1305	0.0000	7.5000
14745.446	36	0	0.1306	0.0000	7.5000
14758.477	37	0	0.1307	0.0000	7.5000
14769.493	36	0	0.1308	0.0000	7.5000
14843.541	35	0	0.1314	0.0000	7.5000
15046.516	34	0	0.1331	0.0000	7.5000
15046.516	33	0	0.1331	0.0000	7.5000
15046.516	32	0	0.1331	0.0000	7.5000
15046.516	31	0	0.1331	0.0000	7.5000
15046.516	30	0	0.1331	0.0000	7.5000
15046.516	29	0	0.1331	0.0000	7.5000
15155.477	28	0	0.1339	0.0000	7.5000
15323.858	27	0	0.1350	0.0000	7.5000
15323.858	26	0	0.1350	0.0000	7.5000
15521.880	25	0	0.1362	0.0000	7.5000
15521.880	24	0	0.1362	0.0000	7.5000
15521.880	23	0	0.1362	0.0000	7.5000
15688.341	22	0	0.1371	0.0000	7.5000
15688.341	21	0	0.1371	0.0000	7.5000
15862.317	20	0	0.1380	0.0000	7.5000
15934.871	19	0	0.1384	0.0000	7.5000
15948.218	18	0	0.1384	0.0000	7.5000
16013.247	17	0	0.1387	0.0000	7.5000
16035.411	16	0	0.1388	0.0000	7.5000
16197.464	15	0	0.1394	0.0000	7.5000
16471.528	14	0	0.1404	0.0000	10.0000
16471.528	13	0	0.1404	0.0000	10.0000
16471.528	12	0	0.1404	0.0000	10.0000
16499.812	11	0	0.1405	0.0000	10.0000
16499.812	10	0	0.1405	0.0000	10.0000
16537.267	9	0	0.1406	0.0000	10.0000
16697.484	8	0	0.1409	0.0000	10.0000
16697.484	7	0	0.1409	0.0000	10.0000
16777.174	6	0	0.1410	0.0000	10.0000
16777.174	5	0	0.1410	0.0000	10.0000
17089.704	4	0	0.1414	0.0000	10.0000
17089.704	3	0	0.1414	0.0000	10.0000
17220.388	2	0	0.1415	0.0000	10.0000
17269.284	1	0	0.1415	0.0000	10.0000
17330.498	0	0	0.1415	0.0000	10.0000
17463.809	0	1	0.1415	6.0000	10.0000
17463.809	0	2	0.1415	12.0000	10.0000
17507.362	0	3	0.1415	18.0000	10.0000
17565.160	0	4	0.1415	24.0000	10.0000
17597.843	0	5	0.1415	30.0000	10.0000
17741.375	0	6	0.1415	36.0000	10.0000
17749.590	0	7	0.1415	42.0000	10.0000
17770.631	0	8	0.1415	48.0000	10.0000
17825.736	0	9	0.1415	54.0000	10.0000
17839.453	0	10	0.1415	60.0000	10.0000
17883.754	0	11	0.1415	66.0000	10.0000
17883.754	0	12	0.1415	72.0000	10.0000
17893.672	0	13	0.1415	78.0000	10.0000
17969.319	0	14	0.1415	84.0000	10.0000
17969.319	0	15	0.1415	90.0000	10.0000
17974.851	0	16	0.1415	96.0000	10.0000
17987.139	0	17	0.1415	102.0000	10.0000
18105.134	0	18	0.1415	108.0000	10.0000
18105.134	0	19	0.1415	114.0000	10.0000
18127.531	0	20	0.1415	120.0000	10.0000
18290.260	0	21	0.1415	126.0000	10.0000
18626.274	0	22	0.1415	132.0000	10.0000
18626.274	0	23	0.1415	138.0000	10.0000
18626.274	0	24	0.1415	144.0000	10.0000
18703.750	1	24	0.1415	144.0000	10.0000
18721.106	2	24	0.1415	144.0000	10.0000
18738.463	3	24	0.1416	144.0000	10.0000
18755.819	4	24	0.1416	144.0000	10.0000
18773.175	5	24	0.1416	144.0000	10.0000
18790.532	6	24	0.1416	144.0000	10.0000
18807.074	5	24	0.1416	144.0000	10.0000
18807.074	4	24	0.1416	144.0000	10.0000
18807.888	5	24	0.1416	144.0000	10.0000
18825.244	6	24	0.1417	144.0000	10.0000
18842.600	7	24	0.1417	144.0000	10.0000
18848.907	6	24	0.1417	144.0000	10.0000
18859.957	7	24	0.1417	144.0000	10.0000
18877.313	8	24	0.1417	144.0000	10.0000
18894.669	9	24	0.1418	144.0000	10.0000
18898.979	8	24	0.1418	144.0000	10.0000
18912.025	9	24	0.1418	144.0000	10.0000
18929.382	10	24	0.1418	144.0000	10.0000
18936.875	9	24	0.1419	144.0000	10.0000
18946.738	10	24	0.1419	144.0000	10.0000
18964.094	11	24	0.1419	144.0000	10.0000
18981.451	12	24	0.1420	144.0000	10.0000
18998.807	13	24	0.1420	144.0000	10.0000
19016.163	14	24	0.1421	144.0000	10.0000
19033.519	15	24	0.1421	144.0000	10.0000
19050.324	16	24	0.1422	144.0000	10.0000
19067.129	17	24	0.1422	144.0000	10.0000
19083.934	18	24	0.1423	144.0000	10.0000
19100.739	19	24	0.1424	144.0000	10.0000
19117.544	20	24	0.1425	144.0000	10.0000
19134.349	21	24	0.1425	144.0000	10.0000
19134.963	20	24	0.1425	144.0000	10.0000
19151.154	21	24	0.1426	144.0000	10.0000
19167.959	22	24	0.1427	144.0000	10.0000
19176.101	21	24	0.1428	144.0000	10.0000
19184.764	22	24	0.1428	144.0000	10.0000
19201.569	23	24	0.1429	144.0000	10.0000
19218.374	24	24	0.1430	144.0000	10.0000
19235.179	25	24	0.1431	144.0000	10.0000
19251.984	26	24	0.1432	144.0000	10.0000
19268.788	27	24	0.1433	144.0000	10.0000
19285.593	28	24	0.1434	144.0000	10.0000
19302.398	29	24	0.1435	144.0000	10.0000
19319.203	30	24	0.1436	144.0000	10.0000
19336.008	31	24	0.1437	144.0000	10.0000
19352.813	32	24	0.1439	144.0000	10.0000
19369.618	33	24	0.1440	144.0000	10.0000
19463.487	32	24	0.1447	144.0000	10.0000
19569.225	31	24	0.1455	144.0000	10.0000
19569.225	30	24	0.1455	144.0000	10.0000
19592.489	29	24	0.1457	144.0000	10.0000
19600.722	28	24	0.1458	144.0000	10.0000
19600.722	27	24	0.1458	144.0000	10.0000
19611.359	26	24	0.1458	144.0000	10.0000
19624.480	25	24	0.1459	144.0000	10.0000
19738.116	24	24	0.1466	144.0000	10.0000
19959.651	23	24	0.1478	144.0000	12.5000
19976.899	22	24	0.1479	144.0000	12.5000
20511.413	21	24	0.1507	144.0000	12.5000
20511.413	20	24	0.1507	144.0000	12.5000
20511.413	19	24	0.1507	144.0000	12.5000
20511.413	18	24	0.1507	144.0000	12.5000
20572.455	17	24	0.1510	144.0000	12.5000
20621.159	16	24	0.1512	144.0000	12.5000
20672.249	15	24	0.1514	144.0000	12.5000
20672.249	14	24	0.1514	144.0000	12.5000
20963.240	13	24	0.1524	144.0000	12.5000
20975.214	12	24	0.1524	144.0000	12.5000
20975.214	11	24	0.1524	144.0000	12.5000
21050.475	10	24	0.1526	144.0000	12.5000
21157.845	9	24	0.1529	144.0000	12.5000
21357.851	8	24	0.1533	144.0000	12.5000
21357.851	7	24	0.1533	144.0000	12.5000
21489.590	8	24	0.1535	144.0000	12.5000
21501.175	9	24	0.1535	144.0000	12.5000
21512.759	10	24	0.1536	144.0000	12.5000
21524.343	11	24	0.1536	144.0000	12.5000
21535.927	12	24	0.1536	144.0000	12.5000
21547.512	13	24	0.1537	144.0000	12.5000
21559.096	14	24	0.1537	144.0000	12.5000
21570.680	15	24	0.1537	144.0000	12.5000
21582.264	16	24	0.1538	144.0000	12.5000
21589.154	15	24	0.1538	144.0000	12.5000
21593.849	16	24	0.1538	144.0000	12.5000
21605.433	17	24	0.1539	144.0000	12.5000
21617.017	18	24	0.1539	144.0000	12.5000
21628.601	19	24	0.1540	144.0000	12.5000
21640.186	20	24	0.1540	144.0000	12.5000
21651.770	21	24	0.1541	144.0000	12.5000
21663.354	22	24	0.1541	144.0000	12.5000
21674.939	23	24	0.1542	144.0000	12.5000
21686.523	24	24	0.1542	144.0000	12.5000
21698.107	25	24	0.1543	144.0000	12.5000
21709.691	26	24	0.1544	144.0000	12.5000
21722.655	27	24	0.1545	144.0000	12.5000
21735.619	28	24	0.1545	144.0000	12.5000
21748.582	29	24	0.1546	144.0000	12.5000
21761.546	30	24	0.1547	144.0000	12.5000
21774.509	31	24	0.1548	144.0000	12.5000
21787.473	32	24	0.1549	144.0000	12.5000
21800.437	33	24	0.1550	144.0000	12.5000
21813.400	34	24	0.1551	144.0000	12.5000
21826.364	35	24	0.1552	144.0000	12.5000
21839.328	36	24	0.1553	144.0000	12.5000
21852.291	37	24	0.1554	144.0000	12.5000
21884.405	36	24	0.1557	144.0000	12.5000
21901.506	35	24	0.1559	144.0000	12.5000
21953.241	34	24	0.1563	144.0000	12.5000
22054.592	33	24	0.1571	144.0000	12.5000
22114.347	32	24	0.1576	144.0000	12.5000
22193.874	31	24	0.1582	144.0000	12.5000
22464.524	30	24	0.1602	144.0000	12.5000
22464.524	29	24	0.1602	144.0000	12.5000
22464.524	28	24	0.1602	144.0000	12.5000
22733.090	27	24	0.1620	144.0000	12.5000
22773.589	26	24	0.1622	144.0000	12.5000
22773.589	25	24	0.1622	144.0000	12.5000
22838.068	24	24	0.1626	144.0000	12.5000
23414.748	23	24	0.1659	144.0000	15.0000
23435.765	22	24	0.1660	144.0000	15.0000
23569.009	21	24	0.1667	144.0000	15.0000
23782.549	20	24	0.1678	144.0000	15.0000
24043.800	19	24	0.1691	144.0000	15.0000
24626.208	18	24	0.1717	144.0000	15.0000
24626.208	17	24	0.1717	144.0000	15.0000
24626.208	16	24	0.1717	144.0000	15.0000
24699.561	17	24	0.1720	144.0000	15.0000
24715.939	18	24	0.1720	144.0000	15.0000
24732.318	19	24	0.1721	144.0000	15.0000
24748.697	20	24	0.1722	144.0000	15.0000
24765.075	21	24	0.1723	144.0000	15.0000
24781.454	22	24	0.1723	144.0000	15.0000
24797.833	23	24	0.1724	144.0000	15.0000
24814.212	24	24	0.1725	144.0000	15.0000
24830.590	25	24	0.1726	144.0000	15.0000
24840.803	24	24	0.1727	144.0000	15.0000
24846.969	25	24	0.1727	144.0000	15.0000
24863.348	26	24	0.1728	144.0000	15.0000
24879.726	27	24	0.1729	144.0000	15.0000
24896.105	28	24	0.1730	144.0000	15.0000
24910.852	27	24	0.1731	144.0000	15.0000
24912.484	28	24	0.1731	144.0000	15.0000
24928.862	29	24	0.1732	144.0000	15.0000
24945.241	30	24	0.1733	144.0000	15.0000
24961.620	31	24	0.1735	144.0000	15.0000
24977.999	32	24	0.1736	144.0000	15.0000
24994.377	33	24	0.1737	144.0000	15.0000
25010.756	34	24	0.1738	144.0000	15.0000
25029.025	35	24	0.1740	144.0000	15.0000
25047.295	36	24	0.1741	144.0000	15.0000
25065.564	37	24	0.1743	144.0000	15.0000
25083.833	38	24	0.1745	144.0000	15.0000
25102.102	39	24	0.1746	144.0000	15.0000
25120.372	40	24	0.1748	144.0000	15.0000
25128.164	39	24	0.1749	144.0000	15.0000
25138.641	40	24	0.1750	144.0000	15.0000
25140.012	39	24	0.1750	144.0000	15.0000
25156.910	40	24	0.1751	144.0000	15.0000
25175.180	41	24	0.1753	144.0000	15.0000
25193.449	42	24	0.1755	144.0000	15.0000
25200.241	41	24	0.1756	144.0000	15.0000
25211.718	42	24	0.1757	144.0000	15.0000
25252.139	41	24	0.1761	144.0000	15.0000
25523.503	40	24	0.1787	144.0000	15.0000
25650.168	39	24	0.1799	144.0000	15.0000
26153.981	38	24	0.1846	144.0000	15.0000
26167.441	37	24	0.1847	144.0000	15.0000
26263.802	36	24	0.1856	144.0000	15.0000
26286.013	35	24	0.1858	144.0000	15.0000
26476.710	34	24	0.1874	144.0000	15.0000
26549.588	33	24	0.1880	144.0000	15.0000
26804.925	32	24	0.1900	144.0000	15.0000
26907.925	31	24	0.1908	144.0000	15.0000
27026.391	30	24	0.1916	144.0000	17.5000
27383.192	29	24	0.1942	144.0000	17.5000
28010.446	28	24	0.1985	144.0000	17.5000
28051.471	27	24	0.1988	144.0000	17.5000
28103.102	26	24	0.1991	144.0000	17.5000
28103.102	25	24	0.1991	144.0000	17.5000
28268.127	24	24	0.2001	144.0000	17.5000
28280.555	23	24	0.2002	144.0000	17.5000
28405.938	24	24	0.2009	144.0000	17.5000
28417.462	25	24	0.2009	144.0000	17.5000
28428.987	26	24	0.2010	144.0000	17.5000
28434.931	25	24	0.2010	144.0000	17.5000
28440.511	26	24	0.2011	144.0000	17.5000
28452.035	27	24	0.2011	144.0000	17.5000
28463.559	28	24	0.2012	144.0000	17.5000
28475.084	29	24	0.2013	144.0000	17.5000
28486.608	30	24	0.2014	144.0000	17.5000
28498.132	31	24	0.2015	144.0000	17.5000
28509.657	32	24	0.2015	144.0000	17.5000
28521.181	33	24	0.2016	144.0000	17.5000
28532.705	34	24	0.2017	144.0000	17.5000
28544.229	35	24	0.2018	144.0000	17.5000
28552.535	34	24	0.2019	144.0000	17.5000
28555.754	35	24	0.2019	144.0000	17.5000
28567.278	36	24	0.2020	144.0000	17.5000
28578.802	37	24	0.2021	144.0000	17.5000
28590.326	38	24	0.2022	144.0000	17.5000
28601.851	39	24	0.2023	144.0000	17.5000
28613.375	40	24	0.2024	144.0000	17.5000
28624.899	41	24	0.2025	144.0000	17.5000
28633.623	42	24	0.2026	144.0000	17.5000
28642.348	43	24	0.2027	144.0000	17.5000
28651.072	44	24	0.2028	144.0000	17.5000
28659.796	45	24	0.2029	144.0000	17.5000
28866.575	44	24	0.2051	144.0000	17.5000
29097.469	43	24	0.2075	144.0000	17.5000
29097.469	42	24	0.2075	144.0000	17.5000
29097.469	41	24	0.2075	144.0000	17.5000
29109.605	40	24	0.2076	144.0000	17.5000
29139.709	39	24	0.2079	144.0000	17.5000
29627.251	38	24	0.2125	144.0000	17.5000
29685.129	37	24	0.2130	144.0000	17.5000
29771.765	36	24	0.2138	144.0000	17.5000
29984.128	35	24	0.2156	144.0000	17.5000
30065.335	34	24	0.2163	144.0000	17.5000
30206.811	33	24	0.2174	144.0000	17.5000
30206.811	32	24	0.2174	144.0000	17.5000
30270.634	31	24	0.2179	144.0000	17.5000
30409.945	30	24	0.2189	144.0000	17.5000
30409.945	29	24	0.2189	144.0000	17.5000
30642.851	28	24	0.2205	144.0000	20.0000
30642.851	27	24	0.2205	144.0000	20.0000
30642.851	26	24	0.2205	144.0000	20.0000
30656.062	25	24	0.2206	144.0000	20.0000
30656.062	24	24	0.2206	144.0000	20.0000
30700.017	23	24	0.2209	144.0000	20.0000
30834.474	22	24	0.2216	144.0000	20.0000
30972.685	21	24	0.2223	144.0000	20.0000
31175.678	20	24	0.2233	144.0000	20.0000
31415.828	19	24	0.2245	144.0000	20.0000
31433.244	18	24	0.2246	144.0000	20.0000
31475.346	17	24	0.2247	144.0000	20.0000
31522.398	16	24	0.2249	144.0000	20.0000
31619.267	15	24	0.2253	144.0000	20.0000
31802.975	14	24	0.2260	144.0000	20.0000
31891.898	15	24	0.2263	144.0000	20.0000
31911.196	16	24	0.2263	144.0000	20.0000
31930.494	17	24	0.2264	144.0000	20.0000
31949.791	18	24	0.2265	144.0000	20.0000
31969.089	19	24	0.2266	144.0000	20.0000
31988.387	20	24	0.2267	144.0000	20.0000
32020.949	19	24	0.2268	144.0000	20.0000
32020.949	18	24	0.2268	144.0000	20.0000
32078.061	17	24	0.2271	144.0000	20.0000
32164.007	16	24	0.2274	144.0000	20.0000
32189.859	17	24	0.2275	144.0000	20.0000
32208.619	18	24	0.2276	144.0000	20.0000
32227.380	19	24	0.2277	144.0000	20.0000
32246.141	20	24	0.2277	144.0000	20.0000
32264.902	21	24	0.2278	144.0000	20.0000
32283.663	22	24	0.2279	144.0000	20.0000
32302.424	23	24	0.2280	144.0000	20.0000
32321.185	24	24	0.2281	144.0000	20.0000
32339.946	25	24	0.2282	144.0000	20.0000
32358.707	26	24	0.2283	144.0000	20.0000
32377.468	27	24	0.2285	144.0000	20.0000
32392.647	26	24	0.2286	144.0000	20.0000
32392.647	25	24	0.2286	144.0000	20.0000
32392.647	24	24	0.2286	144.0000	20.0000
32396.229	25	24	0.2286	144.0000	20.0000
32414.990	26	24	0.2287	144.0000	20.0000
32433.750	27	24	0.2288	144.0000	20.0000
32452.511	28	24	0.2289	144.0000	20.0000
32471.272	29	24	0.2291	144.0000	20.0000
32490.033	30	24	0.2292	144.0000	20.0000
32508.794	31	24	0.2293	144.0000	20.0000
32527.555	32	24	0.2295	144.0000	20.0000
32530.287	31	24	0.2295	144.0000	20.0000
32530.287	30	24	0.2295	144.0000	20.0000
32546.316	31	24	0.2296	144.0000	20.0000
32617.069	30	24	0.2301	144.0000	20.0000
32797.342	29	24	0.2314	144.0000	20.0000
32797.342	28	24	0.2314	144.0000	20.0000
32916.825	27	24	0.2322	144.0000	20.0000
32942.628	26	24	0.2324	144.0000	20.0000
32999.183	25	24	0.2327	144.0000	20.0000
33039.702	24	24	0.2330	144.0000	20.0000
33092.505	23	24	0.2333	144.0000	20.0000
33158.306	22	24	0.2336	144.0000	20.0000
33311.478	21	24	0.2344	144.0000	20.0000
33311.478	20	24	0.2344	144.0000	20.0000
33311.478	19	24	0.2344	144.0000	20.0000
33311.478	18	24	0.2344	144.0000	20.0000
33493.228	17	24	0.2352	144.0000	20.0000
33493.228	16	24	0.2352	144.0000	20.0000
33493.228	15	24	0.2352	144.0000	20.0000
33509.787	14	24	0.2353	144.0000	20.0000
33664.333	13	24	0.2358	144.0000	20.0000
33664.333	12	24	0.2358	144.0000	20.0000
33693.397	11	24	0.2359	144.0000	20.0000
33759.693	10	24	0.2360	144.0000	20.0000
33759.693	9	24	0.2360	144.0000	20.0000
33897.850	8	24	0.2363	144.0000	20.0000
33897.850	7	24	0.2363	144.0000	20.0000
33897.850	6	24	0.2363	144.0000	20.0000
34009.553	5	24	0.2365	144.0000	20.0000
34110.460	4	24	0.2366	144.0000	20.0000
34211.121	3	24	0.2367	144.0000	22.5000
34270.084	2	24	0.2368	144.0000	22.5000
34349.697	1	24	0.2368	144.0000	22.5000
34456.804	0	24	0.2368	144.0000	22.5000
34607.311	0	25	0.2368	150.0000	22.5000
34674.473	0	26	0.2368	156.0000	22.5000
34732.584	0	27	0.2368	162.0000	22.5000
34732.584	0	28	0.2368	168.0000	22.5000
34732.584	0	29	0.2368	174.0000	22.5000
34792.888	0	30	0.2368	180.0000	22.5000
34900.332	0	31	0.2368	186.0000	22.5000
34900.332	0	32	0.2368	192.0000	22.5000
34962.173	0	33	0.2368	198.0000	22.5000
34974.280	0	34	0.2368	204.0000	22.5000
35114.866	0	35	0.2368	210.0000	22.5000
35176.122	0	36	0.2368	216.0000	22.5000
35202.808	0	37	0.2368	222.0000	22.5000
35208.406	0	38	0.2368	228.0000	22.5000
35319.260	0	39	0.2368	234.0000	22.5000
35368.262	0	40	0.2368	240.0000	22.5000
35409.978	0	41	0.2368	246.0000	22.5000
35456.813	0	42	0.2368	252.0000	22.5000
35456.813	0	43	0.2368	258.0000	22.5000
35456.813	0	44	0.2368	264.0000	22.5000
35778.072	0	45	0.2368	270.0000	22.5000
35778.072	0	46	0.2368	276.0000	22.5000
35778.072	0	47	0.2368	282.0000	22.5000
35778.072	0	48	0.2368	288.0000	22.5000
35778.072	0	49	0.2368	294.0000	22.5000
35936.930	0	50	0.2368	300.0000	22.5000
35991.258	0	51	0.2368	306.0000	22.5000
36048.063	0	52	0.2368	312.0000	22.5000
36073.194	0	53	0.2368	318.0000	22.5000
36078.107	1	53	0.2368	318.0000	22.5000
36091.297	2	53	0.2368	318.0000	22.5000
36104.486	3	53	0.2368	318.0000	22.5000
36117.675	4	53	0.2368	318.0000	22.5000
36130.865	5	53	0.2368	318.0000	22.5000
36141.773	4	53	0.2369	318.0000	22.5000
36144.054	5	53	0.2369	318.0000	22.5000
36157.243	6	53	0.2369	318.0000	22.5000
36170.433	7	53	0.2369	318.0000	22.5000
36182.308	6	53	0.2369	318.0000	22.5000
36183.622	7	53	0.2369	318.0000	22.5000
36196.812	8	53	0.2369	318.0000	22.5000
36210.001	9	53	0.2370	318.0000	22.5000
36223.190	10	53	0.2370	318.0000	22.5000
36235.822	9	53	0.2370	318.0000	22.5000
36236.380	10	53	0.2370	318.0000	22.5000
36249.569	11	53	0.2371	318.0000	22.5000
36262.758	12	53	0.2371	318.0000	22.5000
36270.066	11	53	0.2371	318.0000	22.5000
36275.948	12	53	0.2371	318.0000	22.5000
36289.137	13	53	0.2372	318.0000	22.5000
36302.326	14	53	0.2372	318.0000	22.5000
36315.516	15	53	0.2373	318.0000	22.5000
36328.705	16	53	0.2373	318.0000	22.5000
36340.784	17	53	0.2373	318.0000	22.5000
36352.863	18	53	0.2374	318.0000	22.5000
36364.943	19	53	0.2374	318.0000	22.5000
36377.022	20	53	0.2375	318.0000	22.5000
36389.101	21	53	0.2376	318.0000	22.5000
36401.180	22	53	0.2376	318.0000	22.5000
36413.260	23	53	0.2377	318.0000	22.5000
36425.339	24	53	0.2377	318.0000	22.5000
36437.418	25	53	0.2378	318.0000	22.5000
36438.321	24	53	0.2378	318.0000	22.5000
36449.497	25	53	0.2379	318.0000	22.5000
36461.577	26	53	0.2380	318.0000	22.5000
36477.835	27	53	0.2381	318.0000	22.5000
36494.094	28	53	0.2382	318.0000	22.5000
36510.352	29	53	0.2383	318.0000	22.5000
36526.611	30	53	0.2384	318.0000	22.5000
36542.870	31	53	0.2385	318.0000	22.5000
36554.004	30	53	0.2386	318.0000	22.5000
36554.004	29	53	0.2386	318.0000	22.5000
36559.128	30	53	0.2386	318.0000	22.5000
36575.387	31	53	0.2387	318.0000	22.5000
36591.645	32	53	0.2389	318.0000	22.5000
36607.904	33	53	0.2390	318.0000	22.5000
36624.162	34	53	0.2391	318.0000	22.5000
36640.421	35	53	0.2392	318.0000	22.5000
36656.680	36	53	0.2394	318.0000	22.5000
36659.404	35	53	0.2394	318.0000	22.5000
36659.404	34	53	0.2394	318.0000	22.5000
36672.674	33	53	0.2395	318.0000	22.5000
36672.938	34	53	0.2395	318.0000	22.5000
36689.197	35	53	0.2396	318.0000	22.5000
36705.455	36	53	0.2398	318.0000	22.5000
36720.154	35	53	0.2399	318.0000	22.5000
36721.714	36	53	0.2399	318.0000	22.5000
36737.973	37	53	0.2401	318.0000	22.5000
36754.231	38	53	0.2402	318.0000	22.5000
36770.490	39	53	0.2403	318.0000	22.5000
36786.748	40	53	0.2405	318.0000	22.5000
36825.984	39	53	0.2409	318.0000	22.5000
36909.600	38	53	0.2416	318.0000	22.5000
37019.758	37	53	0.2426	318.0000	22.5000
37019.758	36	53	0.2426	318.0000	22.5000
37213.566	35	53	0.2443	318.0000	22.5000
37213.566	34	53	0.2443	318.0000	22.5000
37322.957	33	53	0.2452	318.0000	22.5000
37322.957	32	53	0.2452	318.0000	22.5000
37348.610	31	53	0.2454	318.0000	22.5000
37469.587	30	53	0.2463	318.0000	22.5000
37587.188	29	53	0.2471	318.0000	22.5000
37587.188	28	53	0.2471	318.0000	22.5000
37587.188	27	53	0.2471	318.0000	22.5000
37618.420	26	53	0.2473	318.0000	22.5000
37837.622	25	53	0.2487	318.0000	25.0000
37850.183	24	53	0.2488	318.0000	25.0000
37895.819	23	53	0.2490	318.0000	25.0000
37895.819	22	53	0.2490	318.0000	25.0000
37895.819	21	53	0.2490	318.0000	25.0000
37980.992	20	53	0.2494	318.0000	25.0000
38132.884	19	53	0.2502	318.0000	25.0000
38188.188	18	53	0.2504	318.0000	25.0000
38417.566	17	53	0.2514	318.0000	25.0000
38467.908	16	53	0.2516	318.0000	25.0000
38468.331	15	53	0.2516	318.0000	25.0000
38593.834	14	53	0.2521	318.0000	25.0000
38669.708	13	53	0.2523	318.0000	25.0000
38747.317	12	53	0.2526	318.0000	25.0000
38779.892	11	53	0.2526	318.0000	25.0000
38816.852	10	53	0.2527	318.0000	25.0000
38948.721	9	53	0.2531	318.0000	25.0000
39067.294	8	53	0.2533	318.0000	25.0000
39398.097	7	53	0.2539	318.0000	25.0000
39398.097	6	53	0.2539	318.0000	25.0000
39550.192	5	53	0.2542	318.0000	25.0000
39550.192	4	53	0.2542	318.0000	25.0000
39733.490	3	53	0.2543	318.0000	25.0000
39733.490	2	53	0.2543	318.0000	25.0000
39830.075	1	53	0.2544	318.0000	25.0000
40100.097	2	53	0.2544	318.0000	25.0000
40112.702	3	53	0.2545	318.0000	25.0000
40114.773	2	53	0.2545	318.0000	25.0000
40114.773	1	53	0.2545	318.0000	25.0000
40125.307	2	53	0.2545	318.0000	25.0000
40137.913	3	53	0.2545	318.0000	25.0000
40150.518	4	53	0.2545	318.0000	25.0000
40163.123	5	53	0.2545	318.0000	25.0000
40175.728	6	53	0.2545	318.0000	25.0000
40188.333	7	53	0.2545	318.0000	25.0000
40200.938	8	53	0.2545	318.0000	25.0000
40216.909	9	53	0.2546	318.0000	25.0000
40232.879	10	53	0.2546	318.0000	25.0000
40248.850	11	53	0.2546	318.0000	25.0000
40251.449	10	53	0.2547	318.0000	25.0000
40264.821	11	53	0.2547	318.0000	25.0000
40279.529	10	53	0.2547	318.0000	25.0000
40280.792	11	53	0.2547	318.0000	25.0000
40296.762	12	53	0.2548	318.0000	25.0000
40312.733	13	53	0.2548	318.0000	25.0000
40328.704	14	53	0.2549	318.0000	25.0000
40344.674	15	53	0.2549	318.0000	25.0000
40360.645	16	53	0.2550	318.0000	25.0000
40376.616	17	53	0.2550	318.0000	25.0000
40392.586	18	53	0.2551	318.0000	25.0000
40408.557	19	53	0.2552	318.0000	25.0000
40424.528	20	53	0.2552	318.0000	25.0000
40440.498	21	53	0.2553	318.0000	25.0000
40443.468	20	53	0.2553	318.0000	25.0000
40443.468	19	53	0.2553	318.0000	25.0000
40456.469	20	53	0.2554	318.0000	25.0000
40472.440	21	53	0.2555	318.0000	25.0000
40488.410	22	53	0.2555	318.0000	25.0000
40504.381	23	53	0.2556	318.0000	25.0000
40516.798	22	53	0.2557	318.0000	25.0000
40520.352	23	53	0.2557	318.0000	25.0000
40548.926	22	53	0.2559	318.0000	25.0000
40584.383	21	53	0.2561	318.0000	25.0000
40584.383	20	53	0.2561	318.0000	25.0000
40584.383	19	53	0.2561	318.0000	25.0000
40584.383	18	53	0.2561	318.0000	25.0000
40666.818	17	53	0.2564	318.0000	25.0000
40673.041	16	53	0.2564	318.0000	25.0000
40673.041	15	53	0.2564	318.0000	25.0000
40790.112	14	53	0.2569	318.0000	25.0000
40790.112	13	53	0.2569	318.0000	25.0000
41054.737	12	53	0.2577	318.0000	25.0000
41054.737	11	53	0.2577	318.0000	25.0000
41160.649	10	53	0.2580	318.0000	25.0000
41160.649	9	53	0.2580	318.0000	25.0000
41321.148	8	53	0.2583	318.0000	25.0000
41452.485	7	53	0.2585	318.0000	27.5000
41452.485	6	53	0.2585	318.0000	27.5000
41535.364	5	53	0.2587	318.0000	27.5000
41617.575	4	53	0.2588	318.0000	27.5000
41784.189	3	53	0.2589	318.0000	27.5000
41901.416	2	53	0.2590	318.0000	27.5000
42226.335	1	53	0.2592	318.0000	27.5000
42245.427	0	53	0.2592	318.0000	27.5000
42303.184	0	54	0.2592	324.0000	27.5000
42351.197	0	55	0.2592	330.0000	27.5000
42408.181	0	56	0.2592	336.0000	27.5000
42604.779	0	57	0.2592	342.0000	27.5000
42604.779	0	58	0.2592	348.0000	27.5000
42604.779	0	59	0.2592	354.0000	27.5000
42604.779	0	60	0.2592	360.0000	27.5000
42604.779	0	61	0.2592	366.0000	27.5000
42669.120	0	62	0.2592	372.0000	27.5000
42669.120	0	63	0.2592	378.0000	27.5000
42932.326	0	64	0.2592	384.0000	27.5000
42932.326	0	65	0.2592	390.0000	27.5000
43020.100	0	66	0.2592	396.0000	27.5000
43020.100	0	67	0.2592	402.0000	27.5000
43068.384	0	68	0.2592	408.0000	27.5000
43068.384	0	69	0.2592	414.0000	27.5000
43068.384	0	70	0.2592	420.0000	27.5000
43068.384	0	71	0.2592	426.0000	27.5000
43112.924	0	72	0.2592	432.0000	27.5000
43214.675	0	73	0.2592	438.0000	27.5000
43368.759	1	73	0.2592	438.0000	27.5000
43385.651	2	73	0.2592	438.0000	27.5000
43402.543	3	73	0.2592	438.0000	27.5000
43419.436	4	73	0.2592	438.0000	27.5000
43436.328	5	73	0.2592	438.0000	27.5000
43453.220	6	73	0.2592	438.0000	27.5000
43470.113	7	73	0.2593	438.0000	27.5000
43487.005	8	73	0.2593	438.0000	27.5000
43503.897	9	73	0.2593	438.0000	27.5000
43520.790	10	73	0.2593	438.0000	27.5000
43537.682	11	73	0.2594	438.0000	27.5000
43554.574	12	73	0.2594	438.0000	27.5000
43571.467	13	73	0.2595	438.0000	27.5000
43588.359	14	73	0.2595	438.0000	27.5000
43605.251	15	73	0.2596	438.0000	27.5000
43622.144	16	73	0.2596	438.0000	27.5000
43639.036	17	73	0.2597	438.0000	27.5000
43655.928	18	73	0.2598	438.0000	27.5000
43672.820	19	73	0.2599	438.0000	27.5000
43689.713	20	73	0.2599	438.0000	27.5000
43703.126	21	73	0.2600	438.0000	27.5000
43716.539	22	73	0.2601	438.0000	27.5000
43729.952	23	73	0.2601	438.0000	27.5000
43743.365	24	73	0.2602	438.0000	27.5000
43756.778	25	73	0.2603	438.0000	27.5000
43770.191	26	73	0.2604	438.0000	27.5000
43783.605	27	73	0.2604	438.0000	27.5000
43797.018	28	73	0.2605	438.0000	27.5000
43810.431	29	73	0.2606	438.0000	27.5000
43823.844	30	73	0.2607	438.0000	27.5000
43837.257	31	73	0.2608	438.0000	27.5000
43850.670	32	73	0.2609	438.0000	27.5000
43864.083	33	73	0.2610	438.0000	27.5000
43877.496	34	73	0.2611	438.0000	27.5000
43890.910	35	73	0.2612	438.0000	27.5000
43904.323	36	73	0.2613	438.0000	27.5000
43917.736	37	73	0.2615	438.0000	27.5000
43931.149	38	73	0.2616	438.0000	27.5000
43944.562	39	73	0.2617	438.0000	27.5000
43957.975	40	73	0.2618	438.0000	27.5000
43976.054	41	73	0.2620	438.0000	27.5000
43994.133	42	73	0.2622	438.0000	27.5000
44012.212	43	73	0.2623	438.0000	27.5000
44030.291	44	73	0.2625	438.0000	27.5000
44048.369	45	73	0.2627	438.0000	27.5000
44066.448	46	73	0.2629	438.0000	27.5000
44084.527	47	73	0.2631	438.0000	27.5000
