# s=75 S=80 h=0.0151 p=8.8000 c=2.5000
# time_s	level	cum_oos	holding_eur	shortage_eur	order_eur
0.000	80	0	0.0000	0.0000	0.0000
251.468	79	0	0.0070	0.0000	0.0000
1745.193	78	0	0.0483	0.0000	0.0000
1841.200	77	0	0.0509	0.0000	0.0000
1918.536	76	0	0.0530	0.0000	0.0000
2259.166	75	0	0.0620	0.0000	0.0000
2550.803	74	0	0.0697	0.0000	0.0000
2550.803	73	0	0.0697	0.0000	0.0000
2573.587	72	0	0.0703	0.0000	0.0000
3201.977	71	0	0.0861	0.0000	0.0000
3201.977	70	0	0.0861	0.0000	0.0000
3475.618	69	0	0.0928	0.0000	0.0000
3791.555	68	0	0.1004	0.0000	2.5000
3838.068	67	0	0.1015	0.0000	2.5000
3838.068	66	0	0.1015	0.0000	2.5000
3847.758	67	0	0.1017	0.0000	2.5000
3858.767	68	0	0.1020	0.0000	2.5000
3869.776	69	0	0.1022	0.0000	2.5000
3880.785	70	0	0.1025	0.0000	2.5000
3891.793	71	0	0.1028	0.0000	2.5000
3902.802	72	0	0.1030	0.0000	2.5000
3913.811	73	0	0.1033	0.0000	2.5000
3924.820	74	0	0.1036	0.0000	2.5000
3935.828	75	0	0.1039	0.0000	2.5000
3946.837	76	0	0.1042	0.0000	2.5000
3952.247	75	0	0.1043	0.0000	2.5000
3952.247	74	0	0.1043	0.0000	2.5000
3957.846	75	0	0.1045	0.0000	2.5000
4019.346	74	0	0.1061	0.0000	2.5000
4019.346	73	0	0.1061	0.0000	2.5000
4134.035	72	0	0.1090	0.0000	2.5000
4134.035	71	0	0.1090	0.0000	2.5000
4134.035	70	0	0.1090	0.0000	2.5000
4211.943	69	0	0.1109	0.0000	2.5000
4226.009	68	0	0.1112	0.0000	2.5000
4642.725	67	0	0.1211	0.0000	2.5000
4642.725	66	0	0.1211	0.0000	2.5000
4765.402	65	0	0.1240	0.0000	2.5000
4860.783	64	0	0.1261	0.0000	2.5000
4860.783	63	0	0.1261	0.0000	2.5000
4860.783	62	0	0.1261	0.0000	2.5000
4860.783	61	0	0.1261	0.0000	2.5000
4886.968	60	0	0.1267	0.0000	2.5000
4985.125	59	0	0.1288	0.0000	2.5000
4985.125	58	0	0.1288	0.0000	2.5000
5148.634	57	0	0.1321	0.0000	2.5000
5175.417	56	0	0.1326	0.0000	2.5000
5201.387	55	0	0.1331	0.0000	2.5000
5270.622	54	0	0.1344	0.0000	2.5000
5270.622	53	0	0.1344	0.0000	2.5000
5370.628	52	0	0.1363	0.0000	2.5000
5561.433	51	0	0.1398	0.0000	5.0000
5785.180	52	0	0.1438	0.0000	5.0000
5798.144	53	0	0.1440	0.0000	5.0000
5811.107	54	0	0.1442	0.0000	5.0000
5824.071	55	0	0.1445	0.0000	5.0000
5837.035	56	0	0.1447	0.0000	5.0000
5849.998	57	0	0.1450	0.0000	5.0000
5862.962	58	0	0.1452	0.0000	5.0000
5875.926	59	0	0.1455	0.0000	5.0000
5888.889	60	0	0.1458	0.0000	5.0000
5901.853	61	0	0.1460	0.0000	5.0000
5914.817	62	0	0.1463	0.0000	5.0000
5927.780	63	0	0.1466	0.0000	5.0000
5940.744	64	0	0.1469	0.0000	5.0000
5953.707	65	0	0.1472	0.0000	5.0000
5966.671	66	0	0.1475	0.0000	5.0000
5979.635	67	0	0.1478	0.0000	5.0000
5992.598	68	0	0.1481	0.0000	5.0000
6005.562	69	0	0.1484	0.0000	5.0000
6018.526	70	0	0.1487	0.0000	5.0000
6031.489	71	0	0.1490	0.0000	5.0000
6040.150	72	0	0.1492	0.0000	5.0000
6048.810	73	0	0.1494	0.0000	5.0000
6057.470	74	0	0.1497	0.0000	5.0000
6066.130	75	0	0.1499	0.0000	5.0000
6074.790	76	0	0.1501	0.0000	5.0000
6083.451	77	0	0.1503	0.0000	5.0000
6092.111	78	0	0.1506	0.0000	5.0000
6100.771	79	0	0.1508	0.0000	5.0000
6107.686	78	0	0.1510	0.0000	5.0000
6138.211	77	0	0.1518	0.0000	5.0000
6218.930	76	0	0.1540	0.0000	5.0000
6298.971	75	0	0.1561	0.0000	5.0000
6360.888	74	0	0.1578	0.0000	5.0000
6403.427	73	0	0.1589	0.0000	5.0000
6687.662	72	0	0.1661	0.0000	5.0000
6850.638	71	0	0.1702	0.0000	5.0000
6868.331	70	0	0.1707	0.0000	5.0000
6961.171	69	0	0.1729	0.0000	5.0000
7126.076	68	0	0.1769	0.0000	5.0000
7126.076	67	0	0.1769	0.0000	5.0000
7131.857	66	0	0.1770	0.0000	5.0000
7324.168	65	0	0.1815	0.0000	7.5000
7324.168	64	0	0.1815	0.0000	7.5000
7439.192	65	0	0.1840	0.0000	7.5000
7459.079	66	0	0.1845	0.0000	7.5000
7478.966	67	0	0.1850	0.0000	7.5000
7498.852	68	0	0.1854	0.0000	7.5000
7511.004	67	0	0.1857	0.0000	7.5000
7518.739	68	0	0.1859	0.0000	7.5000
7538.626	69	0	0.1864	0.0000	7.5000
7543.850	68	0	0.1865	0.0000	7.5000
7543.850	67	0	0.1865	0.0000	7.5000
7558.513	68	0	0.1868	0.0000	7.5000
7578.400	69	0	0.1873	0.0000	7.5000
7598.286	70	0	0.1878	0.0000	7.5000
7614.665	69	0	0.1882	0.0000	7.5000
7614.665	68	0	0.1882	0.0000	7.5000
7618.173	69	0	0.1883	0.0000	7.5000
7638.060	70	0	0.1888	0.0000	7.5000
7644.844	69	0	0.1889	0.0000	7.5000
7657.947	70	0	0.1892	0.0000	7.5000
7677.834	71	0	0.1897	0.0000	7.5000
7697.721	72	0	0.1902	0.0000	7.5000
7771.357	71	0	0.1921	0.0000	7.5000
7771.357	70	0	0.1921	0.0000	7.5000
7771.357	69	0	0.1921	0.0000	7.5000
8132.811	68	0	0.2008	0.0000	7.5000
8132.811	67	0	0.2008	0.0000	7.5000
8174.559	66	0	0.2018	0.0000	7.5000
8348.327	65	0	0.2058	0.0000	7.5000
8414.034	64	0	0.2073	0.0000	7.5000
8537.020	63	0	0.2100	0.0000	7.5000
8537.020	62	0	0.2100	0.0000	7.5000
8604.488	61	0	0.2115	0.0000	7.5000
8692.912	60	0	0.2134	0.0000	7.5000
8757.095	59	0	0.2147	0.0000	7.5000
8757.095	58	0	0.2147	0.0000	7.5000
8757.095	57	0	0.2147	0.0000	7.5000
8828.715	56	0	0.2161	0.0000	7.5000
8828.715	55	0	0.2161	0.0000	7.5000
8872.109	54	0	0.2170	0.0000	7.5000
8931.923	53	0	0.2181	0.0000	7.5000
8931.923	52	0	0.2181	0.0000	7.5000
9005.153	51	0	0.2194	0.0000	10.0000
9055.555	50	0	0.2203	0.0000	10.0000
9055.555	49	0	0.2203	0.0000	10.0000
9055.555	48	0	0.2203	0.0000	10.0000
9055.555	47	0	0.2203	0.0000	10.0000
9069.977	46	0	0.2206	0.0000	10.0000
9085.756	45	0	0.2208	0.0000	10.0000
9115.918	44	0	0.2213	0.0000	10.0000
9151.179	43	0	0.2218	0.0000	10.0000
9197.173	42	0	0.2225	0.0000	10.0000
9318.605	41	0	0.2243	0.0000	10.0000
9386.613	42	0	0.2253	0.0000	10.0000
9397.863	43	0	0.2254	0.0000	10.0000
9409.113	44	0	0.2256	0.0000	10.0000
9420.364	45	0	0.2258	0.0000	10.0000
9431.614	46	0	0.2260	0.0000	10.0000
9442.864	47	0	0.2261	0.0000	10.0000
9454.114	48	0	0.2263	0.0000	10.0000
9465.364	49	0	0.2265	0.0000	10.0000
9475.981	48	0	0.2267	0.0000	10.0000
9476.615	49	0	0.2267	0.0000	10.0000
9487.865	50	0	0.2269	0.0000	10.0000
9499.115	51	0	0.2271	0.0000	10.0000
9510.365	52	0	0.2273	0.0000	10.0000
9514.258	51	0	0.2274	0.0000	10.0000
9521.615	52	0	0.2275	0.0000	10.0000
9532.866	53	0	0.2277	0.0000	10.0000
9544.116	54	0	0.2279	0.0000	10.0000
9555.366	55	0	0.2281	0.0000	10.0000
9566.616	56	0	0.2283	0.0000	10.0000
9577.866	57	0	0.2286	0.0000	10.0000
9589.117	58	0	0.2288	0.0000	10.0000
9600.367	59	0	0.2290	0.0000	10.0000
9609.763	60	0	0.2292	0.0000	10.0000
9619.158	61	0	0.2294	0.0000	10.0000
9628.554	62	0	0.2296	0.0000	10.0000
9637.950	63	0	0.2298	0.0000	10.0000
9647.345	64	0	0.2300	0.0000	10.0000
9656.741	65	0	0.2302	0.0000	10.0000
9666.137	66	0	0.2304	0.0000	10.0000
9675.532	67	0	0.2307	0.0000	10.0000
9839.315	66	0	0.2345	0.0000	10.0000
9984.873	65	0	0.2379	0.0000	10.0000
10072.959	64	0	0.2399	0.0000	10.0000
10111.264	63	0	0.2407	0.0000	10.0000
10136.300	62	0	0.2413	0.0000	10.0000
10194.226	61	0	0.2425	0.0000	10.0000
10255.154	60	0	0.2438	0.0000	10.0000
10401.774	59	0	0.2469	0.0000	10.0000
10401.774	58	0	0.2469	0.0000	10.0000
10401.774	57	0	0.2469	0.0000	10.0000
10401.774	56	0	0.2469	0.0000	10.0000
10401.774	55	0	0.2469	0.0000	10.0000
10688.658	54	0	0.2524	0.0000	10.0000
10744.367	53	0	0.2535	0.0000	10.0000
10744.367	52	0	0.2535	0.0000	10.0000
10835.301	51	0	0.2551	0.0000	12.5000
10965.523	50	0	0.2574	0.0000	12.5000
11061.945	49	0	0.2591	0.0000	12.5000
11156.902	48	0	0.2607	0.0000	12.5000
11156.902	47	0	0.2607	0.0000	12.5000
11201.768	46	0	0.2615	0.0000	12.5000
11297.066	45	0	0.2630	0.0000	12.5000
11297.066	44	0	0.2630	0.0000	12.5000
11297.066	43	0	0.2630	0.0000	12.5000
11349.749	42	0	0.2638	0.0000	12.5000
11373.844	43	0	0.2642	0.0000	12.5000
11383.293	44	0	0.2643	0.0000	12.5000
11392.741	45	0	0.2645	0.0000	12.5000
11395.846	44	0	0.2645	0.0000	12.5000
11402.189	45	0	0.2646	0.0000	12.5000
11411.638	46	0	0.2647	0.0000	12.5000
11421.086	47	0	0.2649	0.0000	12.5000
11430.534	48	0	0.2651	0.0000	12.5000
11439.983	49	0	0.2652	0.0000	12.5000
11457.676	50	0	0.2655	0.0000	12.5000
11475.370	51	0	0.2658	0.0000	12.5000
11493.064	52	0	0.2661	0.0000	12.5000
11507.805	51	0	0.2664	0.0000	12.5000
11510.757	52	0	0.2665	0.0000	12.5000
11528.451	53	0	0.2668	0.0000	12.5000
11538.114	52	0	0.2670	0.0000	12.5000
11546.145	53	0	0.2671	0.0000	12.5000
11563.838	54	0	0.2674	0.0000	12.5000
11581.532	55	0	0.2678	0.0000	12.5000
11599.226	56	0	0.2681	0.0000	12.5000
11616.919	57	0	0.2685	0.0000	12.5000
11634.613	58	0	0.2688	0.0000	12.5000
11652.307	59	0	0.2692	0.0000	12.5000
11670.001	60	0	0.2695	0.0000	12.5000
11687.694	61	0	0.2699	0.0000	12.5000
11689.634	60	0	0.2699	0.0000	12.5000
11689.634	59	0	0.2699	0.0000	12.5000
11705.388	60	0	0.2703	0.0000	12.5000
11723.082	61	0	0.2706	0.0000	12.5000
11740.775	62	0	0.2710	0.0000	12.5000
11758.469	63	0	0.2714	0.0000	12.5000
11776.163	64	0	0.2718	0.0000	12.5000
11793.856	65	0	0.2722	0.0000	12.5000
11812.629	64	0	0.2726	0.0000	12.5000
11812.629	63	0	0.2726	0.0000	12.5000
11812.629	62	0	0.2726	0.0000	12.5000
11825.453	61	0	0.2729	0.0000	12.5000
11891.890	60	0	0.2743	0.0000	12.5000
11946.095	59	0	0.2754	0.0000	12.5000
12196.533	58	0	0.2806	0.0000	12.5000
12196.533	57	0	0.2806	0.0000	12.5000
12258.720	56	0	0.2818	0.0000	12.5000
12258.720	55	0	0.2818	0.0000	12.5000
12381.533	54	0	0.2842	0.0000	12.5000
12471.725	53	0	0.2859	0.0000	12.5000
12531.270	52	0	0.2870	0.0000	12.5000
12531.270	51	0	0.2870	0.0000	12.5000
12531.270	50	0	0.2870	0.0000	12.5000
12531.270	49	0	0.2870	0.0000	12.5000
12531.270	48	0	0.2870	0.0000	12.5000
12663.775	47	0	0.2892	0.0000	15.0000
12663.775	46	0	0.2892	0.0000	15.0000
12742.060	45	0	0.2905	0.0000	15.0000
12815.375	46	0	0.2916	0.0000	15.0000
12835.210	47	0	0.2920	0.0000	15.0000
12855.045	48	0	0.2923	0.0000	15.0000
12874.879	49	0	0.2926	0.0000	15.0000
12894.714	50	0	0.2930	0.0000	15.0000
12914.549	51	0	0.2933	0.0000	15.0000
12931.460	50	0	0.2936	0.0000	15.0000
12931.460	49	0	0.2936	0.0000	15.0000
12934.384	50	0	0.2937	0.0000	15.0000
12954.218	51	0	0.2940	0.0000	15.0000
12963.114	50	0	0.2942	0.0000	15.0000
12974.053	51	0	0.2944	0.0000	15.0000
12993.888	52	0	0.2947	0.0000	15.0000
13013.723	53	0	0.2951	0.0000	15.0000
13033.557	54	0	0.2954	0.0000	15.0000
13042.898	55	0	0.2956	0.0000	15.0000
13052.239	56	0	0.2958	0.0000	15.0000
13061.579	57	0	0.2960	0.0000	15.0000
13070.920	58	0	0.2962	0.0000	15.0000
13080.260	59	0	0.2964	0.0000	15.0000
13089.601	60	0	0.2965	0.0000	15.0000
13098.941	61	0	0.2967	0.0000	15.0000
13108.282	62	0	0.2969	0.0000	15.0000
13117.623	63	0	0.2971	0.0000	15.0000
13126.963	64	0	0.2974	0.0000	15.0000
13136.304	65	0	0.2976	0.0000	15.0000
13141.450	64	0	0.2977	0.0000	15.0000
13141.450	63	0	0.2977	0.0000	15.0000
13141.450	62	0	0.2977	0.0000	15.0000
13141.450	61	0	0.2977	0.0000	15.0000
13145.644	62	0	0.2978	0.0000	15.0000
13154.985	63	0	0.2980	0.0000	15.0000
13164.325	64	0	0.2982	0.0000	15.0000
13173.666	65	0	0.2984	0.0000	15.0000
13183.007	66	0	0.2986	0.0000	15.0000
13192.347	67	0	0.2988	0.0000	15.0000
13201.688	68	0	0.2990	0.0000	15.0000
13211.028	69	0	0.2993	0.0000	15.0000
13220.369	70	0	0.2995	0.0000	15.0000
13247.839	69	0	0.3001	0.0000	15.0000
13247.839	68	0	0.3001	0.0000	15.0000
13324.603	67	0	0.3020	0.0000	15.0000
13339.340	66	0	0.3023	0.0000	15.0000
13356.353	65	0	0.3027	0.0000	15.0000
13430.532	64	0	0.3044	0.0000	15.0000
13430.532	63	0	0.3044	0.0000	15.0000
13500.953	62	0	0.3059	0.0000	15.0000
13527.240	61	0	0.3065	0.0000	15.0000
13588.329	60	0	0.3078	0.0000	15.0000
13656.852	59	0	0.3093	0.0000	15.0000
13666.351	58	0	0.3095	0.0000	15.0000
13668.885	57	0	0.3095	0.0000	15.0000
13693.698	56	0	0.3100	0.0000	15.0000
13898.947	55	0	0.3140	0.0000	15.0000
13968.195	54	0	0.3153	0.0000	15.0000
14162.266	53	0	0.3190	0.0000	15.0000
14166.393	52	0	0.3191	0.0000	15.0000
14166.393	51	0	0.3191	0.0000	15.0000
14166.393	50	0	0.3191	0.0000	15.0000
14166.393	49	0	0.3191	0.0000	15.0000
14166.393	48	0	0.3191	0.0000	15.0000
14166.393	47	0	0.3191	0.0000	15.0000
14536.281	46	0	0.3252	0.0000	17.5000
14574.511	45	0	0.3258	0.0000	17.5000
14617.442	44	0	0.3265	0.0000	17.5000
14716.511	43	0	0.3280	0.0000	17.5000
14716.511	42	0	0.3280	0.0000	17.5000
14716.511	41	0	0.3280	0.0000	17.5000
14795.955	40	0	0.3291	0.0000	17.5000
14894.860	41	0	0.3305	0.0000	17.5000
14901.723	42	0	0.3306	0.0000	17.5000
14908.587	43	0	0.3307	0.0000	17.5000
14915.451	44	0	0.3308	0.0000	17.5000
14922.315	45	0	0.3309	0.0000	17.5000
14929.178	46	0	0.3310	0.0000	17.5000
14936.042	47	0	0.3311	0.0000	17.5000
14942.906	48	0	0.3312	0.0000	17.5000
14949.769	49	0	0.3314	0.0000	17.5000
14956.633	50	0	0.3315	0.0000	17.5000
14963.497	51	0	0.3316	0.0000	17.5000
14970.361	52	0	0.3317	0.0000	17.5000
14977.224	53	0	0.3318	0.0000	17.5000
14984.088	54	0	0.3320	0.0000	17.5000
14990.952	55	0	0.3321	0.0000	17.5000
14997.816	56	0	0.3322	0.0000	17.5000
15004.679	57	0	0.3324	0.0000	17.5000
15011.543	58	0	0.3325	0.0000	17.5000
15018.407	59	0	0.3326	0.0000	17.5000
15025.270	60	0	0.3328	0.0000	17.5000
15029.629	59	0	0.3329	0.0000	17.5000
15029.629	58	0	0.3329	0.0000	17.5000
15039.549	59	0	0.3331	0.0000	17.5000
15053.827	60	0	0.3334	0.0000	17.5000
15068.106	61	0	0.3337	0.0000	17.5000
15082.384	62	0	0.3340	0.0000	17.5000
15096.663	63	0	0.3343	0.0000	17.5000
15110.941	64	0	0.3346	0.0000	17.5000
15115.976	63	0	0.3347	0.0000	17.5000
15115.976	62	0	0.3347	0.0000	17.5000
15125.220	63	0	0.3349	0.0000	17.5000
15139.498	64	0	0.3352	0.0000	17.5000
15153.777	65	0	0.3355	0.0000	17.5000
15168.055	66	0	0.3359	0.0000	17.5000
15182.334	67	0	0.3362	0.0000	17.5000
15196.612	68	0	0.3365	0.0000	17.5000
15210.699	67	0	0.3369	0.0000	17.5000
15210.891	68	0	0.3369	0.0000	17.5000
15240.080	67	0	0.3376	0.0000	17.5000
15240.080	66	0	0.3376	0.0000	17.5000
15318.085	65	0	0.3394	0.0000	17.5000
15399.632	64	0	0.3412	0.0000	17.5000
15508.561	63	0	0.3436	0.0000	17.5000
15835.018	62	0	0.3508	0.0000	17.5000
15835.018	61	0	0.3508	0.0000	17.5000
15927.044	60	0	0.3528	0.0000	17.5000
15927.044	59	0	0.3528	0.0000	17.5000
15984.919	58	0	0.3540	0.0000	17.5000
15984.919	57	0	0.3540	0.0000	17.5000
15984.919	56	0	0.3540	0.0000	17.5000
16131.059	55	0	0.3569	0.0000	17.5000
16131.059	54	0	0.3569	0.0000	17.5000
16131.059	53	0	0.3569	0.0000	17.5000
16131.059	52	0	0.3569	0.0000	17.5000
16221.593	51	0	0.3585	0.0000	20.0000
16221.593	50	0	0.3585	0.0000	20.0000
16374.497	51	0	0.3612	0.0000	20.0000
16376.222	50	0	0.3612	0.0000	20.0000
16376.222	49	0	0.3612	0.0000	20.0000
16376.222	48	0	0.3612	0.0000	20.0000
16388.231	49	0	0.3614	0.0000	20.0000
16401.965	50	0	0.3616	0.0000	20.0000
16415.700	51	0	0.3619	0.0000	20.0000
16429.434	52	0	0.3621	0.0000	20.0000
16443.169	53	0	0.3624	0.0000	20.0000
16455.849	52	0	0.3626	0.0000	20.0000
16455.849	51	0	0.3626	0.0000	20.0000
16455.849	50	0	0.3626	0.0000	20.0000
16456.903	51	0	0.3626	0.0000	20.0000
16470.638	52	0	0.3629	0.0000	20.0000
16489.800	53	0	0.3632	0.0000	20.0000
16492.119	52	0	0.3633	0.0000	20.0000
16506.560	53	0	0.3635	0.0000	20.0000
16523.321	54	0	0.3638	0.0000	20.0000
16540.082	55	0	0.3642	0.0000	20.0000
16556.842	56	0	0.3645	0.0000	20.0000
16573.603	57	0	0.3648	0.0000	20.0000
16590.363	58	0	0.3651	0.0000	20.0000
16607.124	59	0	0.3655	0.0000	20.0000
16623.884	60	0	0.3658	0.0000	20.0000
16640.645	61	0	0.3662	0.0000	20.0000
16657.406	62	0	0.3665	0.0000	20.0000
16674.166	63	0	0.3669	0.0000	20.0000
16690.927	64	0	0.3673	0.0000	20.0000
16707.687	65	0	0.3676	0.0000	20.0000
16724.448	66	0	0.3680	0.0000	20.0000
16741.209	67	0	0.3684	0.0000	20.0000
16746.460	66	0	0.3685	0.0000	20.0000
16746.460	65	0	0.3685	0.0000	20.0000
16746.460	64	0	0.3685	0.0000	20.0000
16746.460	63	0	0.3685	0.0000	20.0000
16757.969	64	0	0.3688	0.0000	20.0000
16774.730	65	0	0.3692	0.0000	20.0000
16791.490	66	0	0.3695	0.0000	20.0000
16808.251	67	0	0.3699	0.0000	20.0000
16978.785	66	0	0.3739	0.0000	20.0000
16978.785	65	0	0.3739	0.0000	20.0000
16978.785	64	0	0.3739	0.0000	20.0000
17007.901	63	0	0.3746	0.0000	20.0000
17007.901	62	0	0.3746	0.0000	20.0000
17096.918	61	0	0.3765	0.0000	20.0000
17145.689	60	0	0.3775	0.0000	20.0000
17145.689	59	0	0.3775	0.0000	20.0000
17145.689	58	0	0.3775	0.0000	20.0000
17145.689	57	0	0.3775	0.0000	20.0000
17310.033	56	0	0.3808	0.0000	20.0000
17447.085	55	0	0.3835	0.0000	20.0000
17447.085	54	0	0.3835	0.0000	20.0000
17447.085	53	0	0.3835	0.0000	20.0000
17462.883	52	0	0.3838	0.0000	20.0000
17549.962	51	0	0.3854	0.0000	20.0000
17549.962	50	0	0.3854	0.0000	20.0000
17549.962	49	0	0.3854	0.0000	20.0000
17560.368	48	0	0.3856	0.0000	20.0000
17560.368	47	0	0.3856	0.0000	20.0000
17602.148	46	0	0.3862	0.0000	20.0000
17639.852	45	0	0.3868	0.0000	20.0000
17767.473	44	0	0.3889	0.0000	20.0000
17830.951	43	0	0.3898	0.0000	20.0000
17860.445	42	0	0.3903	0.0000	20.0000
17860.445	41	0	0.3903	0.0000	20.0000
17860.445	40	0	0.3903	0.0000	20.0000
17860.445	39	0	0.3903	0.0000	20.0000
17910.530	38	0	0.3910	0.0000	20.0000
17918.212	37	0	0.3911	0.0000	20.0000
17918.212	36	0	0.3911	0.0000	20.0000
17992.707	35	0	0.3920	0.0000	20.0000
17992.707	34	0	0.3920	0.0000	20.0000
17992.707	33	0	0.3920	0.0000	20.0000
18029.226	32	0	0.3924	0.0000	22.5000
18065.871	31	0	0.3928	0.0000	22.5000
18065.871	30	0	0.3928	0.0000	22.5000
18160.206	29	0	0.3938	0.0000	22.5000
18160.206	28	0	0.3938	0.0000	22.5000
18296.909	27	0	0.3952	0.0000	22.5000
18296.909	26	0	0.3952	0.0000	22.5000
18296.909	25	0	0.3952	0.0000	22.5000
18643.681	24	0	0.3982	0.0000	22.5000
18643.681	23	0	0.3982	0.0000	22.5000
18643.681	22	0	0.3982	0.0000	22.5000
18643.681	21	0	0.3982	0.0000	22.5000
18643.681	20	0	0.3982	0.0000	22.5000
18643.681	19	0	0.3982	0.0000	22.5000
18787.451	18	0	0.3991	0.0000	22.5000
18787.451	17	0	0.3991	0.0000	22.5000
18787.451	16	0	0.3991	0.0000	22.5000
18833.784	15	0	0.3994	0.0000	22.5000
18833.784	14	0	0.3994	0.0000	22.5000
18881.507	13	0	0.3996	0.0000	22.5000
19012.986	12	0	0.4002	0.0000	22.5000
19012.986	11	0	0.4002	0.0000	22.5000
19012.986	10	0	0.4002	0.0000	22.5000
19109.636	9	0	0.4006	0.0000	22.5000
19124.804	8	0	0.4006	0.0000	22.5000
19156.501	7	0	0.4007	0.0000	22.5000
19300.507	6	0	0.4011	0.0000	22.5000
19300.507	5	0	0.4011	0.0000	22.5000
19300.507	4	0	0.4011	0.0000	22.5000
19315.477	5	0	0.4011	0.0000	22.5000
19330.448	6	0	0.4011	0.0000	22.5000
19345.418	7	0	0.4011	0.0000	22.5000
19360.389	8	0	0.4012	0.0000	22.5000
19375.359	9	0	0.4012	0.0000	22.5000
19390.330	10	0	0.4013	0.0000	22.5000
19405.300	11	0	0.4013	0.0000	22.5000
19420.271	12	0	0.4014	0.0000	22.5000
19435.241	13	0	0.4014	0.0000	22.5000
19450.212	14	0	0.4015	0.0000	22.5000
19465.182	15	0	0.4016	0.0000	22.5000
19480.153	16	0	0.4016	0.0000	22.5000
19495.123	17	0	0.4017	0.0000	22.5000
19496.554	16	0	0.4017	0.0000	22.5000
19496.554	15	0	0.4017	0.0000	22.5000
19496.554	14	0	0.4017	0.0000	22.5000
19496.554	13	0	0.4017	0.0000	22.5000
19510.094	14	0	0.4018	0.0000	22.5000
19513.141	13	0	0.4018	0.0000	22.5000
19525.064	14	0	0.4019	0.0000	22.5000
19532.429	13	0	0.4019	0.0000	22.5000
19540.035	14	0	0.4019	0.0000	22.5000
19555.005	15	0	0.4020	0.0000	22.5000
19569.976	16	0	0.4021	0.0000	22.5000
19574.291	15	0	0.4021	0.0000	22.5000
19574.291	14	0	0.4021	0.0000	22.5000
19584.946	15	0	0.4022	0.0000	22.5000
19599.917	16	0	0.4022	0.0000	22.5000
19615.454	15	0	0.4023	0.0000	22.5000
19640.492	14	0	0.4025	0.0000	22.5000
19654.411	15	0	0.4025	0.0000	22.5000
19668.330	16	0	0.4026	0.0000	22.5000
19682.249	17	0	0.4027	0.0000	22.5000
19696.168	18	0	0.4028	0.0000	22.5000
19710.087	19	0	0.4029	0.0000	22.5000
19724.006	20	0	0.4029	0.0000	22.5000
19737.925	21	0	0.4030	0.0000	22.5000
19741.733	20	0	0.4031	0.0000	22.5000
19741.733	19	0	0.4031	0.0000	22.5000
19751.844	20	0	0.4031	0.0000	22.5000
19765.764	21	0	0.4032	0.0000	22.5000
19779.683	22	0	0.4033	0.0000	22.5000
19793.602	23	0	0.4034	0.0000	22.5000
19807.521	24	0	0.4036	0.0000	22.5000
19821.440	25	0	0.4037	0.0000	22.5000
19835.359	26	0	0.4038	0.0000	22.5000
19849.278	27	0	0.4039	0.0000	22.5000
19863.197	28	0	0.4041	0.0000	22.5000
19877.116	29	0	0.4042	0.0000	22.5000
19889.376	28	0	0.4043	0.0000	22.5000
19889.376	27	0	0.4043	0.0000	22.5000
19891.036	28	0	0.4043	0.0000	22.5000
19904.955	29	0	0.4045	0.0000	22.5000
19918.874	30	0	0.4046	0.0000	22.5000
19933.817	29	0	0.4048	0.0000	22.5000
19933.817	28	0	0.4048	0.0000	22.5000
19936.491	29	0	0.4048	0.0000	22.5000
19954.107	30	0	0.4050	0.0000	22.5000
19971.724	31	0	0.4052	0.0000	22.5000
19989.341	32	0	0.4053	0.0000	22.5000
20006.958	33	0	0.4055	0.0000	22.5000
20024.574	34	0	0.4057	0.0000	22.5000
20042.191	35	0	0.4060	0.0000	22.5000
20233.492	34	0	0.4083	0.0000	22.5000
20493.147	33	0	0.4114	0.0000	22.5000
20493.147	32	0	0.4114	0.0000	22.5000
20581.889	31	0	0.4124	0.0000	22.5000
20688.758	30	0	0.4135	0.0000	22.5000
20832.438	29	0	0.4150	0.0000	22.5000
20876.679	28	0	0.4155	0.0000	22.5000
21057.886	27	0	0.4173	0.0000	22.5000
21057.886	26	0	0.4173	0.0000	22.5000
21102.808	25	0	0.4177	0.0000	22.5000
21102.808	24	0	0.4177	0.0000	22.5000
21189.981	23	0	0.4184	0.0000	22.5000
21267.633	22	0	0.4190	0.0000	22.5000
21345.243	21	0	0.4196	0.0000	22.5000
21345.243	20	0	0.4196	0.0000	22.5000
21345.243	19	0	0.4196	0.0000	22.5000
21404.873	18	0	0.4200	0.0000	22.5000
21420.090	17	0	0.4201	0.0000	22.5000
21498.868	16	0	0.4206	0.0000	22.5000
21511.466	15	0	0.4207	0.0000	22.5000
21596.741	14	0	0.4211	0.0000	22.5000
21596.741	13	0	0.4211	0.0000	22.5000
21861.746	12	0	0.4223	0.0000	25.0000
21938.726	11	0	0.4226	0.0000	25.0000
21938.726	10	0	0.4226	0.0000	25.0000
22019.423	9	0	0.4229	0.0000	25.0000
22019.423	8	0	0.4229	0.0000	25.0000
22153.927	7	0	0.4233	0.0000	25.0000
22264.455	6	0	0.4236	0.0000	25.0000
22344.121	5	0	0.4237	0.0000	25.0000
22388.797	4	0	0.4238	0.0000	25.0000
22408.703	5	0	0.4238	0.0000	25.0000
22428.608	6	0	0.4239	0.0000	25.0000
22448.514	7	0	0.4239	0.0000	25.0000
22468.419	8	0	0.4240	0.0000	25.0000
22488.324	9	0	0.4240	0.0000	25.0000
22508.230	10	0	0.4241	0.0000	25.0000
22528.135	11	0	0.4241	0.0000	25.0000
22548.041	12	0	0.4242	0.0000	25.0000
22567.946	13	0	0.4243	0.0000	25.0000
22587.851	14	0	0.4244	0.0000	25.0000
22607.757	15	0	0.4245	0.0000	25.0000
22627.662	16	0	0.4246	0.0000	25.0000
22647.568	17	0	0.4247	0.0000	25.0000
22667.473	18	0	0.4248	0.0000	25.0000
22687.379	19	0	0.4249	0.0000	25.0000
22707.284	20	0	0.4251	0.0000	25.0000
22727.189	21	0	0.4252	0.0000	25.0000
22747.095	22	0	0.4254	0.0000	25.0000
22767.000	23	0	0.4255	0.0000	25.0000
22786.906	24	0	0.4257	0.0000	25.0000
22796.690	23	0	0.4258	0.0000	25.0000
22814.620	22	0	0.4259	0.0000	25.0000
22823.672	23	0	0.4260	0.0000	25.0000
22832.724	24	0	0.4260	0.0000	25.0000
22841.776	25	0	0.4261	0.0000	25.0000
22850.828	26	0	0.4262	0.0000	25.0000
22859.881	27	0	0.4263	0.0000	25.0000
22868.933	28	0	0.4264	0.0000	25.0000
22877.985	29	0	0.4265	0.0000	25.0000
22887.037	30	0	0.4265	0.0000	25.0000
22896.089	31	0	0.4266	0.0000	25.0000
22905.141	32	0	0.4267	0.0000	25.0000
22914.193	33	0	0.4268	0.0000	25.0000
22923.246	34	0	0.4269	0.0000	25.0000
22932.298	35	0	0.4271	0.0000	25.0000
22941.350	36	0	0.4272	0.0000	25.0000
22950.402	37	0	0.4273	0.0000	25.0000
22959.454	38	0	0.4274	0.0000	25.0000
22968.506	39	0	0.4275	0.0000	25.0000
22977.558	40	0	0.4276	0.0000	25.0000
22986.611	41	0	0.4278	0.0000	25.0000
22995.663	42	0	0.4279	0.0000	25.0000
23010.369	43	0	0.4281	0.0000	25.0000
23025.075	44	0	0.4283	0.0000	25.0000
23039.782	45	0	0.4286	0.0000	25.0000
23054.488	46	0	0.4288	0.0000	25.0000
23069.194	47	0	0.4290	0.0000	25.0000
23083.901	48	0	0.4293	0.0000	25.0000
23098.607	49	0	0.4295	0.0000	25.0000
23113.313	50	0	0.4298	0.0000	25.0000
23128.020	51	0	0.4300	0.0000	25.0000
23142.726	52	0	0.4303	0.0000	25.0000
23154.652	51	0	0.4305	0.0000	25.0000
23157.432	52	0	0.4306	0.0000	25.0000
23172.138	53	0	0.4308	0.0000	25.0000
23186.845	54	0	0.4311	0.0000	25.0000
23201.551	55	0	0.4314	0.0000	25.0000
23216.257	56	0	0.4317	0.0000	25.0000
23230.964	57	0	0.4319	0.0000	25.0000
23244.119	56	0	0.4322	0.0000	25.0000
23245.670	57	0	0.4322	0.0000	25.0000
23260.376	58	0	0.4325	0.0000	25.0000
23275.083	59	0	0.4328	0.0000	25.0000
23289.789	60	0	0.4331	0.0000	25.0000
23299.384	61	0	0.4333	0.0000	25.0000
23308.978	62	0	0.4335	0.0000	25.0000
23318.573	63	0	0.4337	0.0000	25.0000
23328.167	64	0	0.4340	0.0000	25.0000
23337.762	65	0	0.4342	0.0000	25.0000
23347.357	66	0	0.4344	0.0000	25.0000
23356.951	67	0	0.4346	0.0000	25.0000
23381.590	66	0	0.4352	0.0000	25.0000
23697.853	65	0	0.4425	0.0000	27.5000
23697.853	64	0	0.4425	0.0000	27.5000
23697.853	63	0	0.4425	0.0000	27.5000
23793.182	62	0	0.4446	0.0000	27.5000
23837.177	61	0	0.4455	0.0000	27.5000
23906.876	60	0	0.4470	0.0000	27.5000
23935.278	59	0	0.4476	0.0000	27.5000
24210.834	58	0	0.4533	0.0000	27.5000
24210.834	57	0	0.4533	0.0000	27.5000
24311.935	58	0	0.4553	0.0000	27.5000
24325.223	59	0	0.4556	0.0000	27.5000
24338.510	60	0	0.4559	0.0000	27.5000
24342.601	59	0	0.4559	0.0000	27.5000
24351.797	60	0	0.4561	0.0000	27.5000
24365.085	61	0	0.4564	0.0000	27.5000
24378.372	62	0	0.4567	0.0000	27.5000
24391.659	63	0	0.4570	0.0000	27.5000
24404.947	64	0	0.4573	0.0000	27.5000
24418.234	65	0	0.4576	0.0000	27.5000
24431.522	66	0	0.4579	0.0000	27.5000
24444.809	67	0	0.4582	0.0000	27.5000
24458.096	68	0	0.4585	0.0000	27.5000
24471.384	69	0	0.4588	0.0000	27.5000
24484.671	70	0	0.4591	0.0000	27.5000
24524.609	69	0	0.4601	0.0000	27.5000
24524.609	68	0	0.4601	0.0000	27.5000
24573.395	67	0	0.4613	0.0000	27.5000
24622.300	66	0	0.4624	0.0000	27.5000
24842.913	65	0	0.4675	0.0000	27.5000
24872.628	64	0	0.4682	0.0000	27.5000
24915.969	63	0	0.4691	0.0000	27.5000
25119.067	62	0	0.4736	0.0000	27.5000
25119.067	61	0	0.4736	0.0000	27.5000
25177.102	60	0	0.4749	0.0000	27.5000
25181.609	59	0	0.4749	0.0000	27.5000
25225.235	58	0	0.4758	0.0000	30.0000
25518.645	57	0	0.4818	0.0000	30.0000
25518.645	56	0	0.4818	0.0000	30.0000
25598.886	57	0	0.4834	0.0000	30.0000
25608.755	58	0	0.4836	0.0000	30.0000
25618.623	59	0	0.4838	0.0000	30.0000
25628.492	60	0	0.4840	0.0000	30.0000
25638.360	61	0	0.4842	0.0000	30.0000
25648.229	62	0	0.4844	0.0000	30.0000
25658.097	63	0	0.4846	0.0000	30.0000
25667.966	64	0	0.4848	0.0000	30.0000
25677.834	65	0	0.4850	0.0000	30.0000
25687.702	66	0	0.4853	0.0000	30.0000
25697.571	67	0	0.4855	0.0000	30.0000
25707.439	68	0	0.4857	0.0000	30.0000
25717.308	69	0	0.4860	0.0000	30.0000
25727.176	70	0	0.4862	0.0000	30.0000
25737.045	71	0	0.4864	0.0000	30.0000
25746.913	72	0	0.4867	0.0000	30.0000
25756.781	73	0	0.4869	0.0000	30.0000
25766.650	74	0	0.4872	0.0000	30.0000
25776.518	75	0	0.4874	0.0000	30.0000
25781.895	74	0	0.4876	0.0000	30.0000
25781.895	73	0	0.4876	0.0000	30.0000
25786.387	74	0	0.4877	0.0000	30.0000
25796.575	75	0	0.4880	0.0000	30.0000
25876.881	74	0	0.4901	0.0000	30.0000
26152.656	73	0	0.4972	0.0000	30.0000
26474.850	72	0	0.5054	0.0000	30.0000
26474.850	71	0	0.5054	0.0000	30.0000
26632.254	70	0	0.5093	0.0000	30.0000
26916.584	69	0	0.5163	0.0000	30.0000
26916.584	68	0	0.5163	0.0000	30.0000
26916.584	67	0	0.5163	0.0000	30.0000
26976.196	66	0	0.5177	0.0000	30.0000
26976.196	65	0	0.5177	0.0000	30.0000
27132.370	64	0	0.5212	0.0000	32.5000
27165.375	65	0	0.5220	0.0000	32.5000
27175.063	66	0	0.5222	0.0000	32.5000
27184.751	67	0	0.5224	0.0000	32.5000
27194.439	68	0	0.5226	0.0000	32.5000
27204.127	69	0	0.5229	0.0000	32.5000
27213.815	70	0	0.5231	0.0000	32.5000
27223.503	71	0	0.5233	0.0000	32.5000
27233.191	72	0	0.5236	0.0000	32.5000
27242.879	73	0	0.5238	0.0000	32.5000
27252.567	74	0	0.5241	0.0000	32.5000
27262.255	75	0	0.5243	0.0000	32.5000
27271.943	76	0	0.5246	0.0000	32.5000
27281.631	77	0	0.5248	0.0000	32.5000
27291.319	78	0	0.5251	0.0000	32.5000
27301.007	79	0	0.5253	0.0000	32.5000
27556.716	78	0	0.5324	0.0000	32.5000
27626.912	77	0	0.5343	0.0000	32.5000
27809.311	76	0	0.5392	0.0000	32.5000
27809.311	75	0	0.5392	0.0000	32.5000
27809.311	74	0	0.5392	0.0000	32.5000
27921.246	73	0	0.5421	0.0000	32.5000
27921.246	72	0	0.5421	0.0000	32.5000
28005.190	71	0	0.5442	0.0000	32.5000
28149.751	70	0	0.5478	0.0000	32.5000
28180.307	69	0	0.5486	0.0000	32.5000
28258.016	68	0	0.5504	0.0000	32.5000
28288.134	67	0	0.5512	0.0000	32.5000
28428.867	66	0	0.5545	0.0000	32.5000
28561.223	65	0	0.5575	0.0000	32.5000
28849.201	64	0	0.5641	0.0000	35.0000
28986.480	63	0	0.5671	0.0000	35.0000
29078.659	62	0	0.5692	0.0000	35.0000
29113.310	61	0	0.5699	0.0000	35.0000
29203.603	60	0	0.5718	0.0000	35.0000
29221.386	61	0	0.5722	0.0000	35.0000
29227.547	60	0	0.5723	0.0000	35.0000
29227.547	59	0	0.5723	0.0000	35.0000
29232.821	60	0	0.5724	0.0000	35.0000
29244.256	61	0	0.5727	0.0000	35.0000
29255.691	62	0	0.5729	0.0000	35.0000
29267.125	63	0	0.5732	0.0000	35.0000
29278.560	64	0	0.5734	0.0000	35.0000
29289.995	65	0	0.5737	0.0000	35.0000
29301.430	66	0	0.5739	0.0000	35.0000
29312.865	67	0	0.5742	0.0000	35.0000
29324.300	68	0	0.5745	0.0000	35.0000
29335.735	69	0	0.5747	0.0000	35.0000
29347.170	70	0	0.5750	0.0000	35.0000
29358.605	71	0	0.5753	0.0000	35.0000
29370.040	72	0	0.5756	0.0000	35.0000
29381.474	73	0	0.5759	0.0000	35.0000
29408.753	72	0	0.5766	0.0000	35.0000
29408.753	71	0	0.5766	0.0000	35.0000
29450.424	70	0	0.5776	0.0000	35.0000
29583.255	69	0	0.5809	0.0000	35.0000
29815.755	68	0	0.5865	0.0000	35.0000
29835.468	67	0	0.5869	0.0000	35.0000
29978.993	66	0	0.5903	0.0000	35.0000
29978.993	65	0	0.5903	0.0000	35.0000
29978.993	64	0	0.5903	0.0000	35.0000
30013.191	63	0	0.5911	0.0000	35.0000
30209.269	62	0	0.5954	0.0000	35.0000
30323.831	61	0	0.5979	0.0000	35.0000
30323.831	60	0	0.5979	0.0000	35.0000
30556.158	59	0	0.6027	0.0000	35.0000
30571.378	58	0	0.6030	0.0000	35.0000
30590.211	57	0	0.6034	0.0000	35.0000
30607.871	56	0	0.6038	0.0000	37.5000
30636.528	57	0	0.6043	0.0000	37.5000
30645.655	58	0	0.6045	0.0000	37.5000
30654.782	59	0	0.6047	0.0000	37.5000
30727.423	58	0	0.6062	0.0000	37.5000
30727.423	57	0	0.6062	0.0000	37.5000
30825.058	56	0	0.6081	0.0000	37.5000
30825.058	55	0	0.6081	0.0000	37.5000
30879.780	56	0	0.6092	0.0000	37.5000
30889.660	57	0	0.6094	0.0000	37.5000
30899.540	58	0	0.6096	0.0000	37.5000
30909.419	59	0	0.6098	0.0000	37.5000
30919.299	60	0	0.6100	0.0000	37.5000
30929.179	61	0	0.6102	0.0000	37.5000
30939.059	62	0	0.6104	0.0000	37.5000
30948.939	63	0	0.6106	0.0000	37.5000
30958.819	64	0	0.6108	0.0000	37.5000
30968.699	65	0	0.6111	0.0000	37.5000
30978.579	66	0	0.6113	0.0000	37.5000
30988.459	67	0	0.6115	0.0000	37.5000
30991.201	66	0	0.6116	0.0000	37.5000
30991.201	65	0	0.6116	0.0000	37.5000
30998.339	66	0	0.6117	0.0000	37.5000
31008.219	67	0	0.6120	0.0000	37.5000
31018.099	68	0	0.6122	0.0000	37.5000
31027.979	69	0	0.6124	0.0000	37.5000
31037.859	70	0	0.6127	0.0000	37.5000
31040.132	69	0	0.6127	0.0000	37.5000
31047.739	70	0	0.6129	0.0000	37.5000
31057.618	71	0	0.6132	0.0000	37.5000
31067.498	72	0	0.6134	0.0000	37.5000
31114.858	71	0	0.6146	0.0000	37.5000
31114.858	70	0	0.6146	0.0000	37.5000
31377.898	69	0	0.6210	0.0000	37.5000
31377.898	68	0	0.6210	0.0000	37.5000
31377.898	67	0	0.6210	0.0000	37.5000
31377.898	66	0	0.6210	0.0000	37.5000
31377.898	65	0	0.6210	0.0000	37.5000
31521.285	64	0	0.6243	0.0000	37.5000
31521.285	63	0	0.6243	0.0000	37.5000
31521.285	62	0	0.6243	0.0000	37.5000
31521.285	61	0	0.6243	0.0000	37.5000
31521.285	60	0	0.6243	0.0000	37.5000
31528.881	59	0	0.6244	0.0000	37.5000
31549.788	58	0	0.6249	0.0000	37.5000
31588.952	57	0	0.6257	0.0000	37.5000
31588.952	56	0	0.6257	0.0000	37.5000
31606.656	55	0	0.6260	0.0000	37.5000
31685.881	54	0	0.6275	0.0000	37.5000
31685.881	53	0	0.6275	0.0000	37.5000
31728.598	52	0	0.6283	0.0000	37.5000
31728.598	51	0	0.6283	0.0000	37.5000
31773.116	50	0	0.6291	0.0000	37.5000
31804.611	49	0	0.6297	0.0000	37.5000
31931.473	48	0	0.6319	0.0000	37.5000
31931.473	47	0	0.6319	0.0000	37.5000
31931.473	46	0	0.6319	0.0000	37.5000
32114.596	45	0	0.6348	0.0000	37.5000
32114.596	44	0	0.6348	0.0000	37.5000
32311.795	43	0	0.6378	0.0000	37.5000
32311.795	42	0	0.6378	0.0000	37.5000
32330.878	41	0	0.6381	0.0000	37.5000
32393.183	40	0	0.6390	0.0000	37.5000
32393.183	39	0	0.6390	0.0000	37.5000
32634.939	38	0	0.6423	0.0000	40.0000
32634.939	37	0	0.6423	0.0000	40.0000
32634.939	36	0	0.6423	0.0000	40.0000
32634.939	35	0	0.6423	0.0000	40.0000
32636.179	36	0	0.6423	0.0000	40.0000
32644.416	37	0	0.6424	0.0000	40.0000
32652.653	38	0	0.6425	0.0000	40.0000
32660.890	39	0	0.6426	0.0000	40.0000
32669.127	40	0	0.6427	0.0000	40.0000
32677.364	41	0	0.6429	0.0000	40.0000
32685.602	42	0	0.6430	0.0000	40.0000
32693.839	43	0	0.6431	0.0000	40.0000
32702.076	44	0	0.6432	0.0000	40.0000
32710.313	45	0	0.6433	0.0000	40.0000
32718.550	46	0	0.6435	0.0000	40.0000
32726.787	47	0	0.6436	0.0000	40.0000
32735.024	48	0	0.6437	0.0000	40.0000
32743.261	49	0	0.6439	0.0000	40.0000
32751.498	50	0	0.6440	0.0000	40.0000
32759.736	51	0	0.6442	0.0000	40.0000
32764.169	50	0	0.6442	0.0000	40.0000
32767.973	51	0	0.6443	0.0000	40.0000
32776.210	52	0	0.6445	0.0000	40.0000
32784.447	53	0	0.6446	0.0000	40.0000
32792.684	54	0	0.6448	0.0000	40.0000
32806.968	55	0	0.6450	0.0000	40.0000
32824.896	56	0	0.6454	0.0000	40.0000
32842.823	57	0	0.6457	0.0000	40.0000
32856.076	56	0	0.6460	0.0000	40.0000
32856.076	55	0	0.6460	0.0000	40.0000
32856.076	54	0	0.6460	0.0000	40.0000
32860.750	55	0	0.6461	0.0000	40.0000
32878.678	56	0	0.6464	0.0000	40.0000
32896.605	57	0	0.6468	0.0000	40.0000
32914.533	58	0	0.6471	0.0000	40.0000
32932.460	59	0	0.6475	0.0000	40.0000
32950.388	60	0	0.6479	0.0000	40.0000
32968.315	61	0	0.6482	0.0000	40.0000
32986.243	62	0	0.6486	0.0000	40.0000
33004.170	63	0	0.6490	0.0000	40.0000
33022.097	64	0	0.6494	0.0000	40.0000
33040.025	65	0	0.6498	0.0000	40.0000
33049.291	64	0	0.6500	0.0000	40.0000
33049.291	63	0	0.6500	0.0000	40.0000
33049.291	62	0	0.6500	0.0000	40.0000
33057.952	63	0	0.6502	0.0000	40.0000
33075.880	64	0	0.6506	0.0000	40.0000
33093.807	65	0	0.6510	0.0000	40.0000
33111.735	66	0	0.6514	0.0000	40.0000
33129.662	67	0	0.6518	0.0000	40.0000
33147.590	68	0	0.6522	0.0000	40.0000
33165.517	69	0	0.6527	0.0000	40.0000
33168.531	68	0	0.6527	0.0000	40.0000
33168.531	67	0	0.6527	0.0000	40.0000
33168.531	66	0	0.6527	0.0000	40.0000
33168.531	65	0	0.6527	0.0000	40.0000
33168.531	64	0	0.6527	0.0000	40.0000
33189.067	63	0	0.6532	0.0000	40.0000
33256.787	62	0	0.6547	0.0000	40.0000
33256.787	61	0	0.6547	0.0000	40.0000
33304.078	60	0	0.6557	0.0000	40.0000
33412.474	59	0	0.6580	0.0000	40.0000
33562.751	58	0	0.6611	0.0000	40.0000
33562.751	57	0	0.6611	0.0000	40.0000
33562.751	56	0	0.6611	0.0000	40.0000
33640.412	55	0	0.6626	0.0000	40.0000
33747.040	54	0	0.6646	0.0000	40.0000
33747.040	53	0	0.6646	0.0000	40.0000
33747.040	52	0	0.6646	0.0000	40.0000
33909.016	51	0	0.6676	0.0000	40.0000
33909.016	50	0	0.6676	0.0000	40.0000
33995.153	49	0	0.6691	0.0000	40.0000
34029.935	48	0	0.6697	0.0000	40.0000
34219.578	47	0	0.6729	0.0000	42.5000
34219.578	46	0	0.6729	0.0000	42.5000
34286.145	45	0	0.6739	0.0000	42.5000
34326.473	44	0	0.6746	0.0000	42.5000
34421.873	43	0	0.6760	0.0000	42.5000
34438.600	42	0	0.6763	0.0000	42.5000
34481.913	43	0	0.6769	0.0000	42.5000
34491.609	44	0	0.6771	0.0000	42.5000
34501.305	45	0	0.6772	0.0000	42.5000
34511.000	46	0	0.6774	0.0000	42.5000
34516.798	45	0	0.6775	0.0000	42.5000
34520.696	46	0	0.6775	0.0000	42.5000
34530.392	47	0	0.6777	0.0000	42.5000
34540.087	48	0	0.6778	0.0000	42.5000
34549.783	49	0	0.6780	0.0000	42.5000
34559.479	50	0	0.6782	0.0000	42.5000
34566.689	49	0	0.6783	0.0000	42.5000
34569.174	50	0	0.6783	0.0000	42.5000
34578.870	51	0	0.6785	0.0000	42.5000
34588.566	52	0	0.6787	0.0000	42.5000
34598.261	53	0	0.6789	0.0000	42.5000
34607.957	54	0	0.6790	0.0000	42.5000
34617.653	55	0	0.6792	0.0000	42.5000
34627.348	56	0	0.6794	0.0000	42.5000
34637.044	57	0	0.6796	0.0000	42.5000
34646.740	58	0	0.6798	0.0000	42.5000
34656.435	59	0	0.6800	0.0000	42.5000
34666.131	60	0	0.6802	0.0000	42.5000
34669.724	59	0	0.6803	0.0000	42.5000
34714.182	58	0	0.6812	0.0000	42.5000
34787.061	57	0	0.6827	0.0000	42.5000
34826.752	56	0	0.6835	0.0000	42.5000
34913.710	55	0	0.6852	0.0000	42.5000
34933.255	54	0	0.6855	0.0000	42.5000
35018.585	53	0	0.6871	0.0000	42.5000
35087.335	52	0	0.6884	0.0000	42.5000
35159.875	51	0	0.6897	0.0000	42.5000
35236.924	50	0	0.6911	0.0000	42.5000
35342.129	49	0	0.6929	0.0000	42.5000
35342.129	48	0	0.6929	0.0000	42.5000
35387.145	47	0	0.6937	0.0000	42.5000
35475.497	46	0	0.6952	0.0000	42.5000
35630.971	45	0	0.6977	0.0000	42.5000
35718.827	46	0	0.6990	0.0000	42.5000
35729.305	47	0	0.6992	0.0000	42.5000
35739.783	48	0	0.6994	0.0000	42.5000
35750.260	49	0	0.6996	0.0000	42.5000
35760.738	50	0	0.6997	0.0000	42.5000
35771.216	51	0	0.6999	0.0000	42.5000
35781.694	52	0	0.7001	0.0000	42.5000
35792.171	53	0	0.7003	0.0000	42.5000
35802.649	54	0	0.7005	0.0000	42.5000
35813.127	55	0	0.7007	0.0000	42.5000
35823.604	56	0	0.7009	0.0000	42.5000
35834.082	57	0	0.7011	0.0000	42.5000
35872.005	56	0	0.7018	0.0000	42.5000
35872.005	55	0	0.7018	0.0000	42.5000
35872.005	54	0	0.7018	0.0000	42.5000
35948.962	53	0	0.7033	0.0000	42.5000
35948.962	52	0	0.7033	0.0000	42.5000
35948.962	51	0	0.7033	0.0000	42.5000
35948.962	50	0	0.7033	0.0000	42.5000
35948.962	49	0	0.7033	0.0000	42.5000
35961.098	48	0	0.7035	0.0000	42.5000
36124.717	47	0	0.7063	0.0000	45.0000
36143.744	46	0	0.7066	0.0000	45.0000
36175.864	45	0	0.7071	0.0000	45.0000
36190.565	44	0	0.7073	0.0000	45.0000
36194.590	45	0	0.7074	0.0000	45.0000
36209.553	46	0	0.7076	0.0000	45.0000
36224.517	47	0	0.7078	0.0000	45.0000
36239.481	48	0	0.7081	0.0000	45.0000
36254.444	49	0	0.7083	0.0000	45.0000
36269.408	50	0	0.7086	0.0000	45.0000
36284.372	51	0	0.7089	0.0000	45.0000
36299.335	52	0	0.7091	0.0000	45.0000
36314.299	53	0	0.7094	0.0000	45.0000
36329.263	54	0	0.7097	0.0000	45.0000
36344.227	55	0	0.7100	0.0000	45.0000
36359.190	56	0	0.7102	0.0000	45.0000
36374.490	55	0	0.7105	0.0000	45.0000
36374.490	54	0	0.7105	0.0000	45.0000
36377.050	55	0	0.7106	0.0000	45.0000
36394.910	56	0	0.7109	0.0000	45.0000
36412.769	57	0	0.7113	0.0000	45.0000
36430.629	58	0	0.7116	0.0000	45.0000
36448.488	59	0	0.7120	0.0000	45.0000
36466.348	60	0	0.7124	0.0000	45.0000
36484.208	61	0	0.7128	0.0000	45.0000
36499.294	60	0	0.7131	0.0000	45.0000
36502.067	61	0	0.7131	0.0000	45.0000
36519.927	62	0	0.7135	0.0000	45.0000
36537.786	63	0	0.7139	0.0000	45.0000
36555.646	64	0	0.7143	0.0000	45.0000
36573.506	65	0	0.7147	0.0000	45.0000
36588.377	64	0	0.7150	0.0000	45.0000
36591.365	65	0	0.7151	0.0000	45.0000
36609.225	66	0	0.7155	0.0000	45.0000
36627.085	67	0	0.7159	0.0000	45.0000
36644.944	68	0	0.7163	0.0000	45.0000
36662.804	69	0	0.7168	0.0000	45.0000
36678.124	68	0	0.7171	0.0000	45.0000
36680.663	69	0	0.7172	0.0000	45.0000
36698.523	70	0	0.7176	0.0000	45.0000
36716.383	71	0	0.7181	0.0000	45.0000
36751.683	70	0	0.7189	0.0000	45.0000
36850.051	69	0	0.7213	0.0000	45.0000
36850.051	68	0	0.7213	0.0000	45.0000
36864.654	67	0	0.7217	0.0000	45.0000
37004.983	66	0	0.7250	0.0000	45.0000
37004.983	65	0	0.7250	0.0000	45.0000
37004.983	64	0	0.7250	0.0000	45.0000
37024.107	63	0	0.7254	0.0000	45.0000
37024.107	62	0	0.7254	0.0000	45.0000
37055.511	61	0	0.7261	0.0000	45.0000
37087.137	60	0	0.7268	0.0000	45.0000
37126.982	59	0	0.7276	0.0000	45.0000
37126.982	58	0	0.7276	0.0000	45.0000
37138.421	57	0	0.7278	0.0000	45.0000
37196.109	56	0	0.7290	0.0000	45.0000
37196.109	55	0	0.7290	0.0000	45.0000
37208.784	54	0	0.7292	0.0000	45.0000
37224.534	53	0	0.7295	0.0000	45.0000
37235.345	52	0	0.7297	0.0000	45.0000
37247.259	51	0	0.7299	0.0000	45.0000
37247.259	50	0	0.7299	0.0000	45.0000
37247.259	49	0	0.7299	0.0000	45.0000
37250.721	48	0	0.7300	0.0000	45.0000
37292.172	47	0	0.7307	0.0000	45.0000
37322.748	46	0	0.7312	0.0000	45.0000
37488.528	45	0	0.7339	0.0000	45.0000
37488.528	44	0	0.7339	0.0000	45.0000
37488.528	43	0	0.7339	0.0000	45.0000
37507.774	42	0	0.7341	0.0000	45.0000
37535.681	41	0	0.7345	0.0000	45.0000
37552.997	40	0	0.7348	0.0000	45.0000
37661.950	39	0	0.7363	0.0000	45.0000
37758.497	38	0	0.7376	0.0000	45.0000
37758.497	37	0	0.7376	0.0000	45.0000
37758.497	36	0	0.7376	0.0000	45.0000
37855.366	35	0	0.7389	0.0000	47.5000
37855.366	34	0	0.7389	0.0000	47.5000
37855.366	33	0	0.7389	0.0000	47.5000
37951.628	32	0	0.7400	0.0000	47.5000
37951.628	31	0	0.7400	0.0000	47.5000
37985.321	30	0	0.7403	0.0000	47.5000
38039.074	29	0	0.7409	0.0000	47.5000
38211.842	28	0	0.7426	0.0000	47.5000
38211.842	27	0	0.7426	0.0000	47.5000
38211.842	26	0	0.7426	0.0000	47.5000
38244.028	25	0	0.7429	0.0000	47.5000
38322.787	26	0	0.7436	0.0000	47.5000
38333.037	27	0	0.7437	0.0000	47.5000
38343.287	28	0	0.7438	0.0000	47.5000
38353.537	29	0	0.7439	0.0000	47.5000
38363.787	30	0	0.7440	0.0000	47.5000
38374.037	31	0	0.7441	0.0000	47.5000
38384.287	32	0	0.7442	0.0000	47.5000
38394.537	33	0	0.7444	0.0000	47.5000
38404.787	34	0	0.7445	0.0000	47.5000
38415.038	35	0	0.7446	0.0000	47.5000
38425.288	36	0	0.7447	0.0000	47.5000
38433.070	35	0	0.7448	0.0000	47.5000
38433.070	34	0	0.7448	0.0000	47.5000
38433.070	33	0	0.7448	0.0000	47.5000
38433.070	32	0	0.7448	0.0000	47.5000
38433.070	31	0	0.7448	0.0000	47.5000
38433.070	30	0	0.7448	0.0000	47.5000
38435.538	31	0	0.7448	0.0000	47.5000
38445.788	32	0	0.7450	0.0000	47.5000
38456.038	33	0	0.7451	0.0000	47.5000
38466.288	34	0	0.7452	0.0000	47.5000
38476.538	35	0	0.7453	0.0000	47.5000
38486.788	36	0	0.7454	0.0000	47.5000
38497.038	37	0	0.7456	0.0000	47.5000
38507.288	38	0	0.7457	0.0000	47.5000
38517.538	39	0	0.7458	0.0000	47.5000
38548.976	38	0	0.7463	0.0000	47.5000
38548.976	37	0	0.7463	0.0000	47.5000
38560.743	38	0	0.7464	0.0000	47.5000
38572.509	39	0	0.7466	0.0000	47.5000
38580.659	38	0	0.7467	0.0000	47.5000
38580.659	37	0	0.7467	0.0000	47.5000
38584.276	38	0	0.7467	0.0000	47.5000
38596.043	39	0	0.7469	0.0000	47.5000
38609.899	40	0	0.7471	0.0000	47.5000
38623.755	41	0	0.7473	0.0000	47.5000
38637.611	42	0	0.7475	0.0000	47.5000
38651.467	43	0	0.7477	0.0000	47.5000
38665.323	44	0	0.7479	0.0000	47.5000
38679.179	45	0	0.7481	0.0000	47.5000
38693.036	46	0	0.7483	0.0000	47.5000
38706.892	47	0	0.7485	0.0000	47.5000
38713.930	46	0	0.7486	0.0000	47.5000
38713.930	45	0	0.7486	0.0000	47.5000
38720.748	46	0	0.7488	0.0000	47.5000
38734.604	47	0	0.7490	0.0000	47.5000
38748.460	48	0	0.7492	0.0000	47.5000
38762.316	49	0	0.7494	0.0000	47.5000
38776.173	50	0	0.7497	0.0000	47.5000
38790.029	51	0	0.7499	0.0000	47.5000
38803.885	52	0	0.7502	0.0000	47.5000
38817.741	53	0	0.7504	0.0000	47.5000
38831.597	54	0	0.7507	0.0000	47.5000
38837.520	53	0	0.7508	0.0000	47.5000
38845.453	54	0	0.7509	0.0000	47.5000
38859.310	55	0	0.7512	0.0000	47.5000
38873.166	56	0	0.7515	0.0000	47.5000
38933.065	55	0	0.7526	0.0000	47.5000
39001.047	54	0	0.7539	0.0000	47.5000
39072.454	53	0	0.7553	0.0000	47.5000
39072.454	52	0	0.7553	0.0000	47.5000
39118.077	51	0	0.7561	0.0000	47.5000
39128.580	50	0	0.7563	0.0000	47.5000
39178.727	49	0	0.7572	0.0000	47.5000
39206.836	48	0	0.7577	0.0000	47.5000
39264.468	47	0	0.7586	0.0000	47.5000
39409.636	46	0	0.7610	0.0000	47.5000
39547.576	45	0	0.7632	0.0000	47.5000
39559.322	44	0	0.7634	0.0000	47.5000
39559.322	43	0	0.7634	0.0000	47.5000
39559.322	42	0	0.7634	0.0000	47.5000
39559.322	41	0	0.7634	0.0000	47.5000
39559.322	40	0	0.7634	0.0000	47.5000
39690.062	39	0	0.7652	0.0000	50.0000
39690.062	38	0	0.7652	0.0000	50.0000
39690.062	37	0	0.7652	0.0000	50.0000
39718.691	36	0	0.7656	0.0000	50.0000
39748.737	35	0	0.7660	0.0000	50.0000
39835.957	34	0	0.7671	0.0000	50.0000
39835.957	33	0	0.7671	0.0000	50.0000
39885.858	32	0	0.7676	0.0000	50.0000
40010.145	31	0	0.7690	0.0000	50.0000
40010.145	30	0	0.7690	0.0000	50.0000
40010.145	29	0	0.7690	0.0000	50.0000
40036.725	28	0	0.7693	0.0000	50.0000
40203.679	27	0	0.7709	0.0000	50.0000
40263.727	26	0	0.7715	0.0000	50.0000
40339.381	25	0	0.7722	0.0000	50.0000
40506.183	24	0	0.7736	0.0000	50.0000
40506.183	23	0	0.7736	0.0000	50.0000
40506.183	22	0	0.7736	0.0000	50.0000
40506.183	21	0	0.7736	0.0000	50.0000
40525.473	20	0	0.7738	0.0000	50.0000
40554.227	19	0	0.7740	0.0000	50.0000
40560.961	18	0	0.7740	0.0000	50.0000
40573.174	19	0	0.7741	0.0000	50.0000
40585.388	20	0	0.7742	0.0000	50.0000
40597.602	21	0	0.7743	0.0000	50.0000
40609.816	22	0	0.7744	0.0000	50.0000
40622.029	23	0	0.7745	0.0000	50.0000
40634.243	24	0	0.7746	0.0000	50.0000
40646.457	25	0	0.7747	0.0000	50.0000
40649.406	24	0	0.7747	0.0000	50.0000
40649.406	23	0	0.7747	0.0000	50.0000
40658.671	24	0	0.7748	0.0000	50.0000
40670.884	25	0	0.7749	0.0000	50.0000
40683.098	26	0	0.7750	0.0000	50.0000
40695.312	27	0	0.7751	0.0000	50.0000
40707.526	28	0	0.7752	0.0000	50.0000
40719.740	29	0	0.7753	0.0000	50.0000
40731.953	30	0	0.7754	0.0000	50.0000
40744.167	31	0	0.7756	0.0000	50.0000
40747.475	30	0	0.7756	0.0000	50.0000
40756.381	31	0	0.7757	0.0000	50.0000
40768.595	32	0	0.7758	0.0000	50.0000
40770.698	31	0	0.7758	0.0000	50.0000
40780.808	32	0	0.7760	0.0000	50.0000
40793.022	33	0	0.7761	0.0000	50.0000
40805.236	34	0	0.7762	0.0000	50.0000
40853.728	35	0	0.7768	0.0000	50.0000
40868.927	36	0	0.7770	0.0000	50.0000
40884.127	37	0	0.7772	0.0000	50.0000
40899.326	38	0	0.7774	0.0000	50.0000
40914.526	39	0	0.7776	0.0000	50.0000
40929.725	40	0	0.7778	0.0000	50.0000
40935.543	39	0	0.7779	0.0000	50.0000
40935.543	38	0	0.7779	0.0000	50.0000
40944.924	39	0	0.7780	0.0000	50.0000
40960.124	40	0	0.7782	0.0000	50.0000
40975.323	41	0	0.7784	0.0000	50.0000
40990.523	42	0	0.7786	0.0000	50.0000
40996.157	41	0	0.7787	0.0000	50.0000
41005.722	42	0	0.7789	0.0000	50.0000
41020.921	43	0	0.7791	0.0000	50.0000
41036.121	44	0	0.7793	0.0000	50.0000
41051.320	45	0	0.7795	0.0000	50.0000
41066.520	46	0	0.7798	0.0000	50.0000
41081.719	47	0	0.7800	0.0000	50.0000
41096.918	48	0	0.7803	0.0000	50.0000
41106.567	47	0	0.7804	0.0000	50.0000
41112.118	48	0	0.7805	0.0000	50.0000
41127.317	49	0	0.7808	0.0000	50.0000
41142.517	50	0	0.7810	0.0000	50.0000
41198.271	49	0	0.7820	0.0000	50.0000
41205.983	48	0	0.7821	0.0000	50.0000
41205.983	47	0	0.7821	0.0000	50.0000
41205.983	46	0	0.7821	0.0000	50.0000
41205.983	45	0	0.7821	0.0000	50.0000
41246.704	44	0	0.7828	0.0000	50.0000
41251.552	43	0	0.7829	0.0000	50.0000
41380.514	42	0	0.7848	0.0000	50.0000
41380.514	41	0	0.7848	0.0000	50.0000
41380.514	40	0	0.7848	0.0000	50.0000
41380.514	39	0	0.7848	0.0000	50.0000
41480.450	38	0	0.7862	0.0000	52.5000
41555.359	37	0	0.7872	0.0000	52.5000
41692.912	36	0	0.7889	0.0000	52.5000
41692.912	35	0	0.7889	0.0000	52.5000
41737.244	34	0	0.7895	0.0000	52.5000
41737.244	33	0	0.7895	0.0000	52.5000
41861.601	32	0	0.7909	0.0000	52.5000
41861.601	31	0	0.7909	0.0000	52.5000
41888.954	32	0	0.7912	0.0000	52.5000
41905.156	31	0	0.7914	0.0000	52.5000
41908.074	32	0	0.7914	0.0000	52.5000
41921.212	31	0	0.7916	0.0000	52.5000
41927.193	32	0	0.7916	0.0000	52.5000
41946.313	33	0	0.7918	0.0000	52.5000
41965.433	34	0	0.7921	0.0000	52.5000
41984.553	35	0	0.7923	0.0000	52.5000
42003.672	36	0	0.7925	0.0000	52.5000
42014.171	35	0	0.7927	0.0000	52.5000
42014.171	34	0	0.7927	0.0000	52.5000
42022.792	35	0	0.7928	0.0000	52.5000
42041.912	36	0	0.7930	0.0000	52.5000
42061.032	37	0	0.7932	0.0000	52.5000
42080.151	38	0	0.7935	0.0000	52.5000
42080.969	37	0	0.7935	0.0000	52.5000
42080.969	36	0	0.7935	0.0000	52.5000
42080.969	35	0	0.7935	0.0000	52.5000
42099.271	36	0	0.7937	0.0000	52.5000
42118.391	37	0	0.7940	0.0000	52.5000
42137.511	38	0	0.7942	0.0000	52.5000
42140.997	37	0	0.7943	0.0000	52.5000
42156.630	38	0	0.7945	0.0000	52.5000
42175.750	39	0	0.7947	0.0000	52.5000
42194.870	40	0	0.7950	0.0000	52.5000
42211.457	39	0	0.7952	0.0000	52.5000
42211.457	38	0	0.7952	0.0000	52.5000
42213.990	39	0	0.7952	0.0000	52.5000
42233.109	40	0	0.7955	0.0000	52.5000
42252.229	41	0	0.7958	0.0000	52.5000
42264.026	40	0	0.7959	0.0000	52.5000
42276.579	41	0	0.7961	0.0000	52.5000
42298.973	42	0	0.7964	0.0000	52.5000
42314.896	43	0	0.7967	0.0000	52.5000
42330.820	44	0	0.7969	0.0000	52.5000
42346.743	45	0	0.7971	0.0000	52.5000
42362.666	46	0	0.7974	0.0000	52.5000
42378.589	47	0	0.7977	0.0000	52.5000
42394.513	48	0	0.7979	0.0000	52.5000
42410.436	49	0	0.7982	0.0000	52.5000
42426.359	50	0	0.7985	0.0000	52.5000
42442.283	51	0	0.7987	0.0000	52.5000
42458.206	52	0	0.7990	0.0000	52.5000
42474.129	53	0	0.7993	0.0000	52.5000
42490.053	54	0	0.7996	0.0000	52.5000
42505.976	55	0	0.7999	0.0000	52.5000
42521.899	56	0	0.8002	0.0000	52.5000
42537.822	57	0	0.8005	0.0000	52.5000
42553.746	58	0	0.8008	0.0000	52.5000
42569.669	59	0	0.8012	0.0000	52.5000
42585.592	60	0	0.8015	0.0000	52.5000
42601.516	61	0	0.8018	0.0000	52.5000
42625.922	60	0	0.8023	0.0000	52.5000
42833.534	59	0	0.8067	0.0000	52.5000
42873.547	58	0	0.8075	0.0000	52.5000
42881.692	57	0	0.8077	0.0000	52.5000
42919.844	56	0	0.8084	0.0000	52.5000
42919.844	55	0	0.8084	0.0000	52.5000
42991.866	54	0	0.8098	0.0000	52.5000
42991.866	53	0	0.8098	0.0000	52.5000
43006.209	52	0	0.8101	0.0000	52.5000
43117.882	51	0	0.8121	0.0000	52.5000
43117.882	50	0	0.8121	0.0000	52.5000
43172.789	49	0	0.8131	0.0000	52.5000
43273.290	48	0	0.8148	0.0000	52.5000
43273.290	47	0	0.8148	0.0000	52.5000
43321.926	46	0	0.8156	0.0000	52.5000
43382.015	45	0	0.8166	0.0000	52.5000
43382.015	44	0	0.8166	0.0000	52.5000
43382.015	43	0	0.8166	0.0000	52.5000
