# s=65 S=70 h=0.0041 p=2.4000 c=2.5000
# time_s	level	cum_oos	holding_eur	shortage_eur	order_eur
0.000	70	0	0.0000	0.0000	0.0000
749.956	69	0	0.0050	0.0000	0.0000
772.343	68	0	0.0051	0.0000	0.0000
978.400	67	0	0.0065	0.0000	0.0000
1918.536	66	0	0.0124	0.0000	0.0000
2550.803	65	0	0.0164	0.0000	0.0000
3159.003	64	0	0.0201	0.0000	0.0000
3201.977	63	0	0.0204	0.0000	0.0000
3475.618	62	0	0.0220	0.0000	0.0000
3952.247	61	0	0.0249	0.0000	2.5000
3952.247	60	0	0.0249	0.0000	2.5000
3952.247	59	0	0.0249	0.0000	2.5000
3967.837	60	0	0.0249	0.0000	2.5000
3973.640	61	0	0.0250	0.0000	2.5000
3979.444	62	0	0.0250	0.0000	2.5000
3985.247	63	0	0.0250	0.0000	2.5000
3991.051	64	0	0.0251	0.0000	2.5000
3996.854	65	0	0.0251	0.0000	2.5000
4002.657	66	0	0.0251	0.0000	2.5000
4008.461	67	0	0.0252	0.0000	2.5000
4193.335	66	0	0.0264	0.0000	2.5000
4294.824	65	0	0.0270	0.0000	2.5000
4312.672	64	0	0.0271	0.0000	2.5000
4347.912	63	0	0.0273	0.0000	2.5000
4642.725	62	0	0.0291	0.0000	2.5000
4642.725	61	0	0.0291	0.0000	2.5000
4690.902	60	0	0.0294	0.0000	2.5000
4690.902	59	0	0.0294	0.0000	2.5000
4765.402	58	0	0.0298	0.0000	2.5000
4886.968	57	0	0.0304	0.0000	2.5000
5270.622	56	0	0.0325	0.0000	2.5000
5370.628	55	0	0.0331	0.0000	2.5000
5370.628	54	0	0.0331	0.0000	2.5000
5416.681	53	0	0.0333	0.0000	5.0000
5416.681	52	0	0.0333	0.0000	5.0000
5546.626	51	0	0.0339	0.0000	5.0000
5595.638	50	0	0.0342	0.0000	5.0000
6138.211	49	0	0.0367	0.0000	5.0000
6138.211	48	0	0.0367	0.0000	5.0000
6146.772	49	0	0.0368	0.0000	5.0000
6154.447	50	0	0.0368	0.0000	5.0000
6162.123	51	0	0.0369	0.0000	5.0000
6169.799	52	0	0.0369	0.0000	5.0000
6177.474	53	0	0.0369	0.0000	5.0000
6185.150	54	0	0.0370	0.0000	5.0000
6192.826	55	0	0.0370	0.0000	5.0000
6200.502	56	0	0.0370	0.0000	5.0000
6208.177	57	0	0.0371	0.0000	5.0000
6215.853	58	0	0.0371	0.0000	5.0000
6223.529	59	0	0.0372	0.0000	5.0000
6231.204	60	0	0.0372	0.0000	5.0000
6238.880	61	0	0.0373	0.0000	5.0000
6246.556	62	0	0.0373	0.0000	5.0000
6254.231	63	0	0.0373	0.0000	5.0000
6261.907	64	0	0.0374	0.0000	5.0000
6360.888	63	0	0.0380	0.0000	5.0000
6360.888	62	0	0.0380	0.0000	5.0000
6567.409	61	0	0.0392	0.0000	5.0000
6780.616	60	0	0.0404	0.0000	5.0000
6780.616	59	0	0.0404	0.0000	5.0000
6780.616	58	0	0.0404	0.0000	5.0000
6850.638	57	0	0.0408	0.0000	5.0000
6850.638	56	0	0.0408	0.0000	5.0000
6961.171	55	0	0.0414	0.0000	5.0000
6961.171	54	0	0.0414	0.0000	5.0000
6961.171	53	0	0.0414	0.0000	5.0000
7029.551	52	0	0.0418	0.0000	5.0000
7126.076	51	0	0.0422	0.0000	5.0000
7324.168	50	0	0.0432	0.0000	7.5000
7324.168	49	0	0.0432	0.0000	7.5000
7324.168	48	0	0.0432	0.0000	7.5000
7324.168	47	0	0.0432	0.0000	7.5000
7324.168	46	0	0.0432	0.0000	7.5000
7324.168	45	0	0.0432	0.0000	7.5000
7324.168	44	0	0.0432	0.0000	7.5000
7435.980	43	0	0.0437	0.0000	7.5000
7511.004	42	0	0.0440	0.0000	7.5000
7511.004	41	0	0.0440	0.0000	7.5000
7511.004	40	0	0.0440	0.0000	7.5000
7707.595	41	0	0.0447	0.0000	7.5000
7717.469	42	0	0.0448	0.0000	7.5000
7727.344	43	0	0.0448	0.0000	7.5000
7737.218	44	0	0.0448	0.0000	7.5000
7747.092	45	0	0.0449	0.0000	7.5000
7756.967	46	0	0.0449	0.0000	7.5000
7766.841	47	0	0.0450	0.0000	7.5000
7771.357	46	0	0.0450	0.0000	7.5000
7771.357	45	0	0.0450	0.0000	7.5000
7771.357	44	0	0.0450	0.0000	7.5000
7776.715	45	0	0.0450	0.0000	7.5000
7783.481	44	0	0.0450	0.0000	7.5000
7786.590	45	0	0.0450	0.0000	7.5000
7796.464	46	0	0.0451	0.0000	7.5000
7806.338	47	0	0.0451	0.0000	7.5000
7816.213	48	0	0.0452	0.0000	7.5000
7826.087	49	0	0.0452	0.0000	7.5000
7835.961	50	0	0.0453	0.0000	7.5000
7845.836	51	0	0.0453	0.0000	7.5000
7855.710	52	0	0.0454	0.0000	7.5000
7865.584	53	0	0.0454	0.0000	7.5000
7875.459	54	0	0.0455	0.0000	7.5000
7885.333	55	0	0.0455	0.0000	7.5000
8234.830	54	0	0.0473	0.0000	7.5000
8367.144	53	0	0.0480	0.0000	7.5000
8370.006	52	0	0.0480	0.0000	7.5000
8405.573	51	0	0.0482	0.0000	7.5000
8537.020	50	0	0.0488	0.0000	7.5000
8604.488	49	0	0.0492	0.0000	7.5000
8604.488	48	0	0.0492	0.0000	7.5000
8660.254	47	0	0.0494	0.0000	7.5000
8757.095	46	0	0.0498	0.0000	7.5000
8757.095	45	0	0.0498	0.0000	7.5000
8931.923	44	0	0.0506	0.0000	7.5000
8931.923	43	0	0.0506	0.0000	7.5000
9055.555	42	0	0.0511	0.0000	10.0000
9055.555	41	0	0.0511	0.0000	10.0000
9115.918	40	0	0.0513	0.0000	10.0000
9134.770	39	0	0.0514	0.0000	10.0000
9197.173	38	0	0.0516	0.0000	10.0000
9224.942	37	0	0.0517	0.0000	10.0000
9318.605	36	0	0.0521	0.0000	10.0000
9514.258	35	0	0.0527	0.0000	10.0000
9591.233	34	0	0.0530	0.0000	10.0000
9737.353	33	0	0.0535	0.0000	10.0000
9764.495	32	0	0.0535	0.0000	10.0000
9764.495	31	0	0.0535	0.0000	10.0000
9828.817	32	0	0.0537	0.0000	10.0000
9840.816	33	0	0.0538	0.0000	10.0000
9852.816	34	0	0.0538	0.0000	10.0000
9864.815	35	0	0.0538	0.0000	10.0000
9876.814	36	0	0.0539	0.0000	10.0000
9888.814	37	0	0.0539	0.0000	10.0000
9900.813	38	0	0.0540	0.0000	10.0000
9912.813	39	0	0.0540	0.0000	10.0000
9924.812	40	0	0.0541	0.0000	10.0000
9936.811	41	0	0.0541	0.0000	10.0000
9948.811	42	0	0.0541	0.0000	10.0000
9960.810	43	0	0.0542	0.0000	10.0000
9972.810	44	0	0.0542	0.0000	10.0000
9984.809	45	0	0.0543	0.0000	10.0000
9996.808	46	0	0.0543	0.0000	10.0000
10008.808	47	0	0.0544	0.0000	10.0000
10020.807	48	0	0.0544	0.0000	10.0000
10032.806	49	0	0.0545	0.0000	10.0000
10044.806	50	0	0.0546	0.0000	10.0000
10056.805	51	0	0.0546	0.0000	10.0000
10086.478	52	0	0.0548	0.0000	10.0000
10099.997	53	0	0.0548	0.0000	10.0000
10113.517	54	0	0.0549	0.0000	10.0000
10127.036	55	0	0.0550	0.0000	10.0000
10140.555	56	0	0.0550	0.0000	10.0000
10154.074	57	0	0.0551	0.0000	10.0000
10164.629	56	0	0.0552	0.0000	10.0000
10167.593	57	0	0.0552	0.0000	10.0000
10194.226	56	0	0.0553	0.0000	10.0000
10401.774	55	0	0.0564	0.0000	10.0000
10401.774	54	0	0.0564	0.0000	10.0000
10431.512	53	0	0.0566	0.0000	10.0000
10611.098	52	0	0.0575	0.0000	10.0000
10674.350	51	0	0.0578	0.0000	10.0000
10744.367	50	0	0.0581	0.0000	10.0000
10744.367	49	0	0.0581	0.0000	10.0000
10744.367	48	0	0.0581	0.0000	10.0000
10744.367	47	0	0.0581	0.0000	10.0000
10982.593	46	0	0.0592	0.0000	12.5000
11033.198	45	0	0.0594	0.0000	12.5000
11061.945	44	0	0.0595	0.0000	12.5000
11156.902	43	0	0.0599	0.0000	12.5000
11297.066	42	0	0.0605	0.0000	12.5000
11297.066	41	0	0.0605	0.0000	12.5000
11313.856	40	0	0.0606	0.0000	12.5000
11349.749	39	0	0.0607	0.0000	12.5000
11507.805	38	0	0.0613	0.0000	12.5000
11689.634	37	0	0.0620	0.0000	12.5000
11807.068	38	0	0.0624	0.0000	12.5000
11812.629	37	0	0.0624	0.0000	12.5000
11820.279	38	0	0.0624	0.0000	12.5000
11833.490	39	0	0.0625	0.0000	12.5000
11891.890	38	0	0.0627	0.0000	12.5000
12085.583	39	0	0.0634	0.0000	12.5000
12101.454	40	0	0.0634	0.0000	12.5000
12117.325	41	0	0.0635	0.0000	12.5000
12133.195	42	0	0.0636	0.0000	12.5000
12149.066	43	0	0.0636	0.0000	12.5000
12164.937	44	0	0.0637	0.0000	12.5000
12180.808	45	0	0.0637	0.0000	12.5000
12196.533	44	0	0.0638	0.0000	12.5000
12196.533	43	0	0.0638	0.0000	12.5000
12196.533	42	0	0.0638	0.0000	12.5000
12196.533	41	0	0.0638	0.0000	12.5000
12196.533	40	0	0.0638	0.0000	12.5000
12196.533	39	0	0.0638	0.0000	12.5000
12196.679	40	0	0.0638	0.0000	12.5000
12212.550	41	0	0.0639	0.0000	12.5000
12228.421	42	0	0.0639	0.0000	12.5000
12244.292	43	0	0.0640	0.0000	12.5000
12260.163	44	0	0.0641	0.0000	12.5000
12276.034	45	0	0.0641	0.0000	12.5000
12291.905	46	0	0.0642	0.0000	12.5000
12304.762	45	0	0.0643	0.0000	12.5000
12304.762	44	0	0.0643	0.0000	12.5000
12307.776	45	0	0.0643	0.0000	12.5000
12323.647	46	0	0.0643	0.0000	12.5000
12324.143	45	0	0.0643	0.0000	12.5000
12339.517	46	0	0.0644	0.0000	12.5000
12355.388	47	0	0.0645	0.0000	12.5000
12371.259	48	0	0.0645	0.0000	12.5000
12381.533	47	0	0.0646	0.0000	12.5000
12381.533	46	0	0.0646	0.0000	12.5000
12387.130	47	0	0.0646	0.0000	12.5000
12531.270	46	0	0.0653	0.0000	12.5000
12531.270	45	0	0.0653	0.0000	12.5000
12531.270	44	0	0.0653	0.0000	12.5000
12531.270	43	0	0.0653	0.0000	12.5000
12663.775	42	0	0.0658	0.0000	15.0000
12683.435	41	0	0.0659	0.0000	15.0000
12742.060	40	0	0.0661	0.0000	15.0000
12742.060	39	0	0.0661	0.0000	15.0000
12931.460	38	0	0.0668	0.0000	15.0000
12931.460	37	0	0.0668	0.0000	15.0000
12931.460	36	0	0.0668	0.0000	15.0000
12931.460	35	0	0.0668	0.0000	15.0000
12963.114	34	0	0.0669	0.0000	15.0000
13141.450	33	0	0.0675	0.0000	15.0000
13141.450	32	0	0.0675	0.0000	15.0000
13141.450	31	0	0.0675	0.0000	15.0000
13141.450	30	0	0.0675	0.0000	15.0000
13232.878	31	0	0.0677	0.0000	15.0000
13245.387	32	0	0.0678	0.0000	15.0000
13247.839	31	0	0.0678	0.0000	15.0000
13257.896	32	0	0.0678	0.0000	15.0000
13258.279	31	0	0.0678	0.0000	15.0000
13270.404	32	0	0.0679	0.0000	15.0000
13282.913	33	0	0.0679	0.0000	15.0000
13286.762	32	0	0.0679	0.0000	15.0000
13295.422	33	0	0.0679	0.0000	15.0000
13307.931	34	0	0.0680	0.0000	15.0000
13324.635	35	0	0.0680	0.0000	15.0000
13341.338	36	0	0.0681	0.0000	15.0000
13358.042	37	0	0.0681	0.0000	15.0000
13371.224	36	0	0.0682	0.0000	15.0000
13374.746	37	0	0.0682	0.0000	15.0000
13391.449	38	0	0.0683	0.0000	15.0000
13408.153	39	0	0.0683	0.0000	15.0000
13424.856	40	0	0.0684	0.0000	15.0000
13441.560	41	0	0.0684	0.0000	15.0000
13458.264	42	0	0.0685	0.0000	15.0000
13474.967	43	0	0.0686	0.0000	15.0000
13491.671	44	0	0.0686	0.0000	15.0000
13508.374	45	0	0.0687	0.0000	15.0000
13525.078	46	0	0.0688	0.0000	15.0000
13541.782	47	0	0.0689	0.0000	15.0000
13544.777	46	0	0.0689	0.0000	15.0000
13558.485	47	0	0.0689	0.0000	15.0000
13575.189	48	0	0.0690	0.0000	15.0000
13591.892	49	0	0.0691	0.0000	15.0000
13608.596	50	0	0.0692	0.0000	15.0000
13625.300	51	0	0.0692	0.0000	15.0000
13642.003	52	0	0.0693	0.0000	15.0000
13651.421	51	0	0.0694	0.0000	15.0000
13656.852	50	0	0.0694	0.0000	15.0000
13764.662	49	0	0.0699	0.0000	15.0000
13764.662	48	0	0.0699	0.0000	15.0000
13764.662	47	0	0.0699	0.0000	15.0000
14166.393	46	0	0.0717	0.0000	15.0000
14166.393	45	0	0.0717	0.0000	15.0000
14176.827	44	0	0.0717	0.0000	15.0000
14278.206	43	0	0.0722	0.0000	15.0000
14536.281	42	0	0.0732	0.0000	17.5000
14536.281	41	0	0.0732	0.0000	17.5000
14590.223	40	0	0.0734	0.0000	17.5000
14716.511	39	0	0.0739	0.0000	17.5000
14761.760	38	0	0.0741	0.0000	17.5000
14761.760	37	0	0.0741	0.0000	17.5000
14777.547	36	0	0.0741	0.0000	17.5000
15029.629	35	0	0.0750	0.0000	17.5000
15029.629	34	0	0.0750	0.0000	17.5000
15047.372	33	0	0.0750	0.0000	17.5000
15115.976	32	0	0.0753	0.0000	17.5000
15210.699	31	0	0.0755	0.0000	17.5000
15217.761	30	0	0.0756	0.0000	17.5000
15253.065	31	0	0.0757	0.0000	17.5000
15266.050	32	0	0.0757	0.0000	17.5000
15279.035	33	0	0.0757	0.0000	17.5000
15292.020	34	0	0.0758	0.0000	17.5000
15305.005	35	0	0.0758	0.0000	17.5000
15317.990	36	0	0.0759	0.0000	17.5000
15318.085	35	0	0.0759	0.0000	17.5000
15318.085	34	0	0.0759	0.0000	17.5000
15330.975	35	0	0.0759	0.0000	17.5000
15341.632	36	0	0.0760	0.0000	17.5000
15352.288	37	0	0.0760	0.0000	17.5000
15362.945	38	0	0.0760	0.0000	17.5000
15373.601	39	0	0.0761	0.0000	17.5000
15384.258	40	0	0.0761	0.0000	17.5000
15394.915	41	0	0.0761	0.0000	17.5000
15399.632	40	0	0.0762	0.0000	17.5000
15399.632	39	0	0.0762	0.0000	17.5000
15405.571	40	0	0.0762	0.0000	17.5000
15416.228	41	0	0.0762	0.0000	17.5000
15426.885	42	0	0.0763	0.0000	17.5000
15437.541	43	0	0.0763	0.0000	17.5000
15448.198	44	0	0.0764	0.0000	17.5000
15458.854	45	0	0.0764	0.0000	17.5000
15469.511	46	0	0.0764	0.0000	17.5000
15480.168	47	0	0.0765	0.0000	17.5000
15490.824	48	0	0.0765	0.0000	17.5000
15501.481	49	0	0.0766	0.0000	17.5000
15508.561	48	0	0.0766	0.0000	17.5000
15512.138	49	0	0.0766	0.0000	17.5000
15522.794	50	0	0.0767	0.0000	17.5000
15533.451	51	0	0.0767	0.0000	17.5000
15544.107	52	0	0.0768	0.0000	17.5000
15557.625	51	0	0.0769	0.0000	17.5000
15835.018	50	0	0.0782	0.0000	17.5000
15835.018	49	0	0.0782	0.0000	17.5000
15835.018	48	0	0.0782	0.0000	17.5000
15835.018	47	0	0.0782	0.0000	17.5000
15835.018	46	0	0.0782	0.0000	17.5000
15835.018	45	0	0.0782	0.0000	17.5000
15835.018	44	0	0.0782	0.0000	17.5000
15927.044	43	0	0.0786	0.0000	17.5000
15927.044	42	0	0.0786	0.0000	17.5000
15927.044	41	0	0.0786	0.0000	17.5000
15927.044	40	0	0.0786	0.0000	17.5000
16051.910	39	0	0.0791	0.0000	17.5000
16131.059	38	0	0.0793	0.0000	17.5000
16221.593	37	0	0.0797	0.0000	20.0000
16221.593	36	0	0.0797	0.0000	20.0000
16221.593	35	0	0.0797	0.0000	20.0000
16251.589	34	0	0.0798	0.0000	20.0000
16290.550	33	0	0.0799	0.0000	20.0000
16376.222	32	0	0.0802	0.0000	20.0000
16455.849	31	0	0.0804	0.0000	20.0000
16746.460	30	0	0.0813	0.0000	20.0000
16746.460	29	0	0.0813	0.0000	20.0000
16746.460	28	0	0.0813	0.0000	20.0000
16826.591	29	0	0.0815	0.0000	20.0000
16844.931	30	0	0.0815	0.0000	20.0000
16863.270	31	0	0.0816	0.0000	20.0000
16881.610	32	0	0.0816	0.0000	20.0000
16899.950	33	0	0.0817	0.0000	20.0000
16918.290	34	0	0.0817	0.0000	20.0000
16936.630	35	0	0.0818	0.0000	20.0000
16954.970	36	0	0.0819	0.0000	20.0000
16973.310	37	0	0.0819	0.0000	20.0000
16978.785	36	0	0.0819	0.0000	20.0000
16978.785	35	0	0.0819	0.0000	20.0000
16978.785	34	0	0.0819	0.0000	20.0000
16991.650	35	0	0.0820	0.0000	20.0000
17009.990	36	0	0.0820	0.0000	20.0000
17028.329	37	0	0.0821	0.0000	20.0000
17096.918	36	0	0.0824	0.0000	20.0000
17096.918	35	0	0.0824	0.0000	20.0000
17096.918	34	0	0.0824	0.0000	20.0000
17120.682	35	0	0.0824	0.0000	20.0000
17137.126	36	0	0.0825	0.0000	20.0000
17145.689	35	0	0.0825	0.0000	20.0000
17153.570	36	0	0.0825	0.0000	20.0000
17170.013	37	0	0.0826	0.0000	20.0000
17181.770	36	0	0.0826	0.0000	20.0000
17181.770	35	0	0.0826	0.0000	20.0000
17186.457	36	0	0.0827	0.0000	20.0000
17202.901	37	0	0.0827	0.0000	20.0000
17219.345	38	0	0.0828	0.0000	20.0000
17235.789	39	0	0.0828	0.0000	20.0000
17252.233	40	0	0.0829	0.0000	20.0000
17252.453	39	0	0.0829	0.0000	20.0000
17252.453	38	0	0.0829	0.0000	20.0000
17268.677	39	0	0.0829	0.0000	20.0000
17285.121	40	0	0.0830	0.0000	20.0000
17301.565	41	0	0.0831	0.0000	20.0000
17310.033	40	0	0.0831	0.0000	20.0000
17318.009	41	0	0.0831	0.0000	20.0000
17326.465	40	0	0.0832	0.0000	20.0000
17334.453	41	0	0.0832	0.0000	20.0000
17350.897	42	0	0.0833	0.0000	20.0000
17367.340	43	0	0.0833	0.0000	20.0000
17383.784	44	0	0.0834	0.0000	20.0000
17400.228	45	0	0.0835	0.0000	20.0000
17416.672	46	0	0.0835	0.0000	20.0000
17433.116	47	0	0.0836	0.0000	20.0000
17447.085	46	0	0.0837	0.0000	20.0000
17447.085	45	0	0.0837	0.0000	20.0000
17475.877	44	0	0.0838	0.0000	20.0000
17567.705	43	0	0.0842	0.0000	20.0000
17639.852	42	0	0.0845	0.0000	20.0000
17646.399	41	0	0.0845	0.0000	20.0000
17705.035	40	0	0.0847	0.0000	20.0000
17767.473	39	0	0.0850	0.0000	20.0000
17830.951	38	0	0.0852	0.0000	20.0000
17830.951	37	0	0.0852	0.0000	20.0000
17860.445	36	0	0.0853	0.0000	20.0000
17918.212	35	0	0.0855	0.0000	20.0000
17992.707	34	0	0.0857	0.0000	20.0000
17992.707	33	0	0.0857	0.0000	20.0000
18029.226	32	0	0.0859	0.0000	22.5000
18065.871	31	0	0.0860	0.0000	22.5000
18065.871	30	0	0.0860	0.0000	22.5000
18160.206	29	0	0.0862	0.0000	22.5000
18160.206	28	0	0.0862	0.0000	22.5000
18176.199	27	0	0.0863	0.0000	22.5000
18296.909	26	0	0.0866	0.0000	22.5000
18643.681	25	0	0.0874	0.0000	22.5000
18643.681	24	0	0.0874	0.0000	22.5000
18643.681	23	0	0.0874	0.0000	22.5000
18643.681	22	0	0.0874	0.0000	22.5000
18643.681	21	0	0.0874	0.0000	22.5000
18787.451	20	0	0.0877	0.0000	22.5000
18787.451	19	0	0.0877	0.0000	22.5000
18787.451	18	0	0.0877	0.0000	22.5000
18881.507	17	0	0.0879	0.0000	22.5000
19012.986	16	0	0.0881	0.0000	22.5000
19305.776	15	0	0.0885	0.0000	22.5000
19305.776	14	0	0.0885	0.0000	22.5000
19496.554	13	0	0.0888	0.0000	22.5000
19496.554	12	0	0.0888	0.0000	22.5000
20028.260	11	0	0.0894	0.0000	22.5000
20028.260	10	0	0.0894	0.0000	22.5000
20050.487	11	0	0.0894	0.0000	22.5000
20058.784	12	0	0.0894	0.0000	22.5000
20067.080	13	0	0.0894	0.0000	22.5000
20075.376	14	0	0.0895	0.0000	22.5000
20083.672	15	0	0.0895	0.0000	22.5000
20091.969	16	0	0.0895	0.0000	22.5000
20100.265	17	0	0.0895	0.0000	22.5000
20108.561	18	0	0.0895	0.0000	22.5000
20116.857	19	0	0.0895	0.0000	22.5000
20125.154	20	0	0.0895	0.0000	22.5000
20133.450	21	0	0.0895	0.0000	22.5000
20141.746	22	0	0.0896	0.0000	22.5000
20150.042	23	0	0.0896	0.0000	22.5000
20158.338	24	0	0.0896	0.0000	22.5000
20166.635	25	0	0.0896	0.0000	22.5000
20174.931	26	0	0.0896	0.0000	22.5000
20183.227	27	0	0.0897	0.0000	22.5000
20197.111	28	0	0.0897	0.0000	22.5000
20210.996	29	0	0.0897	0.0000	22.5000
20224.880	30	0	0.0898	0.0000	22.5000
20233.492	29	0	0.0898	0.0000	22.5000
20238.764	30	0	0.0898	0.0000	22.5000
20252.648	31	0	0.0898	0.0000	22.5000
20266.533	32	0	0.0899	0.0000	22.5000
20280.417	33	0	0.0899	0.0000	22.5000
20294.301	34	0	0.0900	0.0000	22.5000
20308.185	35	0	0.0900	0.0000	22.5000
20322.070	36	0	0.0901	0.0000	22.5000
20335.954	37	0	0.0901	0.0000	22.5000
20349.838	38	0	0.0902	0.0000	22.5000
20363.722	39	0	0.0902	0.0000	22.5000
20377.607	40	0	0.0903	0.0000	22.5000
20391.491	41	0	0.0903	0.0000	22.5000
20405.375	42	0	0.0904	0.0000	22.5000
20419.259	43	0	0.0904	0.0000	22.5000
20433.143	44	0	0.0905	0.0000	22.5000
20447.028	45	0	0.0905	0.0000	22.5000
20460.912	46	0	0.0906	0.0000	22.5000
20493.147	45	0	0.0907	0.0000	22.5000
20581.889	44	0	0.0911	0.0000	22.5000
20581.889	43	0	0.0911	0.0000	22.5000
20622.354	42	0	0.0913	0.0000	22.5000
20781.409	41	0	0.0919	0.0000	22.5000
20781.409	40	0	0.0919	0.0000	22.5000
20876.679	39	0	0.0923	0.0000	22.5000
20876.679	38	0	0.0923	0.0000	22.5000
20938.599	37	0	0.0925	0.0000	22.5000
21057.886	36	0	0.0929	0.0000	22.5000
21075.894	35	0	0.0930	0.0000	22.5000
21189.981	34	0	0.0934	0.0000	22.5000
21189.981	33	0	0.0934	0.0000	22.5000
21189.981	32	0	0.0934	0.0000	22.5000
21345.243	31	0	0.0938	0.0000	22.5000
21404.873	30	0	0.0940	0.0000	22.5000
21498.868	29	0	0.0943	0.0000	22.5000
21844.077	28	0	0.0952	0.0000	25.0000
21938.726	27	0	0.0955	0.0000	25.0000
22264.455	26	0	0.0963	0.0000	25.0000
22329.194	25	0	0.0965	0.0000	25.0000
22459.499	24	0	0.0968	0.0000	25.0000
22459.499	23	0	0.0968	0.0000	25.0000
23180.892	22	0	0.0984	0.0000	25.0000
23375.725	23	0	0.0988	0.0000	25.0000
23381.590	22	0	0.0988	0.0000	25.0000
23394.499	23	0	0.0988	0.0000	25.0000
23413.273	24	0	0.0988	0.0000	25.0000
23432.047	25	0	0.0989	0.0000	25.0000
23450.821	26	0	0.0989	0.0000	25.0000
23469.595	27	0	0.0990	0.0000	25.0000
23488.368	28	0	0.0990	0.0000	25.0000
23507.142	29	0	0.0991	0.0000	25.0000
23525.916	30	0	0.0991	0.0000	25.0000
23544.690	31	0	0.0992	0.0000	25.0000
23563.464	32	0	0.0992	0.0000	25.0000
23582.238	33	0	0.0993	0.0000	25.0000
23601.012	34	0	0.0994	0.0000	25.0000
23619.786	35	0	0.0994	0.0000	25.0000
23638.560	36	0	0.0995	0.0000	25.0000
23657.334	37	0	0.0995	0.0000	25.0000
23676.107	38	0	0.0996	0.0000	25.0000
23694.881	39	0	0.0997	0.0000	25.0000
23697.853	38	0	0.0997	0.0000	25.0000
23713.655	39	0	0.0997	0.0000	25.0000
23732.429	40	0	0.0998	0.0000	25.0000
23751.976	41	0	0.0999	0.0000	25.0000
23771.523	42	0	0.1000	0.0000	25.0000
23791.070	43	0	0.1000	0.0000	25.0000
23793.182	42	0	0.1000	0.0000	25.0000
23809.557	41	0	0.1001	0.0000	25.0000
23810.617	42	0	0.1001	0.0000	25.0000
23830.164	43	0	0.1002	0.0000	25.0000
23849.711	44	0	0.1003	0.0000	25.0000
23869.258	45	0	0.1004	0.0000	25.0000
23888.805	46	0	0.1004	0.0000	25.0000
23908.352	47	0	0.1005	0.0000	25.0000
23927.899	48	0	0.1006	0.0000	25.0000
23947.447	49	0	0.1007	0.0000	25.0000
23966.994	50	0	0.1008	0.0000	25.0000
23986.541	51	0	0.1009	0.0000	25.0000
23992.197	50	0	0.1009	0.0000	25.0000
24005.192	49	0	0.1010	0.0000	25.0000
24006.088	50	0	0.1010	0.0000	25.0000
24025.635	51	0	0.1011	0.0000	25.0000
24045.182	52	0	0.1012	0.0000	25.0000
24063.394	51	0	0.1013	0.0000	25.0000
24064.729	52	0	0.1013	0.0000	25.0000
24084.276	53	0	0.1014	0.0000	25.0000
24103.823	54	0	0.1015	0.0000	25.0000
24123.370	55	0	0.1016	0.0000	25.0000
24139.040	56	0	0.1016	0.0000	25.0000
24210.834	55	0	0.1020	0.0000	25.0000
24210.834	54	0	0.1020	0.0000	25.0000
24210.834	53	0	0.1020	0.0000	25.0000
24210.834	52	0	0.1020	0.0000	25.0000
24224.547	51	0	0.1021	0.0000	25.0000
24342.601	50	0	0.1027	0.0000	25.0000
24573.395	49	0	0.1038	0.0000	25.0000
24622.300	48	0	0.1040	0.0000	25.0000
24633.867	47	0	0.1040	0.0000	25.0000
24842.913	46	0	0.1050	0.0000	25.0000
24842.913	45	0	0.1050	0.0000	25.0000
24860.860	44	0	0.1050	0.0000	25.0000
25119.067	43	0	0.1061	0.0000	25.0000
25119.067	42	0	0.1061	0.0000	25.0000
25119.067	41	0	0.1061	0.0000	25.0000
25119.067	40	0	0.1061	0.0000	25.0000
25119.067	39	0	0.1061	0.0000	25.0000
25119.067	38	0	0.1061	0.0000	25.0000
25518.645	37	0	0.1076	0.0000	27.5000
25781.895	36	0	0.1085	0.0000	27.5000
25876.881	35	0	0.1088	0.0000	27.5000
25949.541	34	0	0.1091	0.0000	27.5000
26067.144	35	0	0.1094	0.0000	27.5000
26082.914	36	0	0.1095	0.0000	27.5000
26087.923	35	0	0.1095	0.0000	27.5000
26087.923	34	0	0.1095	0.0000	27.5000
26087.923	33	0	0.1095	0.0000	27.5000
26087.923	32	0	0.1095	0.0000	27.5000
26098.684	33	0	0.1095	0.0000	27.5000
26114.454	34	0	0.1096	0.0000	27.5000
26130.223	35	0	0.1096	0.0000	27.5000
26145.993	36	0	0.1097	0.0000	27.5000
26161.763	37	0	0.1097	0.0000	27.5000
26177.533	38	0	0.1098	0.0000	27.5000
26193.303	39	0	0.1099	0.0000	27.5000
26209.072	40	0	0.1099	0.0000	27.5000
26224.842	41	0	0.1100	0.0000	27.5000
26240.612	42	0	0.1100	0.0000	27.5000
26256.382	43	0	0.1101	0.0000	27.5000
26272.152	44	0	0.1102	0.0000	27.5000
26287.922	45	0	0.1102	0.0000	27.5000
26303.691	46	0	0.1103	0.0000	27.5000
26319.461	47	0	0.1104	0.0000	27.5000
26335.231	48	0	0.1104	0.0000	27.5000
26351.001	49	0	0.1105	0.0000	27.5000
26366.771	50	0	0.1106	0.0000	27.5000
26384.340	51	0	0.1107	0.0000	27.5000
26401.909	52	0	0.1107	0.0000	27.5000
26419.478	53	0	0.1108	0.0000	27.5000
26437.047	54	0	0.1109	0.0000	27.5000
26454.616	55	0	0.1110	0.0000	27.5000
26472.185	56	0	0.1111	0.0000	27.5000
26489.754	57	0	0.1112	0.0000	27.5000
26492.628	56	0	0.1112	0.0000	27.5000
26507.323	57	0	0.1113	0.0000	27.5000
26524.893	58	0	0.1114	0.0000	27.5000
26542.462	59	0	0.1115	0.0000	27.5000
26560.031	60	0	0.1116	0.0000	27.5000
26577.600	61	0	0.1117	0.0000	27.5000
26603.402	60	0	0.1118	0.0000	27.5000
26632.254	59	0	0.1120	0.0000	27.5000
26632.254	58	0	0.1120	0.0000	27.5000
26632.254	57	0	0.1120	0.0000	27.5000
26681.690	56	0	0.1123	0.0000	27.5000
26699.671	55	0	0.1124	0.0000	27.5000
26916.584	54	0	0.1135	0.0000	27.5000
26976.196	53	0	0.1138	0.0000	27.5000
27391.548	54	0	0.1159	0.0000	30.0000
27405.020	55	0	0.1160	0.0000	30.0000
27418.493	56	0	0.1160	0.0000	30.0000
27431.965	57	0	0.1161	0.0000	30.0000
27445.438	58	0	0.1162	0.0000	30.0000
27458.911	59	0	0.1162	0.0000	30.0000
27472.383	60	0	0.1163	0.0000	30.0000
27485.856	61	0	0.1164	0.0000	30.0000
27499.328	62	0	0.1165	0.0000	30.0000
27512.801	63	0	0.1166	0.0000	30.0000
27526.274	64	0	0.1166	0.0000	30.0000
27539.746	65	0	0.1167	0.0000	30.0000
27553.219	66	0	0.1168	0.0000	30.0000
27566.691	67	0	0.1169	0.0000	30.0000
27580.164	68	0	0.1170	0.0000	30.0000
27593.637	69	0	0.1171	0.0000	30.0000
27607.109	70	0	0.1171	0.0000	30.0000
27626.912	69	0	0.1173	0.0000	30.0000
27626.912	68	0	0.1173	0.0000	30.0000
27865.337	67	0	0.1188	0.0000	30.0000
27865.337	66	0	0.1188	0.0000	30.0000
27865.337	65	0	0.1188	0.0000	30.0000
27865.337	64	0	0.1188	0.0000	30.0000
28051.090	63	0	0.1199	0.0000	30.0000
28180.307	62	0	0.1207	0.0000	30.0000
28258.016	61	0	0.1212	0.0000	30.0000
28258.016	60	0	0.1212	0.0000	30.0000
28258.016	59	0	0.1212	0.0000	30.0000
28561.223	58	0	0.1229	0.0000	30.0000
28690.867	57	0	0.1236	0.0000	30.0000
28986.480	56	0	0.1252	0.0000	32.5000
29078.659	55	0	0.1257	0.0000	32.5000
29078.659	54	0	0.1257	0.0000	32.5000
29123.890	55	0	0.1259	0.0000	32.5000
29131.062	56	0	0.1259	0.0000	32.5000
29138.234	57	0	0.1260	0.0000	32.5000
29145.405	58	0	0.1260	0.0000	32.5000
29152.577	59	0	0.1261	0.0000	32.5000
29159.749	60	0	0.1261	0.0000	32.5000
29166.921	61	0	0.1261	0.0000	32.5000
29174.092	62	0	0.1262	0.0000	32.5000
29181.264	63	0	0.1262	0.0000	32.5000
29188.436	64	0	0.1263	0.0000	32.5000
29195.607	65	0	0.1263	0.0000	32.5000
29202.779	66	0	0.1264	0.0000	32.5000
29209.951	67	0	0.1264	0.0000	32.5000
29295.309	66	0	0.1269	0.0000	32.5000
29339.135	65	0	0.1272	0.0000	32.5000
29408.753	64	0	0.1276	0.0000	32.5000
29420.345	63	0	0.1277	0.0000	32.5000
29583.255	62	0	0.1287	0.0000	32.5000
29583.255	61	0	0.1287	0.0000	32.5000
29583.255	60	0	0.1287	0.0000	32.5000
29583.255	59	0	0.1287	0.0000	32.5000
29583.255	58	0	0.1287	0.0000	32.5000
29613.613	57	0	0.1289	0.0000	32.5000
29699.804	56	0	0.1293	0.0000	32.5000
29805.597	55	0	0.1299	0.0000	32.5000
29978.993	54	0	0.1308	0.0000	32.5000
29989.952	53	0	0.1308	0.0000	32.5000
30115.362	52	0	0.1315	0.0000	32.5000
30209.269	51	0	0.1319	0.0000	32.5000
30209.269	50	0	0.1319	0.0000	32.5000
30323.831	49	0	0.1325	0.0000	32.5000
30323.831	48	0	0.1325	0.0000	32.5000
30556.158	47	0	0.1335	0.0000	32.5000
30556.158	46	0	0.1335	0.0000	32.5000
30556.158	45	0	0.1335	0.0000	32.5000
30556.158	44	0	0.1335	0.0000	32.5000
30556.158	43	0	0.1335	0.0000	32.5000
30556.158	42	0	0.1335	0.0000	32.5000
30556.158	41	0	0.1335	0.0000	32.5000
30727.423	40	0	0.1342	0.0000	35.0000
30727.423	39	0	0.1342	0.0000	35.0000
30838.795	38	0	0.1346	0.0000	35.0000
30869.141	37	0	0.1347	0.0000	35.0000
30991.201	36	0	0.1352	0.0000	35.0000
30991.201	35	0	0.1352	0.0000	35.0000
31040.132	34	0	0.1353	0.0000	35.0000
31080.437	35	0	0.1355	0.0000	35.0000
31093.376	36	0	0.1355	0.0000	35.0000
31106.315	37	0	0.1355	0.0000	35.0000
31114.858	36	0	0.1356	0.0000	35.0000
31119.253	37	0	0.1356	0.0000	35.0000
31132.192	38	0	0.1356	0.0000	35.0000
31145.131	39	0	0.1357	0.0000	35.0000
31158.069	40	0	0.1357	0.0000	35.0000
31171.008	41	0	0.1358	0.0000	35.0000
31183.947	42	0	0.1358	0.0000	35.0000
31196.885	43	0	0.1359	0.0000	35.0000
31209.824	44	0	0.1359	0.0000	35.0000
31222.763	45	0	0.1360	0.0000	35.0000
31235.702	46	0	0.1360	0.0000	35.0000
31248.640	47	0	0.1361	0.0000	35.0000
31261.579	48	0	0.1362	0.0000	35.0000
31274.518	49	0	0.1362	0.0000	35.0000
31287.456	50	0	0.1363	0.0000	35.0000
31300.395	51	0	0.1363	0.0000	35.0000
31313.334	52	0	0.1364	0.0000	35.0000
31326.272	53	0	0.1365	0.0000	35.0000
31344.581	54	0	0.1366	0.0000	35.0000
31362.889	55	0	0.1366	0.0000	35.0000
31377.898	54	0	0.1367	0.0000	35.0000
31377.898	53	0	0.1367	0.0000	35.0000
31381.198	54	0	0.1367	0.0000	35.0000
31399.506	55	0	0.1368	0.0000	35.0000
31417.814	56	0	0.1369	0.0000	35.0000
31436.123	57	0	0.1370	0.0000	35.0000
31454.431	58	0	0.1371	0.0000	35.0000
31472.740	59	0	0.1372	0.0000	35.0000
31491.048	60	0	0.1373	0.0000	35.0000
31521.285	59	0	0.1375	0.0000	35.0000
31521.285	58	0	0.1375	0.0000	35.0000
31528.881	57	0	0.1375	0.0000	35.0000
31549.788	56	0	0.1377	0.0000	35.0000
31554.692	55	0	0.1377	0.0000	35.0000
32114.596	54	0	0.1406	0.0000	35.0000
32114.596	53	0	0.1406	0.0000	35.0000
32114.596	52	0	0.1406	0.0000	35.0000
32114.596	51	0	0.1406	0.0000	35.0000
32114.596	50	0	0.1406	0.0000	35.0000
32178.315	49	0	0.1409	0.0000	35.0000
32311.795	48	0	0.1415	0.0000	35.0000
32348.570	47	0	0.1417	0.0000	35.0000
32634.939	46	0	0.1430	0.0000	37.5000
32634.939	45	0	0.1430	0.0000	37.5000
32764.169	44	0	0.1435	0.0000	37.5000
32764.169	43	0	0.1435	0.0000	37.5000
32856.076	42	0	0.1439	0.0000	37.5000
32856.076	41	0	0.1439	0.0000	37.5000
33049.291	40	0	0.1447	0.0000	37.5000
33049.291	39	0	0.1447	0.0000	37.5000
33049.291	38	0	0.1447	0.0000	37.5000
33049.291	37	0	0.1447	0.0000	37.5000
33077.114	36	0	0.1447	0.0000	37.5000
33205.978	37	0	0.1452	0.0000	37.5000
33222.888	38	0	0.1452	0.0000	37.5000
33239.798	39	0	0.1453	0.0000	37.5000
33285.158	38	0	0.1455	0.0000	37.5000
33300.451	39	0	0.1455	0.0000	37.5000
33304.078	38	0	0.1455	0.0000	37.5000
33315.744	39	0	0.1456	0.0000	37.5000
33331.037	40	0	0.1456	0.0000	37.5000
33346.330	41	0	0.1457	0.0000	37.5000
33348.235	40	0	0.1457	0.0000	37.5000
33361.623	41	0	0.1458	0.0000	37.5000
33376.915	42	0	0.1458	0.0000	37.5000
33392.208	43	0	0.1459	0.0000	37.5000
33407.501	44	0	0.1459	0.0000	37.5000
33412.474	43	0	0.1460	0.0000	37.5000
33422.794	44	0	0.1460	0.0000	37.5000
33438.087	45	0	0.1461	0.0000	37.5000
33453.380	46	0	0.1461	0.0000	37.5000
33468.672	47	0	0.1462	0.0000	37.5000
33483.965	48	0	0.1463	0.0000	37.5000
33499.258	49	0	0.1463	0.0000	37.5000
33514.551	50	0	0.1464	0.0000	37.5000
33529.844	51	0	0.1465	0.0000	37.5000
33545.136	52	0	0.1466	0.0000	37.5000
33560.429	53	0	0.1466	0.0000	37.5000
33562.751	52	0	0.1466	0.0000	37.5000
33575.722	53	0	0.1467	0.0000	37.5000
33591.015	54	0	0.1468	0.0000	37.5000
33614.832	53	0	0.1469	0.0000	37.5000
33747.040	52	0	0.1476	0.0000	37.5000
33747.040	51	0	0.1476	0.0000	37.5000
33747.040	50	0	0.1476	0.0000	37.5000
33773.862	49	0	0.1477	0.0000	37.5000
33909.016	48	0	0.1483	0.0000	37.5000
33995.153	47	0	0.1487	0.0000	37.5000
33995.153	46	0	0.1487	0.0000	37.5000
34029.935	45	0	0.1489	0.0000	37.5000
34042.816	44	0	0.1489	0.0000	37.5000
34042.816	43	0	0.1489	0.0000	37.5000
34144.691	42	0	0.1493	0.0000	37.5000
34144.691	41	0	0.1493	0.0000	37.5000
34219.578	40	0	0.1496	0.0000	40.0000
34219.578	39	0	0.1496	0.0000	40.0000
34219.578	38	0	0.1496	0.0000	40.0000
34262.201	37	0	0.1498	0.0000	40.0000
34318.016	36	0	0.1500	0.0000	40.0000
34326.473	35	0	0.1500	0.0000	40.0000
34326.473	34	0	0.1500	0.0000	40.0000
34335.149	35	0	0.1500	0.0000	40.0000
34352.283	36	0	0.1501	0.0000	40.0000
34369.416	37	0	0.1502	0.0000	40.0000
34386.550	38	0	0.1502	0.0000	40.0000
34403.683	39	0	0.1503	0.0000	40.0000
34404.849	38	0	0.1503	0.0000	40.0000
34420.817	39	0	0.1503	0.0000	40.0000
34437.950	40	0	0.1504	0.0000	40.0000
34455.084	41	0	0.1505	0.0000	40.0000
34472.218	42	0	0.1505	0.0000	40.0000
34516.798	41	0	0.1507	0.0000	40.0000
34669.724	40	0	0.1513	0.0000	40.0000
34669.724	39	0	0.1513	0.0000	40.0000
34826.752	38	0	0.1519	0.0000	40.0000
35069.824	37	0	0.1528	0.0000	40.0000
35131.392	36	0	0.1530	0.0000	40.0000
35131.392	35	0	0.1530	0.0000	40.0000
35224.516	34	0	0.1533	0.0000	40.0000
35265.692	33	0	0.1534	0.0000	40.0000
35530.099	32	0	0.1543	0.0000	40.0000
35630.971	31	0	0.1546	0.0000	40.0000
35692.825	30	0	0.1547	0.0000	40.0000
35692.825	29	0	0.1547	0.0000	40.0000
35692.825	28	0	0.1547	0.0000	40.0000
35878.728	29	0	0.1552	0.0000	40.0000
35885.451	30	0	0.1553	0.0000	40.0000
35892.174	31	0	0.1553	0.0000	40.0000
35898.897	32	0	0.1553	0.0000	40.0000
35905.620	33	0	0.1553	0.0000	40.0000
35912.343	34	0	0.1553	0.0000	40.0000
35919.066	35	0	0.1554	0.0000	40.0000
35925.789	36	0	0.1554	0.0000	40.0000
35932.512	37	0	0.1554	0.0000	40.0000
35939.235	38	0	0.1554	0.0000	40.0000
35945.958	39	0	0.1554	0.0000	40.0000
35948.962	38	0	0.1555	0.0000	40.0000
35948.962	37	0	0.1555	0.0000	40.0000
35948.962	36	0	0.1555	0.0000	40.0000
35948.962	35	0	0.1555	0.0000	40.0000
35952.681	36	0	0.1555	0.0000	40.0000
35959.404	37	0	0.1555	0.0000	40.0000
35966.128	38	0	0.1555	0.0000	40.0000
35972.851	39	0	0.1555	0.0000	40.0000
35979.574	40	0	0.1556	0.0000	40.0000
35986.297	41	0	0.1556	0.0000	40.0000
35991.202	40	0	0.1556	0.0000	40.0000
35993.020	41	0	0.1556	0.0000	40.0000
35999.743	42	0	0.1556	0.0000	40.0000
36006.466	43	0	0.1557	0.0000	40.0000
36041.850	42	0	0.1558	0.0000	40.0000
36066.213	41	0	0.1559	0.0000	40.0000
36124.717	40	0	0.1561	0.0000	40.0000
36225.870	39	0	0.1565	0.0000	40.0000
36374.490	38	0	0.1571	0.0000	40.0000
36374.490	37	0	0.1571	0.0000	40.0000
36433.771	36	0	0.1573	0.0000	40.0000
36470.331	35	0	0.1574	0.0000	40.0000
36510.442	34	0	0.1575	0.0000	40.0000
36562.467	33	0	0.1577	0.0000	40.0000
36678.124	32	0	0.1581	0.0000	40.0000
37004.983	31	0	0.1591	0.0000	40.0000
37024.107	30	0	0.1591	0.0000	40.0000
37024.107	29	0	0.1591	0.0000	40.0000
37024.107	28	0	0.1591	0.0000	40.0000
37087.137	27	0	0.1593	0.0000	40.0000
37258.760	26	0	0.1597	0.0000	40.0000
37263.565	25	0	0.1597	0.0000	40.0000
37279.774	24	0	0.1598	0.0000	40.0000
37322.748	23	0	0.1599	0.0000	40.0000
37322.748	22	0	0.1599	0.0000	40.0000
37384.974	21	0	0.1600	0.0000	40.0000
37571.010	20	0	0.1604	0.0000	40.0000
37616.964	19	0	0.1605	0.0000	40.0000
37677.822	18	0	0.1606	0.0000	40.0000
37696.660	17	0	0.1606	0.0000	40.0000
37696.660	16	0	0.1606	0.0000	40.0000
37696.660	15	0	0.1606	0.0000	40.0000
37855.366	14	0	0.1608	0.0000	42.5000
37879.800	13	0	0.1609	0.0000	42.5000
38002.468	12	0	0.1610	0.0000	42.5000
38022.291	11	0	0.1610	0.0000	42.5000
38211.842	10	0	0.1612	0.0000	42.5000
38211.842	9	0	0.1612	0.0000	42.5000
38211.842	8	0	0.1612	0.0000	42.5000
38433.070	7	0	0.1614	0.0000	42.5000
38433.070	6	0	0.1614	0.0000	42.5000
38463.240	5	0	0.1614	0.0000	42.5000
38580.659	4	0	0.1615	0.0000	42.5000
38580.659	3	0	0.1615	0.0000	42.5000
38713.930	2	0	0.1615	0.0000	42.5000
38747.293	1	0	0.1615	0.0000	42.5000
38777.488	0	0	0.1615	0.0000	42.5000
38883.116	1	0	0.1615	0.0000	42.5000
38893.066	2	0	0.1615	0.0000	42.5000
38903.016	3	0	0.1615	0.0000	42.5000
38912.965	4	0	0.1615	0.0000	42.5000
38922.915	5	0	0.1615	0.0000	42.5000
38932.865	6	0	0.1615	0.0000	42.5000
38942.815	7	0	0.1615	0.0000	42.5000
38952.765	8	0	0.1616	0.0000	42.5000
38962.715	9	0	0.1616	0.0000	42.5000
38972.665	10	0	0.1616	0.0000	42.5000
38982.615	11	0	0.1616	0.0000	42.5000
38992.565	12	0	0.1616	0.0000	42.5000
39002.515	13	0	0.1616	0.0000	42.5000
39012.465	14	0	0.1616	0.0000	42.5000
39022.415	15	0	0.1616	0.0000	42.5000
39032.365	16	0	0.1616	0.0000	42.5000
39042.315	17	0	0.1617	0.0000	42.5000
39052.265	18	0	0.1617	0.0000	42.5000
39062.215	19	0	0.1617	0.0000	42.5000
39072.165	20	0	0.1617	0.0000	42.5000
39072.454	19	0	0.1617	0.0000	42.5000
39080.786	20	0	0.1617	0.0000	42.5000
39089.407	21	0	0.1617	0.0000	42.5000
39098.028	22	0	0.1618	0.0000	42.5000
39106.649	23	0	0.1618	0.0000	42.5000
39115.270	24	0	0.1618	0.0000	42.5000
39123.891	25	0	0.1618	0.0000	42.5000
39132.512	26	0	0.1618	0.0000	42.5000
39141.133	27	0	0.1619	0.0000	42.5000
39149.754	28	0	0.1619	0.0000	42.5000
39158.375	29	0	0.1619	0.0000	42.5000
39166.996	30	0	0.1619	0.0000	42.5000
39175.617	31	0	0.1619	0.0000	42.5000
39184.238	32	0	0.1620	0.0000	42.5000
39192.859	33	0	0.1620	0.0000	42.5000
39201.480	34	0	0.1620	0.0000	42.5000
39206.836	33	0	0.1620	0.0000	42.5000
39210.101	34	0	0.1621	0.0000	42.5000
39218.722	35	0	0.1621	0.0000	42.5000
39227.343	36	0	0.1621	0.0000	42.5000
39235.964	37	0	0.1621	0.0000	42.5000
39244.585	38	0	0.1622	0.0000	42.5000
39251.827	39	0	0.1622	0.0000	42.5000
39259.068	40	0	0.1622	0.0000	42.5000
39264.468	39	0	0.1622	0.0000	42.5000
39266.310	40	0	0.1622	0.0000	42.5000
39273.551	41	0	0.1623	0.0000	42.5000
39280.793	42	0	0.1623	0.0000	42.5000
39288.034	43	0	0.1623	0.0000	42.5000
39295.276	44	0	0.1624	0.0000	42.5000
39302.518	45	0	0.1624	0.0000	42.5000
39309.759	46	0	0.1624	0.0000	42.5000
39317.001	47	0	0.1625	0.0000	42.5000
39324.242	48	0	0.1625	0.0000	42.5000
39331.484	49	0	0.1625	0.0000	42.5000
39338.725	50	0	0.1626	0.0000	42.5000
39345.967	51	0	0.1626	0.0000	42.5000
39347.324	50	0	0.1626	0.0000	42.5000
39347.324	49	0	0.1626	0.0000	42.5000
39353.208	50	0	0.1626	0.0000	42.5000
39394.405	49	0	0.1628	0.0000	42.5000
39547.576	48	0	0.1635	0.0000	42.5000
39547.576	47	0	0.1635	0.0000	42.5000
39559.322	46	0	0.1636	0.0000	42.5000
39559.322	45	0	0.1636	0.0000	42.5000
39559.322	44	0	0.1636	0.0000	42.5000
39559.322	43	0	0.1636	0.0000	42.5000
39559.322	42	0	0.1636	0.0000	42.5000
39559.322	41	0	0.1636	0.0000	42.5000
39647.001	40	0	0.1639	0.0000	45.0000
39669.922	39	0	0.1640	0.0000	45.0000
39690.062	38	0	0.1641	0.0000	45.0000
39690.062	37	0	0.1641	0.0000	45.0000
39718.691	36	0	0.1642	0.0000	45.0000
39748.737	35	0	0.1643	0.0000	45.0000
39748.737	34	0	0.1643	0.0000	45.0000
39835.957	33	0	0.1646	0.0000	45.0000
39835.957	32	0	0.1646	0.0000	45.0000
40010.145	31	0	0.1651	0.0000	45.0000
40021.963	30	0	0.1651	0.0000	45.0000
40049.987	29	0	0.1652	0.0000	45.0000
40063.417	28	0	0.1653	0.0000	45.0000
40092.998	27	0	0.1653	0.0000	45.0000
40203.679	26	0	0.1656	0.0000	45.0000
40203.679	25	0	0.1656	0.0000	45.0000
40203.679	24	0	0.1656	0.0000	45.0000
40339.381	23	0	0.1659	0.0000	45.0000
40339.381	22	0	0.1659	0.0000	45.0000
40339.381	21	0	0.1659	0.0000	45.0000
40506.183	20	0	0.1663	0.0000	45.0000
40536.464	19	0	0.1663	0.0000	45.0000
40649.406	18	0	0.1665	0.0000	45.0000
40747.475	17	0	0.1667	0.0000	45.0000
40820.155	16	0	0.1668	0.0000	45.0000
40843.409	15	0	0.1668	0.0000	45.0000
40843.409	14	0	0.1668	0.0000	45.0000
40935.543	13	0	0.1670	0.0000	45.0000
40935.543	12	0	0.1670	0.0000	45.0000
40935.543	11	0	0.1670	0.0000	45.0000
40996.157	10	0	0.1670	0.0000	45.0000
41089.896	9	0	0.1671	0.0000	45.0000
41198.271	8	0	0.1672	0.0000	45.0000
41198.271	7	0	0.1672	0.0000	45.0000
41205.983	6	0	0.1672	0.0000	45.0000
41251.552	5	0	0.1672	0.0000	45.0000
41267.550	6	0	0.1672	0.0000	45.0000
41283.547	7	0	0.1673	0.0000	45.0000
41299.545	8	0	0.1673	0.0000	45.0000
41315.542	9	0	0.1673	0.0000	45.0000
41331.539	10	0	0.1673	0.0000	45.0000
41347.537	11	0	0.1673	0.0000	45.0000
41363.534	12	0	0.1673	0.0000	45.0000
41379.531	13	0	0.1673	0.0000	45.0000
41380.514	12	0	0.1673	0.0000	45.0000
41380.514	11	0	0.1673	0.0000	45.0000
41395.529	12	0	0.1674	0.0000	45.0000
41405.455	11	0	0.1674	0.0000	45.0000
41413.619	12	0	0.1674	0.0000	45.0000
41421.783	13	0	0.1674	0.0000	45.0000
41429.948	14	0	0.1674	0.0000	45.0000
41438.112	15	0	0.1674	0.0000	45.0000
41446.276	16	0	0.1674	0.0000	45.0000
41454.440	17	0	0.1674	0.0000	45.0000
41462.604	18	0	0.1674	0.0000	45.0000
41470.768	19	0	0.1675	0.0000	45.0000
41478.933	20	0	0.1675	0.0000	45.0000
41487.097	21	0	0.1675	0.0000	45.0000
41495.261	22	0	0.1675	0.0000	45.0000
41503.425	23	0	0.1675	0.0000	45.0000
41511.589	24	0	0.1675	0.0000	45.0000
41519.753	25	0	0.1676	0.0000	45.0000
41527.522	24	0	0.1676	0.0000	45.0000
41527.917	25	0	0.1676	0.0000	45.0000
41536.082	26	0	0.1676	0.0000	45.0000
41544.246	27	0	0.1676	0.0000	45.0000
41552.410	28	0	0.1676	0.0000	45.0000
41555.359	27	0	0.1676	0.0000	45.0000
41560.574	28	0	0.1677	0.0000	45.0000
41568.738	29	0	0.1677	0.0000	45.0000
41592.202	28	0	0.1677	0.0000	45.0000
41592.202	27	0	0.1677	0.0000	45.0000
41604.361	26	0	0.1678	0.0000	45.0000
41649.139	25	0	0.1679	0.0000	45.0000
41877.355	24	0	0.1684	0.0000	45.0000
41981.218	23	0	0.1687	0.0000	45.0000
41981.218	22	0	0.1687	0.0000	45.0000
42264.026	21	0	0.1693	0.0000	45.0000
42294.161	20	0	0.1693	0.0000	45.0000
42527.033	19	0	0.1698	0.0000	45.0000
42527.033	18	0	0.1698	0.0000	45.0000
42527.033	17	0	0.1698	0.0000	45.0000
42632.702	16	0	0.1699	0.0000	45.0000
42667.015	15	0	0.1700	0.0000	45.0000
42744.862	14	0	0.1701	0.0000	45.0000
42744.862	13	0	0.1701	0.0000	45.0000
42785.126	12	0	0.1701	0.0000	45.0000
42833.534	11	0	0.1702	0.0000	45.0000
42873.547	10	0	0.1702	0.0000	45.0000
43117.882	9	0	0.1705	0.0000	45.0000
43162.055	8	0	0.1705	0.0000	45.0000
43382.015	7	0	0.1707	0.0000	45.0000
