# s=55 S=60 h=0.0068 p=4.0000 c=2.5000
# time_s	level	cum_oos	holding_eur	shortage_eur	order_eur
0.000	60	0	0.0000	0.0000	0.0000
749.956	59	0	0.0071	0.0000	0.0000
749.956	58	0	0.0071	0.0000	0.0000
749.956	57	0	0.0071	0.0000	0.0000
978.400	56	0	0.0091	0.0000	0.0000
978.400	55	0	0.0091	0.0000	0.0000
978.400	54	0	0.0091	0.0000	0.0000
978.400	53	0	0.0091	0.0000	0.0000
978.400	52	0	0.0091	0.0000	0.0000
1097.850	51	0	0.0101	0.0000	0.0000
1522.228	50	0	0.0135	0.0000	0.0000
1745.193	49	0	0.0153	0.0000	0.0000
1808.853	48	0	0.0158	0.0000	2.5000
1808.853	47	0	0.0158	0.0000	2.5000
1918.536	46	0	0.0166	0.0000	2.5000
1957.005	47	0	0.0169	0.0000	2.5000
1970.786	48	0	0.0170	0.0000	2.5000
1984.566	49	0	0.0171	0.0000	2.5000
1998.347	50	0	0.0172	0.0000	2.5000
2012.128	51	0	0.0173	0.0000	2.5000
2025.909	52	0	0.0174	0.0000	2.5000
2039.690	53	0	0.0175	0.0000	2.5000
2053.471	54	0	0.0176	0.0000	2.5000
2067.252	55	0	0.0177	0.0000	2.5000
2081.033	56	0	0.0178	0.0000	2.5000
2094.814	57	0	0.0180	0.0000	2.5000
2310.090	56	0	0.0199	0.0000	2.5000
2550.803	55	0	0.0220	0.0000	2.5000
3048.077	54	0	0.0263	0.0000	2.5000
3159.003	53	0	0.0273	0.0000	2.5000
3159.003	52	0	0.0273	0.0000	2.5000
3235.006	51	0	0.0279	0.0000	2.5000
3494.242	50	0	0.0300	0.0000	2.5000
4253.359	51	0	0.0359	0.0000	5.0000
4271.953	52	0	0.0361	0.0000	5.0000
4290.548	53	0	0.0363	0.0000	5.0000
4294.824	52	0	0.0363	0.0000	5.0000
4294.824	51	0	0.0363	0.0000	5.0000
4309.142	52	0	0.0364	0.0000	5.0000
4327.737	53	0	0.0366	0.0000	5.0000
4332.410	52	0	0.0366	0.0000	5.0000
4346.331	53	0	0.0367	0.0000	5.0000
4364.925	54	0	0.0369	0.0000	5.0000
4383.520	55	0	0.0370	0.0000	5.0000
4402.114	56	0	0.0372	0.0000	5.0000
4420.709	57	0	0.0373	0.0000	5.0000
4642.725	56	0	0.0393	0.0000	5.0000
4642.725	55	0	0.0393	0.0000	5.0000
4642.725	54	0	0.0393	0.0000	5.0000
4662.041	53	0	0.0395	0.0000	5.0000
4765.402	52	0	0.0404	0.0000	5.0000
4765.402	51	0	0.0404	0.0000	5.0000
4860.783	50	0	0.0411	0.0000	5.0000
4985.125	49	0	0.0421	0.0000	5.0000
4985.125	48	0	0.0421	0.0000	5.0000
5270.622	47	0	0.0443	0.0000	5.0000
5370.628	46	0	0.0450	0.0000	5.0000
5546.626	45	0	0.0463	0.0000	7.5000
5651.459	44	0	0.0470	0.0000	7.5000
5677.457	43	0	0.0472	0.0000	7.5000
6059.374	42	0	0.0498	0.0000	7.5000
6138.211	41	0	0.0503	0.0000	7.5000
6218.930	40	0	0.0508	0.0000	7.5000
6218.930	39	0	0.0508	0.0000	7.5000
6298.971	38	0	0.0513	0.0000	7.5000
6298.971	37	0	0.0513	0.0000	7.5000
6360.888	36	0	0.0517	0.0000	7.5000
6403.427	35	0	0.0519	0.0000	7.5000
6461.682	34	0	0.0522	0.0000	7.5000
6464.058	35	0	0.0523	0.0000	7.5000
6477.746	36	0	0.0523	0.0000	7.5000
6491.434	37	0	0.0524	0.0000	7.5000
6505.122	38	0	0.0525	0.0000	7.5000
6518.810	39	0	0.0526	0.0000	7.5000
6532.498	40	0	0.0527	0.0000	7.5000
6546.186	41	0	0.0527	0.0000	7.5000
6559.874	42	0	0.0528	0.0000	7.5000
6573.562	43	0	0.0529	0.0000	7.5000
6587.250	44	0	0.0530	0.0000	7.5000
6600.938	45	0	0.0531	0.0000	7.5000
6614.626	46	0	0.0532	0.0000	7.5000
6628.314	47	0	0.0533	0.0000	7.5000
6642.002	48	0	0.0534	0.0000	7.5000
6780.616	47	0	0.0545	0.0000	7.5000
6850.638	46	0	0.0550	0.0000	7.5000
6850.638	45	0	0.0550	0.0000	7.5000
6961.171	44	0	0.0558	0.0000	7.5000
6961.171	43	0	0.0558	0.0000	7.5000
7324.168	42	0	0.0582	0.0000	10.0000
7358.472	41	0	0.0584	0.0000	10.0000
7386.521	40	0	0.0586	0.0000	10.0000
7435.980	39	0	0.0589	0.0000	10.0000
7614.665	38	0	0.0600	0.0000	10.0000
7644.844	37	0	0.0602	0.0000	10.0000
7771.357	36	0	0.0609	0.0000	10.0000
7771.357	35	0	0.0609	0.0000	10.0000
7771.357	34	0	0.0609	0.0000	10.0000
7793.718	33	0	0.0611	0.0000	10.0000
7833.505	32	0	0.0613	0.0000	10.0000
7957.118	31	0	0.0619	0.0000	10.0000
8040.447	32	0	0.0623	0.0000	10.0000
8058.304	33	0	0.0624	0.0000	10.0000
8076.160	34	0	0.0625	0.0000	10.0000
8094.017	35	0	0.0626	0.0000	10.0000
8111.873	36	0	0.0627	0.0000	10.0000
8129.729	37	0	0.0628	0.0000	10.0000
8147.586	38	0	0.0629	0.0000	10.0000
8165.442	39	0	0.0630	0.0000	10.0000
8174.559	38	0	0.0630	0.0000	10.0000
8183.299	39	0	0.0631	0.0000	10.0000
8201.155	40	0	0.0632	0.0000	10.0000
8219.011	41	0	0.0633	0.0000	10.0000
8234.830	40	0	0.0634	0.0000	10.0000
8236.868	41	0	0.0634	0.0000	10.0000
8254.724	42	0	0.0635	0.0000	10.0000
8272.581	43	0	0.0637	0.0000	10.0000
8290.437	44	0	0.0638	0.0000	10.0000
8308.293	45	0	0.0639	0.0000	10.0000
8326.150	46	0	0.0640	0.0000	10.0000
8350.527	45	0	0.0642	0.0000	10.0000
8350.527	44	0	0.0642	0.0000	10.0000
8370.006	43	0	0.0643	0.0000	10.0000
8537.020	42	0	0.0655	0.0000	10.0000
8604.488	41	0	0.0659	0.0000	10.0000
8757.095	40	0	0.0669	0.0000	10.0000
8828.715	39	0	0.0674	0.0000	10.0000
8828.715	38	0	0.0674	0.0000	10.0000
8931.923	37	0	0.0680	0.0000	10.0000
8931.923	36	0	0.0680	0.0000	10.0000
9197.173	35	0	0.0695	0.0000	12.5000
9212.264	34	0	0.0696	0.0000	12.5000
9318.605	33	0	0.0701	0.0000	12.5000
9427.440	32	0	0.0707	0.0000	12.5000
9475.981	31	0	0.0709	0.0000	12.5000
9530.813	30	0	0.0712	0.0000	12.5000
9737.353	29	0	0.0722	0.0000	12.5000
9855.614	28	0	0.0727	0.0000	12.5000
10298.130	29	0	0.0747	0.0000	12.5000
10316.466	30	0	0.0748	0.0000	12.5000
10334.802	31	0	0.0748	0.0000	12.5000
10353.138	32	0	0.0749	0.0000	12.5000
10371.474	33	0	0.0750	0.0000	12.5000
10389.810	34	0	0.0751	0.0000	12.5000
10408.146	35	0	0.0752	0.0000	12.5000
10426.482	36	0	0.0753	0.0000	12.5000
10444.818	37	0	0.0754	0.0000	12.5000
10463.154	38	0	0.0755	0.0000	12.5000
10481.490	39	0	0.0756	0.0000	12.5000
10499.826	40	0	0.0758	0.0000	12.5000
10518.162	41	0	0.0759	0.0000	12.5000
10536.498	42	0	0.0760	0.0000	12.5000
10554.834	43	0	0.0761	0.0000	12.5000
10573.170	44	0	0.0762	0.0000	12.5000
10591.506	45	0	0.0764	0.0000	12.5000
10609.842	46	0	0.0765	0.0000	12.5000
10611.098	45	0	0.0765	0.0000	12.5000
10628.178	46	0	0.0766	0.0000	12.5000
10646.514	47	0	0.0768	0.0000	12.5000
10674.350	46	0	0.0770	0.0000	12.5000
10696.154	47	0	0.0771	0.0000	12.5000
10703.650	48	0	0.0772	0.0000	12.5000
10711.147	49	0	0.0772	0.0000	12.5000
10718.643	50	0	0.0773	0.0000	12.5000
10744.367	49	0	0.0775	0.0000	12.5000
10773.489	48	0	0.0777	0.0000	12.5000
10773.489	47	0	0.0777	0.0000	12.5000
10965.523	46	0	0.0791	0.0000	15.0000
11078.084	45	0	0.0799	0.0000	15.0000
11156.902	44	0	0.0805	0.0000	15.0000
11395.846	43	0	0.0822	0.0000	15.0000
11507.805	42	0	0.0829	0.0000	15.0000
11526.693	41	0	0.0830	0.0000	15.0000
11619.325	40	0	0.0836	0.0000	15.0000
11619.325	39	0	0.0836	0.0000	15.0000
11619.325	38	0	0.0836	0.0000	15.0000
11619.325	37	0	0.0836	0.0000	15.0000
11812.629	36	0	0.0848	0.0000	15.0000
11837.947	35	0	0.0849	0.0000	15.0000
11851.661	36	0	0.0850	0.0000	15.0000
11869.832	37	0	0.0851	0.0000	15.0000
11888.003	38	0	0.0852	0.0000	15.0000
11906.174	39	0	0.0853	0.0000	15.0000
11924.345	40	0	0.0854	0.0000	15.0000
11942.516	41	0	0.0855	0.0000	15.0000
11946.095	40	0	0.0856	0.0000	15.0000
11946.095	39	0	0.0856	0.0000	15.0000
11960.686	40	0	0.0856	0.0000	15.0000
11978.857	41	0	0.0858	0.0000	15.0000
11997.028	42	0	0.0859	0.0000	15.0000
12015.199	43	0	0.0860	0.0000	15.0000
12033.370	44	0	0.0861	0.0000	15.0000
12051.541	45	0	0.0862	0.0000	15.0000
12069.712	46	0	0.0864	0.0000	15.0000
12196.533	45	0	0.0873	0.0000	15.0000
12196.533	44	0	0.0873	0.0000	15.0000
12196.533	43	0	0.0873	0.0000	15.0000
12196.533	42	0	0.0873	0.0000	15.0000
12196.533	41	0	0.0873	0.0000	15.0000
12196.533	40	0	0.0873	0.0000	15.0000
12196.533	39	0	0.0873	0.0000	15.0000
12258.720	38	0	0.0877	0.0000	15.0000
12381.533	37	0	0.0884	0.0000	15.0000
12404.600	36	0	0.0885	0.0000	15.0000
12663.775	35	0	0.0900	0.0000	17.5000
12663.775	34	0	0.0900	0.0000	17.5000
12663.775	33	0	0.0900	0.0000	17.5000
12742.060	32	0	0.0904	0.0000	17.5000
12931.460	31	0	0.0914	0.0000	17.5000
12931.460	30	0	0.0914	0.0000	17.5000
12931.460	29	0	0.0914	0.0000	17.5000
13141.450	28	0	0.0923	0.0000	17.5000
13141.450	27	0	0.0923	0.0000	17.5000
13154.186	26	0	0.0924	0.0000	17.5000
13247.839	25	0	0.0928	0.0000	17.5000
13324.603	24	0	0.0931	0.0000	17.5000
13430.532	23	0	0.0935	0.0000	17.5000
13430.532	22	0	0.0935	0.0000	17.5000
13470.867	21	0	0.0936	0.0000	17.5000
13512.683	20	0	0.0937	0.0000	17.5000
13556.659	19	0	0.0939	0.0000	17.5000
13575.321	18	0	0.0939	0.0000	17.5000
13651.421	17	0	0.0942	0.0000	17.5000
13651.421	16	0	0.0942	0.0000	17.5000
13682.066	17	0	0.0942	0.0000	17.5000
13695.247	18	0	0.0943	0.0000	17.5000
13708.428	19	0	0.0943	0.0000	17.5000
13721.609	20	0	0.0943	0.0000	17.5000
13732.640	21	0	0.0944	0.0000	17.5000
13743.670	22	0	0.0944	0.0000	17.5000
13754.700	23	0	0.0945	0.0000	17.5000
13764.662	22	0	0.0945	0.0000	17.5000
13764.662	21	0	0.0945	0.0000	17.5000
13765.730	22	0	0.0945	0.0000	17.5000
13776.761	23	0	0.0945	0.0000	17.5000
13787.791	24	0	0.0946	0.0000	17.5000
13798.821	25	0	0.0946	0.0000	17.5000
13809.851	26	0	0.0947	0.0000	17.5000
13820.881	27	0	0.0947	0.0000	17.5000
13831.912	28	0	0.0948	0.0000	17.5000
13842.942	29	0	0.0948	0.0000	17.5000
13853.972	30	0	0.0949	0.0000	17.5000
13865.002	31	0	0.0949	0.0000	17.5000
13876.033	32	0	0.0950	0.0000	17.5000
13887.063	33	0	0.0950	0.0000	17.5000
13898.093	34	0	0.0951	0.0000	17.5000
13909.123	35	0	0.0951	0.0000	17.5000
13920.154	36	0	0.0952	0.0000	17.5000
13931.184	37	0	0.0953	0.0000	17.5000
13942.214	38	0	0.0953	0.0000	17.5000
13968.195	37	0	0.0955	0.0000	17.5000
13979.777	36	0	0.0955	0.0000	17.5000
13979.777	35	0	0.0955	0.0000	17.5000
14166.393	34	0	0.0966	0.0000	17.5000
14166.393	33	0	0.0966	0.0000	17.5000
14166.393	32	0	0.0966	0.0000	17.5000
14536.281	31	0	0.0984	0.0000	20.0000
14536.281	30	0	0.0984	0.0000	20.0000
14536.281	29	0	0.0984	0.0000	20.0000
14642.863	28	0	0.0989	0.0000	20.0000
14716.511	27	0	0.0992	0.0000	20.0000
14839.156	26	0	0.0998	0.0000	20.0000
15129.602	25	0	0.1010	0.0000	20.0000
15210.699	24	0	0.1013	0.0000	20.0000
15318.085	23	0	0.1017	0.0000	20.0000
15399.632	22	0	0.1020	0.0000	20.0000
15458.346	21	0	0.1022	0.0000	20.0000
15508.561	20	0	0.1023	0.0000	20.0000
15572.375	21	0	0.1025	0.0000	20.0000
15587.125	22	0	0.1026	0.0000	20.0000
15601.875	23	0	0.1026	0.0000	20.0000
15616.625	24	0	0.1027	0.0000	20.0000
15631.375	25	0	0.1028	0.0000	20.0000
15646.125	26	0	0.1028	0.0000	20.0000
15660.875	27	0	0.1029	0.0000	20.0000
15675.625	28	0	0.1029	0.0000	20.0000
15690.374	29	0	0.1030	0.0000	20.0000
15705.124	30	0	0.1031	0.0000	20.0000
15719.874	31	0	0.1031	0.0000	20.0000
15734.624	32	0	0.1032	0.0000	20.0000
15749.374	33	0	0.1033	0.0000	20.0000
15764.124	34	0	0.1034	0.0000	20.0000
15778.874	35	0	0.1034	0.0000	20.0000
15793.624	36	0	0.1035	0.0000	20.0000
15808.374	37	0	0.1036	0.0000	20.0000
15823.124	38	0	0.1037	0.0000	20.0000
15835.018	37	0	0.1038	0.0000	20.0000
15835.018	36	0	0.1038	0.0000	20.0000
15835.018	35	0	0.1038	0.0000	20.0000
15835.018	34	0	0.1038	0.0000	20.0000
15835.018	33	0	0.1038	0.0000	20.0000
15835.018	32	0	0.1038	0.0000	20.0000
15835.018	31	0	0.1038	0.0000	20.0000
15837.874	32	0	0.1038	0.0000	20.0000
15852.624	33	0	0.1038	0.0000	20.0000
15870.663	34	0	0.1039	0.0000	20.0000
15888.702	35	0	0.1040	0.0000	20.0000
15906.741	36	0	0.1041	0.0000	20.0000
15924.781	37	0	0.1042	0.0000	20.0000
15942.820	38	0	0.1043	0.0000	20.0000
15960.859	39	0	0.1045	0.0000	20.0000
15978.899	40	0	0.1046	0.0000	20.0000
15984.919	39	0	0.1046	0.0000	20.0000
15996.938	40	0	0.1047	0.0000	20.0000
16029.256	39	0	0.1049	0.0000	20.0000
16029.256	38	0	0.1049	0.0000	20.0000
16051.910	37	0	0.1050	0.0000	20.0000
16051.910	36	0	0.1050	0.0000	20.0000
16134.563	35	0	0.1055	0.0000	20.0000
16209.391	34	0	0.1059	0.0000	22.5000
16455.849	33	0	0.1072	0.0000	22.5000
16473.441	32	0	0.1073	0.0000	22.5000
16746.460	31	0	0.1087	0.0000	22.5000
16746.460	30	0	0.1087	0.0000	22.5000
16746.460	29	0	0.1087	0.0000	22.5000
16746.460	28	0	0.1087	0.0000	22.5000
16746.460	27	0	0.1087	0.0000	22.5000
16978.785	26	0	0.1097	0.0000	22.5000
16978.785	25	0	0.1097	0.0000	22.5000
17021.852	24	0	0.1098	0.0000	22.5000
17145.689	23	0	0.1103	0.0000	22.5000
17193.746	22	0	0.1105	0.0000	22.5000
17252.453	21	0	0.1107	0.0000	22.5000
17310.033	20	0	0.1109	0.0000	22.5000
17447.085	19	0	0.1113	0.0000	22.5000
17489.424	18	0	0.1114	0.0000	22.5000
17549.962	17	0	0.1116	0.0000	22.5000
17549.962	16	0	0.1116	0.0000	22.5000
17549.962	15	0	0.1116	0.0000	22.5000
17549.962	14	0	0.1116	0.0000	22.5000
17560.368	13	0	0.1116	0.0000	22.5000
17570.555	12	0	0.1116	0.0000	22.5000
17583.112	11	0	0.1117	0.0000	22.5000
17584.766	10	0	0.1117	0.0000	22.5000
17613.436	9	0	0.1117	0.0000	22.5000
17646.399	8	0	0.1118	0.0000	22.5000
17664.372	9	0	0.1118	0.0000	22.5000
17682.345	10	0	0.1118	0.0000	22.5000
17700.318	11	0	0.1118	0.0000	22.5000
17718.292	12	0	0.1119	0.0000	22.5000
17736.265	13	0	0.1119	0.0000	22.5000
17767.473	12	0	0.1120	0.0000	22.5000
17860.445	11	0	0.1121	0.0000	22.5000
17860.445	10	0	0.1121	0.0000	22.5000
17860.445	9	0	0.1121	0.0000	22.5000
17860.445	8	0	0.1121	0.0000	22.5000
17910.530	7	0	0.1122	0.0000	22.5000
17918.212	6	0	0.1122	0.0000	22.5000
17992.707	5	0	0.1123	0.0000	22.5000
18047.512	6	0	0.1123	0.0000	22.5000
18065.799	7	0	0.1123	0.0000	22.5000
18065.871	6	0	0.1123	0.0000	22.5000
18065.871	5	0	0.1123	0.0000	22.5000
18084.085	6	0	0.1124	0.0000	22.5000
18098.618	5	0	0.1124	0.0000	22.5000
18102.371	6	0	0.1124	0.0000	22.5000
18120.657	7	0	0.1124	0.0000	22.5000
18138.943	8	0	0.1124	0.0000	22.5000
18157.230	9	0	0.1124	0.0000	22.5000
18175.516	10	0	0.1125	0.0000	22.5000
18193.802	11	0	0.1125	0.0000	22.5000
18212.088	12	0	0.1125	0.0000	22.5000
18230.374	13	0	0.1126	0.0000	22.5000
18248.661	14	0	0.1126	0.0000	22.5000
18266.947	15	0	0.1126	0.0000	22.5000
18285.233	16	0	0.1127	0.0000	22.5000
18296.909	15	0	0.1127	0.0000	22.5000
18303.519	16	0	0.1127	0.0000	22.5000
18312.589	15	0	0.1127	0.0000	22.5000
18321.805	16	0	0.1128	0.0000	22.5000
18340.092	17	0	0.1128	0.0000	22.5000
18358.378	18	0	0.1129	0.0000	22.5000
18376.664	19	0	0.1129	0.0000	22.5000
18394.950	20	0	0.1130	0.0000	22.5000
18643.681	19	0	0.1138	0.0000	22.5000
18643.681	18	0	0.1138	0.0000	22.5000
18643.681	17	0	0.1138	0.0000	22.5000
18643.681	16	0	0.1138	0.0000	22.5000
18643.681	15	0	0.1138	0.0000	22.5000
18787.451	14	0	0.1141	0.0000	22.5000
18787.451	13	0	0.1141	0.0000	22.5000
18892.991	12	0	0.1143	0.0000	22.5000
19061.086	11	0	0.1146	0.0000	22.5000
19109.636	10	0	0.1147	0.0000	22.5000
19300.507	9	0	0.1150	0.0000	22.5000
19305.776	8	0	0.1150	0.0000	22.5000
19353.637	7	0	0.1151	0.0000	22.5000
19353.637	6	0	0.1151	0.0000	22.5000
19496.554	5	0	0.1152	0.0000	22.5000
19496.554	4	0	0.1152	0.0000	22.5000
19617.050	3	0	0.1153	0.0000	22.5000
19741.733	2	0	0.1153	0.0000	22.5000
19741.733	1	0	0.1153	0.0000	22.5000
19889.376	0	0	0.1154	0.0000	25.0000
19889.376	0	1	0.1154	4.0000	25.0000
19889.376	0	2	0.1154	8.0000	25.0000
19982.496	0	3	0.1154	12.0000	25.0000
19982.496	0	4	0.1154	16.0000	25.0000
19982.496	0	5	0.1154	20.0000	25.0000
20233.492	0	6	0.1154	24.0000	25.0000
20476.944	1	6	0.1154	24.0000	25.0000
20492.977	2	6	0.1154	24.0000	25.0000
20493.147	1	6	0.1154	24.0000	25.0000
20509.009	2	6	0.1154	24.0000	25.0000
20525.041	3	6	0.1154	24.0000	25.0000
20541.074	4	6	0.1154	24.0000	25.0000
20557.106	5	6	0.1154	24.0000	25.0000
20573.138	6	6	0.1154	24.0000	25.0000
20581.889	5	6	0.1154	24.0000	25.0000
20589.171	6	6	0.1154	24.0000	25.0000
20605.203	7	6	0.1154	24.0000	25.0000
20621.236	8	6	0.1155	24.0000	25.0000
20637.268	9	6	0.1155	24.0000	25.0000
20652.063	8	6	0.1155	24.0000	25.0000
20653.300	9	6	0.1155	24.0000	25.0000
20669.333	10	6	0.1155	24.0000	25.0000
20685.365	11	6	0.1155	24.0000	25.0000
20688.758	10	6	0.1156	24.0000	25.0000
20701.397	11	6	0.1156	24.0000	25.0000
20717.430	12	6	0.1156	24.0000	25.0000
20733.462	13	6	0.1156	24.0000	25.0000
20749.494	14	6	0.1157	24.0000	25.0000
20765.527	15	6	0.1157	24.0000	25.0000
20781.559	16	6	0.1157	24.0000	25.0000
20796.663	17	6	0.1158	24.0000	25.0000
20811.767	18	6	0.1158	24.0000	25.0000
20826.871	19	6	0.1159	24.0000	25.0000
20841.975	20	6	0.1159	24.0000	25.0000
20857.080	21	6	0.1160	24.0000	25.0000
20872.184	22	6	0.1160	24.0000	25.0000
20887.288	23	6	0.1161	24.0000	25.0000
20902.392	24	6	0.1161	24.0000	25.0000
20917.496	25	6	0.1162	24.0000	25.0000
20932.600	26	6	0.1162	24.0000	25.0000
20947.704	27	6	0.1163	24.0000	25.0000
20962.808	28	6	0.1164	24.0000	25.0000
20977.912	29	6	0.1164	24.0000	25.0000
20993.016	30	6	0.1165	24.0000	25.0000
21008.121	31	6	0.1166	24.0000	25.0000
21023.225	32	6	0.1166	24.0000	25.0000
21038.329	33	6	0.1167	24.0000	25.0000
21053.433	34	6	0.1168	24.0000	25.0000
21057.886	33	6	0.1168	24.0000	25.0000
21068.537	34	6	0.1169	24.0000	25.0000
21083.641	35	6	0.1169	24.0000	25.0000
21119.961	36	6	0.1171	24.0000	25.0000
21137.115	37	6	0.1172	24.0000	25.0000
21154.269	38	6	0.1173	24.0000	25.0000
21171.423	39	6	0.1174	24.0000	25.0000
21188.577	40	6	0.1176	24.0000	25.0000
21189.981	39	6	0.1176	24.0000	25.0000
21189.981	38	6	0.1176	24.0000	25.0000
21205.731	39	6	0.1177	24.0000	25.0000
21222.885	40	6	0.1178	24.0000	25.0000
21240.039	41	6	0.1179	24.0000	25.0000
21257.193	42	6	0.1180	24.0000	25.0000
21267.633	41	6	0.1180	24.0000	25.0000
21267.633	40	6	0.1180	24.0000	25.0000
21274.347	41	6	0.1181	24.0000	25.0000
21291.501	42	6	0.1182	24.0000	25.0000
21308.655	43	6	0.1183	24.0000	25.0000
21325.809	44	6	0.1184	24.0000	25.0000
21342.963	45	6	0.1185	24.0000	25.0000
21360.117	46	6	0.1187	24.0000	25.0000
21377.271	47	6	0.1188	24.0000	25.0000
21394.425	48	6	0.1189	24.0000	25.0000
21404.873	47	6	0.1190	24.0000	25.0000
21404.873	46	6	0.1190	24.0000	25.0000
21411.579	47	6	0.1190	24.0000	25.0000
21428.733	48	6	0.1192	24.0000	25.0000
21498.868	47	6	0.1197	24.0000	25.0000
21498.868	46	6	0.1197	24.0000	25.0000
21498.868	45	6	0.1197	24.0000	25.0000
21844.077	44	6	0.1222	24.0000	27.5000
22019.423	43	6	0.1234	24.0000	27.5000
22019.423	42	6	0.1234	24.0000	27.5000
22058.316	41	6	0.1236	24.0000	27.5000
22058.316	40	6	0.1236	24.0000	27.5000
22058.316	39	6	0.1236	24.0000	27.5000
22104.091	38	6	0.1239	24.0000	27.5000
22104.091	37	6	0.1239	24.0000	27.5000
22153.927	36	6	0.1242	24.0000	27.5000
22264.455	35	6	0.1248	24.0000	27.5000
22329.194	34	6	0.1252	24.0000	27.5000
22864.844	33	6	0.1280	24.0000	27.5000
22963.403	32	6	0.1286	24.0000	27.5000
22983.840	31	6	0.1287	24.0000	27.5000
23154.652	30	6	0.1295	24.0000	27.5000
23259.762	29	6	0.1300	24.0000	27.5000
23381.590	28	6	0.1305	24.0000	27.5000
23381.590	27	6	0.1305	24.0000	27.5000
23697.853	26	6	0.1319	24.0000	27.5000
23697.853	25	6	0.1319	24.0000	27.5000
23697.853	24	6	0.1319	24.0000	27.5000
23793.182	23	6	0.1322	24.0000	27.5000
23793.182	22	6	0.1322	24.0000	27.5000
23793.182	21	6	0.1322	24.0000	27.5000
24149.680	22	6	0.1334	24.0000	27.5000
24160.321	23	6	0.1335	24.0000	27.5000
24170.961	24	6	0.1335	24.0000	27.5000
24181.602	25	6	0.1335	24.0000	27.5000
24192.242	26	6	0.1336	24.0000	27.5000
24202.883	27	6	0.1336	24.0000	27.5000
24210.834	26	6	0.1337	24.0000	27.5000
24210.834	25	6	0.1337	24.0000	27.5000
24210.834	24	6	0.1337	24.0000	27.5000
24213.523	25	6	0.1337	24.0000	27.5000
24224.164	26	6	0.1337	24.0000	27.5000
24234.804	27	6	0.1338	24.0000	27.5000
24245.445	28	6	0.1338	24.0000	27.5000
24256.086	29	6	0.1339	24.0000	27.5000
24266.726	30	6	0.1339	24.0000	27.5000
24277.367	31	6	0.1339	24.0000	27.5000
24288.007	32	6	0.1340	24.0000	27.5000
24298.648	33	6	0.1341	24.0000	27.5000
24524.609	32	6	0.1352	24.0000	27.5000
24573.395	31	6	0.1355	24.0000	27.5000
24573.395	30	6	0.1355	24.0000	27.5000
24573.395	29	6	0.1355	24.0000	27.5000
24622.300	28	6	0.1357	24.0000	27.5000
25181.609	27	6	0.1382	24.0000	27.5000
25225.235	26	6	0.1383	24.0000	30.0000
25518.645	25	6	0.1395	24.0000	30.0000
25518.645	24	6	0.1395	24.0000	30.0000
25582.088	23	6	0.1398	24.0000	30.0000
25949.541	22	6	0.1411	24.0000	30.0000
26087.923	21	6	0.1416	24.0000	30.0000
26087.923	20	6	0.1416	24.0000	30.0000
26120.467	19	6	0.1417	24.0000	30.0000
26474.850	18	6	0.1428	24.0000	30.0000
26665.318	19	6	0.1433	24.0000	30.0000
26680.270	20	6	0.1433	24.0000	30.0000
26695.222	21	6	0.1434	24.0000	30.0000
26710.173	22	6	0.1434	24.0000	30.0000
26725.125	23	6	0.1435	24.0000	30.0000
26740.076	24	6	0.1435	24.0000	30.0000
26755.028	25	6	0.1436	24.0000	30.0000
26769.980	26	6	0.1437	24.0000	30.0000
26784.931	27	6	0.1437	24.0000	30.0000
26799.883	28	6	0.1438	24.0000	30.0000
26814.834	29	6	0.1439	24.0000	30.0000
26829.786	30	6	0.1439	24.0000	30.0000
26844.738	31	6	0.1440	24.0000	30.0000
26859.689	32	6	0.1441	24.0000	30.0000
26874.641	33	6	0.1441	24.0000	30.0000
26889.592	34	6	0.1442	24.0000	30.0000
26904.544	35	6	0.1443	24.0000	30.0000
26919.496	36	6	0.1444	24.0000	30.0000
26934.447	37	6	0.1445	24.0000	30.0000
26949.399	38	6	0.1446	24.0000	30.0000
26956.937	39	6	0.1446	24.0000	30.0000
26964.476	40	6	0.1446	24.0000	30.0000
26972.014	41	6	0.1447	24.0000	30.0000
26976.196	40	6	0.1447	24.0000	30.0000
26979.552	41	6	0.1447	24.0000	30.0000
26987.091	42	6	0.1448	24.0000	30.0000
26994.629	43	6	0.1448	24.0000	30.0000
27002.168	44	6	0.1449	24.0000	30.0000
27009.706	45	6	0.1449	24.0000	30.0000
27017.244	46	6	0.1450	24.0000	30.0000
27024.783	47	6	0.1450	24.0000	30.0000
27032.321	48	6	0.1451	24.0000	30.0000
27039.860	49	6	0.1452	24.0000	30.0000
27047.398	50	6	0.1452	24.0000	30.0000
27329.280	49	6	0.1474	24.0000	30.0000
27373.659	48	6	0.1478	24.0000	30.0000
27505.859	47	6	0.1488	24.0000	30.0000
27626.912	46	6	0.1497	24.0000	30.0000
27679.577	45	6	0.1501	24.0000	30.0000
27809.311	44	6	0.1510	24.0000	30.0000
27921.246	43	6	0.1517	24.0000	30.0000
27921.246	42	6	0.1517	24.0000	30.0000
28005.190	41	6	0.1523	24.0000	30.0000
28149.751	40	6	0.1532	24.0000	30.0000
28149.751	39	6	0.1532	24.0000	30.0000
28149.751	38	6	0.1532	24.0000	30.0000
28428.867	37	6	0.1549	24.0000	30.0000
28561.223	36	6	0.1557	24.0000	30.0000
28561.223	35	6	0.1557	24.0000	30.0000
29295.309	34	6	0.1597	24.0000	32.5000
29295.309	33	6	0.1597	24.0000	32.5000
29339.135	32	6	0.1600	24.0000	32.5000
29396.038	33	6	0.1602	24.0000	32.5000
29408.753	32	6	0.1603	24.0000	32.5000
29410.602	33	6	0.1603	24.0000	32.5000
29425.166	34	6	0.1604	24.0000	32.5000
29439.729	35	6	0.1605	24.0000	32.5000
29450.424	34	6	0.1605	24.0000	32.5000
29454.293	35	6	0.1605	24.0000	32.5000
29564.377	36	6	0.1612	24.0000	32.5000
29575.267	37	6	0.1612	24.0000	32.5000
29583.255	36	6	0.1613	24.0000	32.5000
29583.255	35	6	0.1613	24.0000	32.5000
29586.156	36	6	0.1613	24.0000	32.5000
29596.259	35	6	0.1613	24.0000	32.5000
29597.045	36	6	0.1613	24.0000	32.5000
29607.935	37	6	0.1614	24.0000	32.5000
29618.824	38	6	0.1615	24.0000	32.5000
29629.713	39	6	0.1615	24.0000	32.5000
29640.603	40	6	0.1616	24.0000	32.5000
29651.492	41	6	0.1617	24.0000	32.5000
29662.381	42	6	0.1617	24.0000	32.5000
29673.271	43	6	0.1618	24.0000	32.5000
29684.160	44	6	0.1619	24.0000	32.5000
29695.049	45	6	0.1620	24.0000	32.5000
29705.938	46	6	0.1620	24.0000	32.5000
29716.828	47	6	0.1621	24.0000	32.5000
29727.717	48	6	0.1622	24.0000	32.5000
29738.606	49	6	0.1623	24.0000	32.5000
29749.496	50	6	0.1624	24.0000	32.5000
29760.385	51	6	0.1624	24.0000	32.5000
29771.274	52	6	0.1625	24.0000	32.5000
29805.597	51	6	0.1628	24.0000	32.5000
29841.599	50	6	0.1631	24.0000	32.5000
29989.952	49	6	0.1643	24.0000	32.5000
30013.191	48	6	0.1644	24.0000	32.5000
30209.269	47	6	0.1659	24.0000	32.5000
30323.831	46	6	0.1668	24.0000	32.5000
30323.831	45	6	0.1668	24.0000	32.5000
30556.158	44	6	0.1684	24.0000	32.5000
30556.158	43	6	0.1684	24.0000	32.5000
30727.423	42	6	0.1696	24.0000	35.0000
30727.423	41	6	0.1696	24.0000	35.0000
30825.058	40	6	0.1702	24.0000	35.0000
30825.058	39	6	0.1702	24.0000	35.0000
30991.201	38	6	0.1712	24.0000	35.0000
31006.006	37	6	0.1713	24.0000	35.0000
31114.858	36	6	0.1720	24.0000	35.0000
31143.805	35	6	0.1721	24.0000	35.0000
31377.898	34	6	0.1734	24.0000	35.0000
31377.898	33	6	0.1734	24.0000	35.0000
31377.898	32	6	0.1734	24.0000	35.0000
31521.285	31	6	0.1741	24.0000	35.0000
31521.285	30	6	0.1741	24.0000	35.0000
31554.692	29	6	0.1743	24.0000	35.0000
31560.818	30	6	0.1743	24.0000	35.0000
31571.848	31	6	0.1744	24.0000	35.0000
31582.878	32	6	0.1744	24.0000	35.0000
31593.908	33	6	0.1745	24.0000	35.0000
31604.938	34	6	0.1745	24.0000	35.0000
31615.968	35	6	0.1746	24.0000	35.0000
31626.998	36	6	0.1747	24.0000	35.0000
31638.028	37	6	0.1747	24.0000	35.0000
31649.058	38	6	0.1748	24.0000	35.0000
31660.088	39	6	0.1748	24.0000	35.0000
31671.118	40	6	0.1749	24.0000	35.0000
31682.147	41	6	0.1750	24.0000	35.0000
31685.881	40	6	0.1750	24.0000	35.0000
31693.177	41	6	0.1751	24.0000	35.0000
31704.207	42	6	0.1751	24.0000	35.0000
31715.237	43	6	0.1752	24.0000	35.0000
31726.267	44	6	0.1753	24.0000	35.0000
31737.297	45	6	0.1753	24.0000	35.0000
31773.116	44	6	0.1756	24.0000	35.0000
31818.137	43	6	0.1759	24.0000	35.0000
31931.473	42	6	0.1767	24.0000	35.0000
31931.473	41	6	0.1767	24.0000	35.0000
31931.473	40	6	0.1767	24.0000	35.0000
31945.654	39	6	0.1768	24.0000	35.0000
32114.596	38	6	0.1778	24.0000	35.0000
32114.596	37	6	0.1778	24.0000	35.0000
32178.315	36	6	0.1782	24.0000	35.0000
32224.101	35	6	0.1784	24.0000	35.0000
32238.381	34	6	0.1785	24.0000	35.0000
32253.352	33	6	0.1786	24.0000	35.0000
32270.282	32	6	0.1787	24.0000	35.0000
32393.183	31	6	0.1793	24.0000	35.0000
32634.939	30	6	0.1805	24.0000	37.5000
32634.939	29	6	0.1805	24.0000	37.5000
32634.939	28	6	0.1805	24.0000	37.5000
32764.169	27	6	0.1811	24.0000	37.5000
32764.169	26	6	0.1811	24.0000	37.5000
33049.291	25	6	0.1822	24.0000	37.5000
33077.114	24	6	0.1823	24.0000	37.5000
33181.252	23	6	0.1827	24.0000	37.5000
33256.787	22	6	0.1830	24.0000	37.5000
33285.158	21	6	0.1831	24.0000	37.5000
33648.713	22	6	0.1843	24.0000	37.5000
33657.014	23	6	0.1843	24.0000	37.5000
33665.315	24	6	0.1844	24.0000	37.5000
33673.616	25	6	0.1844	24.0000	37.5000
33681.917	26	6	0.1844	24.0000	37.5000
33690.219	27	6	0.1845	24.0000	37.5000
33698.520	28	6	0.1845	24.0000	37.5000
33706.821	29	6	0.1845	24.0000	37.5000
33715.122	30	6	0.1846	24.0000	37.5000
33723.402	31	6	0.1846	24.0000	37.5000
33731.682	32	6	0.1846	24.0000	37.5000
33739.962	33	6	0.1847	24.0000	37.5000
33747.040	32	6	0.1847	24.0000	37.5000
33747.040	31	6	0.1847	24.0000	37.5000
33747.040	30	6	0.1847	24.0000	37.5000
33748.242	31	6	0.1847	24.0000	37.5000
33756.522	32	6	0.1848	24.0000	37.5000
33764.802	33	6	0.1848	24.0000	37.5000
33773.082	34	6	0.1849	24.0000	37.5000
33781.362	35	6	0.1849	24.0000	37.5000
33789.642	36	6	0.1849	24.0000	37.5000
33797.922	37	6	0.1850	24.0000	37.5000
33806.202	38	6	0.1850	24.0000	37.5000
33814.482	39	6	0.1851	24.0000	37.5000
33822.762	40	6	0.1851	24.0000	37.5000
33831.042	41	6	0.1852	24.0000	37.5000
33839.322	42	6	0.1852	24.0000	37.5000
33847.602	43	6	0.1853	24.0000	37.5000
33855.882	44	6	0.1854	24.0000	37.5000
33864.162	45	6	0.1854	24.0000	37.5000
33872.442	46	6	0.1855	24.0000	37.5000
33880.722	47	6	0.1855	24.0000	37.5000
33909.016	46	6	0.1857	24.0000	37.5000
33909.016	45	6	0.1857	24.0000	37.5000
33909.016	44	6	0.1857	24.0000	37.5000
33995.153	43	6	0.1863	24.0000	37.5000
34042.816	42	6	0.1867	24.0000	37.5000
34144.691	41	6	0.1873	24.0000	37.5000
34262.201	40	6	0.1881	24.0000	40.0000
34273.714	39	6	0.1882	24.0000	40.0000
34404.849	38	6	0.1890	24.0000	40.0000
34550.969	37	6	0.1898	24.0000	40.0000
34550.969	36	6	0.1898	24.0000	40.0000
34669.724	35	6	0.1905	24.0000	40.0000
34714.182	34	6	0.1908	24.0000	40.0000
34714.182	33	6	0.1908	24.0000	40.0000
34733.890	32	6	0.1909	24.0000	40.0000
34748.930	31	6	0.1909	24.0000	40.0000
34760.615	30	6	0.1910	24.0000	40.0000
34826.752	29	6	0.1913	24.0000	40.0000
34833.692	30	6	0.1913	24.0000	40.0000
34843.231	31	6	0.1914	24.0000	40.0000
34852.770	32	6	0.1914	24.0000	40.0000
34862.309	33	6	0.1915	24.0000	40.0000
34871.848	34	6	0.1915	24.0000	40.0000
34881.387	35	6	0.1916	24.0000	40.0000
34890.926	36	6	0.1916	24.0000	40.0000
34900.464	37	6	0.1917	24.0000	40.0000
34910.003	38	6	0.1917	24.0000	40.0000
34913.710	37	6	0.1918	24.0000	40.0000
34913.710	36	6	0.1918	24.0000	40.0000
34919.542	37	6	0.1918	24.0000	40.0000
34929.081	38	6	0.1919	24.0000	40.0000
34938.620	39	6	0.1919	24.0000	40.0000
34948.159	40	6	0.1920	24.0000	40.0000
34957.698	41	6	0.1920	24.0000	40.0000
34967.237	42	6	0.1921	24.0000	40.0000
34976.776	43	6	0.1922	24.0000	40.0000
34986.315	44	6	0.1922	24.0000	40.0000
34986.867	43	6	0.1922	24.0000	40.0000
34995.854	44	6	0.1923	24.0000	40.0000
35005.393	45	6	0.1923	24.0000	40.0000
35018.585	44	6	0.1924	24.0000	40.0000
35038.186	43	6	0.1926	24.0000	40.0000
35062.640	42	6	0.1927	24.0000	40.0000
35224.516	41	6	0.1938	24.0000	40.0000
35224.516	40	6	0.1938	24.0000	40.0000
35224.516	39	6	0.1938	24.0000	40.0000
35254.209	38	6	0.1940	24.0000	40.0000
35372.024	37	6	0.1947	24.0000	40.0000
35405.624	36	6	0.1949	24.0000	40.0000
35475.497	35	6	0.1953	24.0000	40.0000
35475.497	34	6	0.1953	24.0000	40.0000
35505.421	33	6	0.1955	24.0000	40.0000
35505.421	32	6	0.1955	24.0000	40.0000
35530.099	31	6	0.1956	24.0000	40.0000
35630.971	30	6	0.1961	24.0000	40.0000
35708.349	29	6	0.1964	24.0000	40.0000
35948.962	28	6	0.1975	24.0000	40.0000
35948.962	27	6	0.1975	24.0000	40.0000
35948.962	26	6	0.1975	24.0000	40.0000
35991.202	25	6	0.1977	24.0000	40.0000
36018.849	24	6	0.1978	24.0000	42.5000
36018.849	23	6	0.1978	24.0000	42.5000
36066.213	22	6	0.1980	24.0000	42.5000
36124.717	21	6	0.1982	24.0000	42.5000
36206.713	20	6	0.1985	24.0000	42.5000
36279.282	19	6	0.1987	24.0000	42.5000
36374.490	18	6	0.1990	24.0000	42.5000
36433.771	17	6	0.1991	24.0000	42.5000
36470.331	16	6	0.1992	24.0000	42.5000
36547.684	15	6	0.1994	24.0000	42.5000
36606.864	14	6	0.1996	24.0000	42.5000
36678.124	13	6	0.1997	24.0000	42.5000
36678.124	12	6	0.1997	24.0000	42.5000
36726.323	13	6	0.1998	24.0000	42.5000
36736.264	14	6	0.1998	24.0000	42.5000
36746.205	15	6	0.1999	24.0000	42.5000
36751.683	14	6	0.1999	24.0000	42.5000
36751.683	13	6	0.1999	24.0000	42.5000
36756.145	14	6	0.1999	24.0000	42.5000
36766.086	15	6	0.1999	24.0000	42.5000
36776.027	16	6	0.1999	24.0000	42.5000
36785.967	17	6	0.2000	24.0000	42.5000
36795.908	18	6	0.2000	24.0000	42.5000
36805.849	19	6	0.2000	24.0000	42.5000
36815.789	20	6	0.2000	24.0000	42.5000
36825.730	21	6	0.2001	24.0000	42.5000
36835.671	22	6	0.2001	24.0000	42.5000
36845.611	23	6	0.2001	24.0000	42.5000
36850.051	22	6	0.2002	24.0000	42.5000
36850.051	21	6	0.2002	24.0000	42.5000
36855.552	22	6	0.2002	24.0000	42.5000
36865.493	23	6	0.2002	24.0000	42.5000
36875.433	24	6	0.2002	24.0000	42.5000
36885.374	25	6	0.2003	24.0000	42.5000
36892.161	24	6	0.2003	24.0000	42.5000
36895.315	25	6	0.2003	24.0000	42.5000
36905.255	26	6	0.2004	24.0000	42.5000
36915.196	27	6	0.2004	24.0000	42.5000
37004.983	26	6	0.2008	24.0000	42.5000
37024.107	25	6	0.2009	24.0000	42.5000
37024.107	24	6	0.2009	24.0000	42.5000
37055.511	23	6	0.2010	24.0000	42.5000
37064.873	22	6	0.2010	24.0000	42.5000
37072.642	23	6	0.2010	24.0000	42.5000
37080.412	24	6	0.2011	24.0000	42.5000
37087.137	23	6	0.2011	24.0000	42.5000
37088.181	24	6	0.2011	24.0000	42.5000
37095.950	25	6	0.2011	24.0000	42.5000
37102.727	24	6	0.2012	24.0000	42.5000
37103.720	25	6	0.2012	24.0000	42.5000
37111.489	26	6	0.2012	24.0000	42.5000
37119.258	27	6	0.2012	24.0000	42.5000
37127.027	28	6	0.2013	24.0000	42.5000
37134.797	29	6	0.2013	24.0000	42.5000
37142.566	30	6	0.2013	24.0000	42.5000
37150.335	31	6	0.2014	24.0000	42.5000
37158.105	32	6	0.2014	24.0000	42.5000
37165.874	33	6	0.2014	24.0000	42.5000
37173.643	34	6	0.2015	24.0000	42.5000
37181.412	35	6	0.2015	24.0000	42.5000
37189.805	34	6	0.2016	24.0000	42.5000
37247.259	33	6	0.2019	24.0000	42.5000
37247.259	32	6	0.2019	24.0000	42.5000
37370.472	31	6	0.2025	24.0000	42.5000
37488.528	30	6	0.2031	24.0000	42.5000
37488.528	29	6	0.2031	24.0000	42.5000
37488.528	28	6	0.2031	24.0000	42.5000
37651.926	27	6	0.2038	24.0000	42.5000
37711.444	26	6	0.2040	24.0000	42.5000
37855.366	25	6	0.2046	24.0000	45.0000
37985.321	24	6	0.2051	24.0000	45.0000
38211.842	23	6	0.2060	24.0000	45.0000
38211.842	22	6	0.2060	24.0000	45.0000
38433.070	21	6	0.2068	24.0000	45.0000
38433.070	20	6	0.2068	24.0000	45.0000
38433.070	19	6	0.2068	24.0000	45.0000
38463.240	18	6	0.2069	24.0000	45.0000
38580.659	17	6	0.2072	24.0000	45.0000
38713.930	16	6	0.2075	24.0000	45.0000
38713.930	15	6	0.2075	24.0000	45.0000
38747.293	14	6	0.2076	24.0000	45.0000
38777.488	13	6	0.2077	24.0000	45.0000
38837.520	12	6	0.2078	24.0000	45.0000
38837.520	11	6	0.2078	24.0000	45.0000
38837.520	10	6	0.2078	24.0000	45.0000
38933.065	9	6	0.2080	24.0000	45.0000
39001.047	8	6	0.2081	24.0000	45.0000
39001.047	7	6	0.2081	24.0000	45.0000
39072.454	6	6	0.2081	24.0000	45.0000
39088.931	5	6	0.2082	24.0000	45.0000
39152.924	4	6	0.2082	24.0000	45.0000
39264.468	3	6	0.2083	24.0000	45.0000
39375.639	2	6	0.2083	24.0000	45.0000
39423.141	1	6	0.2083	24.0000	45.0000
39438.394	0	6	0.2083	24.0000	45.0000
39547.576	0	7	0.2083	28.0000	45.0000
39547.576	0	8	0.2083	32.0000	45.0000
39547.576	0	9	0.2083	36.0000	45.0000
39547.576	0	10	0.2083	40.0000	45.0000
39559.322	0	11	0.2083	44.0000	45.0000
39559.322	0	12	0.2083	48.0000	45.0000
39559.322	0	13	0.2083	52.0000	45.0000
39647.001	0	14	0.2083	56.0000	45.0000
39690.062	0	15	0.2083	60.0000	45.0000
39690.062	0	16	0.2083	64.0000	45.0000
39690.062	0	17	0.2083	68.0000	45.0000
39729.327	0	18	0.2083	72.0000	45.0000
39748.737	0	19	0.2083	76.0000	45.0000
39761.347	1	19	0.2083	76.0000	45.0000
39773.956	2	19	0.2083	76.0000	45.0000
39786.565	3	19	0.2083	76.0000	45.0000
39799.174	4	19	0.2084	76.0000	45.0000
39811.784	5	19	0.2084	76.0000	45.0000
39824.393	6	19	0.2084	76.0000	45.0000
39837.002	7	19	0.2084	76.0000	45.0000
39849.611	8	19	0.2084	76.0000	45.0000
39862.220	9	19	0.2084	76.0000	45.0000
39874.830	10	19	0.2084	76.0000	45.0000
39885.858	9	19	0.2084	76.0000	45.0000
39887.439	10	19	0.2084	76.0000	45.0000
39900.048	11	19	0.2085	76.0000	45.0000
39912.657	12	19	0.2085	76.0000	45.0000
39925.267	13	19	0.2085	76.0000	45.0000
39937.876	14	19	0.2085	76.0000	45.0000
39950.485	15	19	0.2086	76.0000	45.0000
39963.094	16	19	0.2086	76.0000	45.0000
39975.703	17	19	0.2086	76.0000	45.0000
39988.313	18	19	0.2087	76.0000	45.0000
40000.922	19	19	0.2087	76.0000	45.0000
40010.145	18	19	0.2087	76.0000	45.0000
40017.949	19	19	0.2087	76.0000	45.0000
40034.977	20	19	0.2088	76.0000	45.0000
40052.004	21	19	0.2089	76.0000	45.0000
40069.031	22	19	0.2089	76.0000	45.0000
40074.943	21	19	0.2089	76.0000	45.0000
40086.059	22	19	0.2090	76.0000	45.0000
40103.086	23	19	0.2090	76.0000	45.0000
40108.383	22	19	0.2090	76.0000	45.0000
40120.113	23	19	0.2091	76.0000	45.0000
40137.141	24	19	0.2091	76.0000	45.0000
40154.168	25	19	0.2092	76.0000	45.0000
40171.196	26	19	0.2093	76.0000	45.0000
40188.223	27	19	0.2093	76.0000	45.0000
40203.679	26	19	0.2094	76.0000	45.0000
40203.679	25	19	0.2094	76.0000	45.0000
40205.250	26	19	0.2094	76.0000	45.0000
40218.614	25	19	0.2095	76.0000	45.0000
40222.278	26	19	0.2095	76.0000	45.0000
40239.305	27	19	0.2096	76.0000	45.0000
40373.048	26	19	0.2101	76.0000	45.0000
40506.183	25	19	0.2107	76.0000	45.0000
40649.406	24	19	0.2112	76.0000	45.0000
40649.406	23	19	0.2112	76.0000	45.0000
40747.475	22	19	0.2116	76.0000	45.0000
40747.475	21	19	0.2116	76.0000	45.0000
40747.475	20	19	0.2116	76.0000	45.0000
40770.698	19	19	0.2117	76.0000	45.0000
40838.529	18	19	0.2119	76.0000	45.0000
40858.238	17	19	0.2119	76.0000	45.0000
40935.543	16	19	0.2121	76.0000	45.0000
40996.157	15	19	0.2123	76.0000	45.0000
41198.271	14	19	0.2128	76.0000	45.0000
41205.983	13	19	0.2128	76.0000	45.0000
41224.235	12	19	0.2128	76.0000	45.0000
41246.704	11	19	0.2129	76.0000	45.0000
41246.704	10	19	0.2129	76.0000	45.0000
41480.450	9	19	0.2132	76.0000	47.5000
41480.450	8	19	0.2132	76.0000	47.5000
41496.975	7	19	0.2132	76.0000	47.5000
41527.522	6	19	0.2133	76.0000	47.5000
41592.202	5	19	0.2133	76.0000	47.5000
41692.912	4	19	0.2134	76.0000	47.5000
41737.244	3	19	0.2134	76.0000	47.5000
41795.782	2	19	0.2135	76.0000	47.5000
41861.601	1	19	0.2135	76.0000	47.5000
41861.601	0	19	0.2135	76.0000	47.5000
41951.769	0	20	0.2135	80.0000	47.5000
42140.997	0	21	0.2135	84.0000	47.5000
42140.997	0	22	0.2135	88.0000	47.5000
42185.943	0	23	0.2135	92.0000	47.5000
42264.026	0	24	0.2135	96.0000	47.5000
42264.205	0	25	0.2135	100.0000	47.5000
42527.033	0	26	0.2135	104.0000	47.5000
42527.033	0	27	0.2135	108.0000	47.5000
42546.504	0	28	0.2135	112.0000	47.5000
42625.922	0	29	0.2135	116.0000	47.5000
42637.207	1	29	0.2135	116.0000	47.5000
42648.492	2	29	0.2135	116.0000	47.5000
42659.777	3	29	0.2135	116.0000	47.5000
42667.015	2	29	0.2135	116.0000	47.5000
42671.063	3	29	0.2135	116.0000	47.5000
42681.487	2	29	0.2135	116.0000	47.5000
42682.348	3	29	0.2135	116.0000	47.5000
42693.633	4	29	0.2135	116.0000	47.5000
42704.919	5	29	0.2135	116.0000	47.5000
42716.204	6	29	0.2135	116.0000	47.5000
42727.489	7	29	0.2135	116.0000	47.5000
42738.774	8	29	0.2136	116.0000	47.5000
42744.862	7	29	0.2136	116.0000	47.5000
42744.862	6	29	0.2136	116.0000	47.5000
42750.060	7	29	0.2136	116.0000	47.5000
42761.345	8	29	0.2136	116.0000	47.5000
42772.630	9	29	0.2136	116.0000	47.5000
42783.916	10	29	0.2136	116.0000	47.5000
42795.201	11	29	0.2136	116.0000	47.5000
42806.486	12	29	0.2136	116.0000	47.5000
42817.772	13	29	0.2137	116.0000	47.5000
42829.057	14	29	0.2137	116.0000	47.5000
42833.534	13	29	0.2137	116.0000	47.5000
42840.342	14	29	0.2137	116.0000	47.5000
42851.627	15	29	0.2137	116.0000	47.5000
42873.547	14	29	0.2138	116.0000	47.5000
42900.895	15	29	0.2139	116.0000	47.5000
42919.844	14	29	0.2139	116.0000	47.5000
42920.098	15	29	0.2139	116.0000	47.5000
42939.300	16	29	0.2139	116.0000	47.5000
42958.503	17	29	0.2140	116.0000	47.5000
42977.706	18	29	0.2140	116.0000	47.5000
42991.866	17	29	0.2141	116.0000	47.5000
42996.909	18	29	0.2141	116.0000	47.5000
43016.111	19	29	0.2142	116.0000	47.5000
43035.314	20	29	0.2142	116.0000	47.5000
43054.517	21	29	0.2143	116.0000	47.5000
43073.719	22	29	0.2143	116.0000	47.5000
43092.922	23	29	0.2144	116.0000	47.5000
43112.125	24	29	0.2145	116.0000	47.5000
43117.882	23	29	0.2145	116.0000	47.5000
43131.328	24	29	0.2145	116.0000	47.5000
43150.530	25	29	0.2146	116.0000	47.5000
43169.733	26	29	0.2147	116.0000	47.5000
43185.681	25	29	0.2148	116.0000	47.5000
43188.936	26	29	0.2148	116.0000	47.5000
43208.139	27	29	0.2148	116.0000	47.5000
43227.341	28	29	0.2149	116.0000	47.5000
43246.544	29	29	0.2150	116.0000	47.5000
43265.747	30	29	0.2151	116.0000	47.5000
43273.290	29	29	0.2151	116.0000	47.5000
43273.290	28	29	0.2151	116.0000	47.5000
43277.068	29	29	0.2152	116.0000	47.5000
43288.389	30	29	0.2152	116.0000	47.5000
43299.710	31	29	0.2153	116.0000	47.5000
43311.031	32	29	0.2153	116.0000	47.5000
43321.926	31	29	0.2154	116.0000	47.5000
43321.926	30	29	0.2154	116.0000	47.5000
43322.352	31	29	0.2154	116.0000	47.5000
43333.674	32	29	0.2154	116.0000	47.5000
43344.995	33	29	0.2155	116.0000	47.5000
43356.316	34	29	0.2155	116.0000	47.5000
43367.637	35	29	0.2156	116.0000	47.5000
43378.958	36	29	0.2157	116.0000	47.5000
