# s=60 S=80 h=0.0151 p=8.8000 c=2.5000
# time_s	level	cum_oos	holding_eur	shortage_eur	order_eur
0.000	80	0	0.0000	0.0000	0.0000
223.366	79	0	0.0062	0.0000	0.0000
1635.873	78	0	0.0453	0.0000	0.0000
1744.275	77	0	0.0482	0.0000	0.0000
1901.533	76	0	0.0524	0.0000	0.0000
2228.953	75	0	0.0611	0.0000	0.0000
2514.124	74	0	0.0686	0.0000	0.0000
2514.124	73	0	0.0686	0.0000	0.0000
2582.597	72	0	0.0704	0.0000	0.0000
3197.458	71	0	0.0858	0.0000	0.0000
3197.458	70	0	0.0858	0.0000	0.0000
3472.315	69	0	0.0926	0.0000	0.0000
3734.994	68	0	0.0989	0.0000	0.0000
3847.438	67	0	0.1016	0.0000	0.0000
3847.438	66	0	0.1016	0.0000	0.0000
3959.104	65	0	0.1041	0.0000	0.0000
3959.104	64	0	0.1041	0.0000	0.0000
4011.612	63	0	0.1053	0.0000	0.0000
4011.612	62	0	0.1053	0.0000	0.0000
4108.693	61	0	0.1074	0.0000	0.0000
4219.861	60	0	0.1098	0.0000	0.0000
4219.861	59	0	0.1098	0.0000	0.0000
4219.861	58	0	0.1098	0.0000	0.0000
4300.696	57	0	0.1114	0.0000	0.0000
4654.530	56	0	0.1185	0.0000	0.0000
4654.530	55	0	0.1185	0.0000	0.0000
4781.221	54	0	0.1209	0.0000	0.0000
4866.289	53	0	0.1225	0.0000	0.0000
4866.289	52	0	0.1225	0.0000	0.0000
4866.289	51	0	0.1225	0.0000	0.0000
4866.289	50	0	0.1225	0.0000	0.0000
4889.206	49	0	0.1229	0.0000	0.0000
4992.384	48	0	0.1247	0.0000	0.0000
4992.384	47	0	0.1247	0.0000	0.0000
5140.525	46	0	0.1271	0.0000	0.0000
5171.958	45	0	0.1276	0.0000	0.0000
5203.972	44	0	0.1281	0.0000	0.0000
5273.283	43	0	0.1292	0.0000	0.0000
5273.283	42	0	0.1292	0.0000	0.0000
5274.890	41	0	0.1292	0.0000	0.0000
5520.875	40	0	0.1327	0.0000	2.5000
5791.506	41	0	0.1365	0.0000	2.5000
5802.967	42	0	0.1367	0.0000	2.5000
5814.428	43	0	0.1369	0.0000	2.5000
5825.889	44	0	0.1370	0.0000	2.5000
5837.351	45	0	0.1372	0.0000	2.5000
5848.812	46	0	0.1374	0.0000	2.5000
5860.273	47	0	0.1376	0.0000	2.5000
5871.734	48	0	0.1378	0.0000	2.5000
5883.195	49	0	0.1380	0.0000	2.5000
5894.656	50	0	0.1382	0.0000	2.5000
5906.117	51	0	0.1384	0.0000	2.5000
5917.578	52	0	0.1386	0.0000	2.5000
5929.039	53	0	0.1388	0.0000	2.5000
5940.501	54	0	0.1390	0.0000	2.5000
5951.962	55	0	0.1392	0.0000	2.5000
5963.423	56	0	0.1394	0.0000	2.5000
5974.884	57	0	0.1396	0.0000	2.5000
5986.345	58	0	0.1399	0.0000	2.5000
5997.806	59	0	0.1401	0.0000	2.5000
6009.050	60	0	0.1403	0.0000	2.5000
6020.293	61	0	0.1406	0.0000	2.5000
6031.537	62	0	0.1408	0.0000	2.5000
6042.781	63	0	0.1410	0.0000	2.5000
6054.024	64	0	0.1413	0.0000	2.5000
6065.268	65	0	0.1415	0.0000	2.5000
6076.512	66	0	0.1418	0.0000	2.5000
6087.755	67	0	0.1421	0.0000	2.5000
6098.999	68	0	0.1423	0.0000	2.5000
6110.243	69	0	0.1426	0.0000	2.5000
6121.486	70	0	0.1429	0.0000	2.5000
6132.730	71	0	0.1431	0.0000	2.5000
6143.974	72	0	0.1434	0.0000	2.5000
6153.991	71	0	0.1437	0.0000	2.5000
6155.217	72	0	0.1437	0.0000	2.5000
6166.461	73	0	0.1440	0.0000	2.5000
6177.704	74	0	0.1443	0.0000	2.5000
6188.948	75	0	0.1446	0.0000	2.5000
6200.192	76	0	0.1449	0.0000	2.5000
6211.435	77	0	0.1452	0.0000	2.5000
6222.679	78	0	0.1455	0.0000	2.5000
6235.233	77	0	0.1458	0.0000	2.5000
6274.662	76	0	0.1469	0.0000	2.5000
6280.125	75	0	0.1470	0.0000	2.5000
6350.672	74	0	0.1489	0.0000	2.5000
6430.930	73	0	0.1509	0.0000	2.5000
6731.666	72	0	0.1586	0.0000	2.5000
6783.769	71	0	0.1599	0.0000	2.5000
6831.695	70	0	0.1611	0.0000	2.5000
6885.815	69	0	0.1624	0.0000	2.5000
6908.608	68	0	0.1630	0.0000	2.5000
6908.608	67	0	0.1630	0.0000	2.5000
6958.269	66	0	0.1641	0.0000	2.5000
7063.077	65	0	0.1666	0.0000	2.5000
7063.077	64	0	0.1666	0.0000	2.5000
7121.267	63	0	0.1679	0.0000	2.5000
7213.410	62	0	0.1699	0.0000	2.5000
7213.410	61	0	0.1699	0.0000	2.5000
7299.872	60	0	0.1717	0.0000	2.5000
7299.872	59	0	0.1717	0.0000	2.5000
7347.336	58	0	0.1727	0.0000	2.5000
7485.607	57	0	0.1755	0.0000	2.5000
7485.607	56	0	0.1755	0.0000	2.5000
7485.607	55	0	0.1755	0.0000	2.5000
8102.722	54	0	0.1874	0.0000	2.5000
8102.722	53	0	0.1874	0.0000	2.5000
8237.812	52	0	0.1899	0.0000	2.5000
8278.175	51	0	0.1906	0.0000	2.5000
8353.547	50	0	0.1920	0.0000	2.5000
8359.278	49	0	0.1921	0.0000	2.5000
8431.879	48	0	0.1933	0.0000	2.5000
8431.879	47	0	0.1933	0.0000	2.5000
8605.104	46	0	0.1962	0.0000	2.5000
8605.104	45	0	0.1962	0.0000	2.5000
8605.104	44	0	0.1962	0.0000	2.5000
8643.527	43	0	0.1967	0.0000	2.5000
8643.527	42	0	0.1967	0.0000	2.5000
8661.315	41	0	0.1970	0.0000	2.5000
8674.704	40	0	0.1972	0.0000	2.5000
8674.704	39	0	0.1972	0.0000	2.5000
8705.224	38	0	0.1976	0.0000	2.5000
8833.458	37	0	0.1993	0.0000	2.5000
8833.458	36	0	0.1993	0.0000	2.5000
8833.458	35	0	0.1993	0.0000	2.5000
8833.458	34	0	0.1993	0.0000	2.5000
8852.243	33	0	0.1995	0.0000	2.5000
8874.419	32	0	0.1998	0.0000	2.5000
8891.537	31	0	0.2000	0.0000	2.5000
8906.341	30	0	0.2001	0.0000	2.5000
8957.824	29	0	0.2007	0.0000	2.5000
9002.294	28	0	0.2011	0.0000	5.0000
9092.405	27	0	0.2020	0.0000	5.0000
9151.764	26	0	0.2026	0.0000	5.0000
9338.991	27	0	0.2043	0.0000	5.0000
9356.458	28	0	0.2044	0.0000	5.0000
9373.925	29	0	0.2046	0.0000	5.0000
9391.392	30	0	0.2048	0.0000	5.0000
9408.859	31	0	0.2050	0.0000	5.0000
9424.836	30	0	0.2051	0.0000	5.0000
9426.326	31	0	0.2052	0.0000	5.0000
9443.793	32	0	0.2054	0.0000	5.0000
9461.260	33	0	0.2055	0.0000	5.0000
9476.463	32	0	0.2057	0.0000	5.0000
9478.728	33	0	0.2057	0.0000	5.0000
9496.195	34	0	0.2060	0.0000	5.0000
9513.662	35	0	0.2062	0.0000	5.0000
9531.129	36	0	0.2064	0.0000	5.0000
9548.596	37	0	0.2066	0.0000	5.0000
9566.063	38	0	0.2068	0.0000	5.0000
9583.530	39	0	0.2071	0.0000	5.0000
9600.997	40	0	0.2073	0.0000	5.0000
9606.140	39	0	0.2074	0.0000	5.0000
9617.318	38	0	0.2075	0.0000	5.0000
9618.464	39	0	0.2075	0.0000	5.0000
9635.931	40	0	0.2078	0.0000	5.0000
9653.398	41	0	0.2080	0.0000	5.0000
9670.865	42	0	0.2083	0.0000	5.0000
9683.950	41	0	0.2085	0.0000	5.0000
9685.707	42	0	0.2085	0.0000	5.0000
9700.548	43	0	0.2087	0.0000	5.0000
9715.389	44	0	0.2089	0.0000	5.0000
9730.230	45	0	0.2091	0.0000	5.0000
9745.072	46	0	0.2094	0.0000	5.0000
9755.227	45	0	0.2095	0.0000	5.0000
9759.913	46	0	0.2096	0.0000	5.0000
9774.754	47	0	0.2099	0.0000	5.0000
9789.595	48	0	0.2101	0.0000	5.0000
9795.446	47	0	0.2102	0.0000	5.0000
9804.437	48	0	0.2103	0.0000	5.0000
9810.582	47	0	0.2104	0.0000	5.0000
9819.278	48	0	0.2106	0.0000	5.0000
9834.119	49	0	0.2108	0.0000	5.0000
9848.960	50	0	0.2111	0.0000	5.0000
9863.802	51	0	0.2114	0.0000	5.0000
9878.643	52	0	0.2116	0.0000	5.0000
9893.484	53	0	0.2119	0.0000	5.0000
9908.325	54	0	0.2122	0.0000	5.0000
9923.167	55	0	0.2124	0.0000	5.0000
9938.008	56	0	0.2127	0.0000	5.0000
9952.849	57	0	0.2130	0.0000	5.0000
9967.690	58	0	0.2133	0.0000	5.0000
9978.575	59	0	0.2135	0.0000	5.0000
9989.459	60	0	0.2138	0.0000	5.0000
10000.343	61	0	0.2140	0.0000	5.0000
10011.228	62	0	0.2142	0.0000	5.0000
10022.112	63	0	0.2145	0.0000	5.0000
10032.996	64	0	0.2147	0.0000	5.0000
10043.881	65	0	0.2149	0.0000	5.0000
10054.765	66	0	0.2152	0.0000	5.0000
10065.649	67	0	0.2154	0.0000	5.0000
10075.738	66	0	0.2157	0.0000	5.0000
10075.738	65	0	0.2157	0.0000	5.0000
10075.738	64	0	0.2157	0.0000	5.0000
10075.738	63	0	0.2157	0.0000	5.0000
10075.738	62	0	0.2157	0.0000	5.0000
10076.533	63	0	0.2157	0.0000	5.0000
10087.418	64	0	0.2159	0.0000	5.0000
10164.423	63	0	0.2177	0.0000	5.0000
10414.576	62	0	0.2232	0.0000	5.0000
10414.576	61	0	0.2232	0.0000	5.0000
10700.107	60	0	0.2293	0.0000	5.0000
10912.262	59	0	0.2337	0.0000	7.5000
11052.029	58	0	0.2366	0.0000	7.5000
11052.029	57	0	0.2366	0.0000	7.5000
11052.029	56	0	0.2366	0.0000	7.5000
11144.506	55	0	0.2384	0.0000	7.5000
11144.506	54	0	0.2384	0.0000	7.5000
11178.523	53	0	0.2390	0.0000	7.5000
11230.175	52	0	0.2400	0.0000	7.5000
11303.647	51	0	0.2413	0.0000	7.5000
11337.534	50	0	0.2419	0.0000	7.5000
11412.563	51	0	0.2432	0.0000	7.5000
11426.919	52	0	0.2435	0.0000	7.5000
11441.276	53	0	0.2438	0.0000	7.5000
11447.938	52	0	0.2439	0.0000	7.5000
11455.632	53	0	0.2440	0.0000	7.5000
11469.989	54	0	0.2443	0.0000	7.5000
11481.116	53	0	0.2445	0.0000	7.5000
11484.345	54	0	0.2446	0.0000	7.5000
11498.702	55	0	0.2448	0.0000	7.5000
11513.058	56	0	0.2451	0.0000	7.5000
11527.415	57	0	0.2454	0.0000	7.5000
11541.772	58	0	0.2457	0.0000	7.5000
11556.128	59	0	0.2460	0.0000	7.5000
11570.485	60	0	0.2463	0.0000	7.5000
11584.841	61	0	0.2466	0.0000	7.5000
11599.198	62	0	0.2469	0.0000	7.5000
11613.554	63	0	0.2472	0.0000	7.5000
11627.911	64	0	0.2475	0.0000	7.5000
11640.441	63	0	0.2478	0.0000	7.5000
11640.441	62	0	0.2478	0.0000	7.5000
11642.267	63	0	0.2478	0.0000	7.5000
11656.624	64	0	0.2481	0.0000	7.5000
11670.980	65	0	0.2485	0.0000	7.5000
11685.337	66	0	0.2488	0.0000	7.5000
11757.375	65	0	0.2504	0.0000	7.5000
11757.375	64	0	0.2504	0.0000	7.5000
11757.375	63	0	0.2504	0.0000	7.5000
11773.979	62	0	0.2508	0.0000	7.5000
11902.678	61	0	0.2536	0.0000	7.5000
11943.235	60	0	0.2545	0.0000	7.5000
12190.124	59	0	0.2596	0.0000	7.5000
12190.124	58	0	0.2596	0.0000	7.5000
12252.880	57	0	0.2609	0.0000	7.5000
12252.880	56	0	0.2609	0.0000	7.5000
12301.636	55	0	0.2619	0.0000	7.5000
12301.636	54	0	0.2619	0.0000	7.5000
12301.636	53	0	0.2619	0.0000	7.5000
12301.636	52	0	0.2619	0.0000	7.5000
12301.636	51	0	0.2619	0.0000	7.5000
12353.585	50	0	0.2628	0.0000	7.5000
12503.338	49	0	0.2654	0.0000	7.5000
12503.338	48	0	0.2654	0.0000	7.5000
12588.146	47	0	0.2668	0.0000	7.5000
12595.047	46	0	0.2669	0.0000	7.5000
12595.047	45	0	0.2669	0.0000	7.5000
12761.165	44	0	0.2696	0.0000	10.0000
12761.165	43	0	0.2696	0.0000	10.0000
12793.283	42	0	0.2700	0.0000	10.0000
12827.315	41	0	0.2705	0.0000	10.0000
12888.293	42	0	0.2714	0.0000	10.0000
12900.341	43	0	0.2716	0.0000	10.0000
12912.390	44	0	0.2718	0.0000	10.0000
12924.438	45	0	0.2720	0.0000	10.0000
12936.486	46	0	0.2721	0.0000	10.0000
12948.535	47	0	0.2723	0.0000	10.0000
12960.583	48	0	0.2725	0.0000	10.0000
12972.632	49	0	0.2727	0.0000	10.0000
12984.680	50	0	0.2729	0.0000	10.0000
12996.728	51	0	0.2732	0.0000	10.0000
13003.891	50	0	0.2733	0.0000	10.0000
13003.891	49	0	0.2733	0.0000	10.0000
13003.891	48	0	0.2733	0.0000	10.0000
13003.891	47	0	0.2733	0.0000	10.0000
13008.777	48	0	0.2734	0.0000	10.0000
13020.825	49	0	0.2736	0.0000	10.0000
13032.873	50	0	0.2738	0.0000	10.0000
13044.922	51	0	0.2740	0.0000	10.0000
13056.970	52	0	0.2742	0.0000	10.0000
13069.018	53	0	0.2744	0.0000	10.0000
13081.067	54	0	0.2746	0.0000	10.0000
13093.115	55	0	0.2749	0.0000	10.0000
13102.469	54	0	0.2750	0.0000	10.0000
13105.164	55	0	0.2751	0.0000	10.0000
13117.212	56	0	0.2753	0.0000	10.0000
13117.431	55	0	0.2753	0.0000	10.0000
13132.299	56	0	0.2756	0.0000	10.0000
13133.695	55	0	0.2756	0.0000	10.0000
13147.387	56	0	0.2759	0.0000	10.0000
13162.475	57	0	0.2762	0.0000	10.0000
13177.562	58	0	0.2765	0.0000	10.0000
13192.650	59	0	0.2768	0.0000	10.0000
13207.737	60	0	0.2771	0.0000	10.0000
13215.849	59	0	0.2773	0.0000	10.0000
13215.849	58	0	0.2773	0.0000	10.0000
13222.825	59	0	0.2774	0.0000	10.0000
13237.912	60	0	0.2777	0.0000	10.0000
13253.000	61	0	0.2781	0.0000	10.0000
13268.088	62	0	0.2784	0.0000	10.0000
13283.175	63	0	0.2787	0.0000	10.0000
13298.263	64	0	0.2790	0.0000	10.0000
13298.709	63	0	0.2791	0.0000	10.0000
13313.350	64	0	0.2794	0.0000	10.0000
13328.438	65	0	0.2797	0.0000	10.0000
13336.166	64	0	0.2799	0.0000	10.0000
13343.525	65	0	0.2801	0.0000	10.0000
13388.217	64	0	0.2811	0.0000	10.0000
13401.052	63	0	0.2814	0.0000	10.0000
13450.504	62	0	0.2824	0.0000	10.0000
13464.570	61	0	0.2827	0.0000	10.0000
13658.657	60	0	0.2869	0.0000	10.0000
14116.555	59	0	0.2965	0.0000	10.0000
14116.555	58	0	0.2965	0.0000	10.0000
14116.555	57	0	0.2965	0.0000	10.0000
14116.555	56	0	0.2965	0.0000	10.0000
14116.555	55	0	0.2965	0.0000	10.0000
14116.555	54	0	0.2965	0.0000	10.0000
14171.633	53	0	0.2975	0.0000	10.0000
14184.856	52	0	0.2978	0.0000	10.0000
14227.013	51	0	0.2985	0.0000	10.0000
14482.794	50	0	0.3031	0.0000	12.5000
14513.998	49	0	0.3036	0.0000	12.5000
14643.883	48	0	0.3059	0.0000	12.5000
14729.425	47	0	0.3073	0.0000	12.5000
14729.425	46	0	0.3073	0.0000	12.5000
14729.425	45	0	0.3073	0.0000	12.5000
14798.403	44	0	0.3084	0.0000	12.5000
14976.847	45	0	0.3111	0.0000	12.5000
14988.894	46	0	0.3113	0.0000	12.5000
15000.941	47	0	0.3115	0.0000	12.5000
15012.989	48	0	0.3117	0.0000	12.5000
15025.036	49	0	0.3119	0.0000	12.5000
15030.602	48	0	0.3120	0.0000	12.5000
15030.602	47	0	0.3120	0.0000	12.5000
15037.083	48	0	0.3121	0.0000	12.5000
15049.130	49	0	0.3123	0.0000	12.5000
15061.178	50	0	0.3125	0.0000	12.5000
15073.225	51	0	0.3127	0.0000	12.5000
15090.209	52	0	0.3130	0.0000	12.5000
15105.314	51	0	0.3133	0.0000	12.5000
15105.314	50	0	0.3133	0.0000	12.5000
15107.193	51	0	0.3133	0.0000	12.5000
15124.177	52	0	0.3137	0.0000	12.5000
15141.161	53	0	0.3140	0.0000	12.5000
15158.145	54	0	0.3143	0.0000	12.5000
15173.993	53	0	0.3146	0.0000	12.5000
15175.129	54	0	0.3146	0.0000	12.5000
15192.113	55	0	0.3149	0.0000	12.5000
15209.097	56	0	0.3152	0.0000	12.5000
15226.081	57	0	0.3156	0.0000	12.5000
15243.065	58	0	0.3159	0.0000	12.5000
15260.049	59	0	0.3163	0.0000	12.5000
15277.033	60	0	0.3166	0.0000	12.5000
15289.229	59	0	0.3169	0.0000	12.5000
15294.017	60	0	0.3170	0.0000	12.5000
15311.001	61	0	0.3173	0.0000	12.5000
15327.985	62	0	0.3177	0.0000	12.5000
15330.885	61	0	0.3177	0.0000	12.5000
15330.885	60	0	0.3177	0.0000	12.5000
15344.969	61	0	0.3180	0.0000	12.5000
15361.953	62	0	0.3184	0.0000	12.5000
15378.937	63	0	0.3188	0.0000	12.5000
15395.921	64	0	0.3191	0.0000	12.5000
15408.765	63	0	0.3194	0.0000	12.5000
15412.905	64	0	0.3195	0.0000	12.5000
15457.432	63	0	0.3205	0.0000	12.5000
15537.769	62	0	0.3223	0.0000	12.5000
15537.769	61	0	0.3223	0.0000	12.5000
15645.583	60	0	0.3246	0.0000	12.5000
15645.583	59	0	0.3246	0.0000	12.5000
15680.968	58	0	0.3253	0.0000	12.5000
15680.968	57	0	0.3253	0.0000	12.5000
15745.855	56	0	0.3266	0.0000	12.5000
15745.855	55	0	0.3266	0.0000	12.5000
15745.855	54	0	0.3266	0.0000	12.5000
15795.447	53	0	0.3275	0.0000	12.5000
15795.447	52	0	0.3275	0.0000	12.5000
15795.447	51	0	0.3275	0.0000	12.5000
15817.539	50	0	0.3279	0.0000	12.5000
15817.539	49	0	0.3279	0.0000	12.5000
15817.539	48	0	0.3279	0.0000	12.5000
15817.539	47	0	0.3279	0.0000	12.5000
15922.926	46	0	0.3297	0.0000	12.5000
15922.926	45	0	0.3297	0.0000	12.5000
15922.926	44	0	0.3297	0.0000	12.5000
16360.579	43	0	0.3364	0.0000	15.0000
16360.579	42	0	0.3364	0.0000	15.0000
16360.579	41	0	0.3364	0.0000	15.0000
16360.579	40	0	0.3364	0.0000	15.0000
16373.517	39	0	0.3366	0.0000	15.0000
16578.429	40	0	0.3394	0.0000	15.0000
16593.512	41	0	0.3396	0.0000	15.0000
16601.625	40	0	0.3397	0.0000	15.0000
16601.625	39	0	0.3397	0.0000	15.0000
16601.625	38	0	0.3397	0.0000	15.0000
16608.594	39	0	0.3398	0.0000	15.0000
16623.676	40	0	0.3400	0.0000	15.0000
16635.091	39	0	0.3402	0.0000	15.0000
16635.091	38	0	0.3402	0.0000	15.0000
16638.758	39	0	0.3402	0.0000	15.0000
16653.840	40	0	0.3404	0.0000	15.0000
16668.922	41	0	0.3406	0.0000	15.0000
16684.004	42	0	0.3408	0.0000	15.0000
16699.087	43	0	0.3411	0.0000	15.0000
16714.169	44	0	0.3413	0.0000	15.0000
16729.251	45	0	0.3415	0.0000	15.0000
16744.333	46	0	0.3418	0.0000	15.0000
16759.415	47	0	0.3420	0.0000	15.0000
16774.497	48	0	0.3422	0.0000	15.0000
16789.579	49	0	0.3425	0.0000	15.0000
16804.662	50	0	0.3428	0.0000	15.0000
16813.525	49	0	0.3429	0.0000	15.0000
16813.525	48	0	0.3429	0.0000	15.0000
16813.525	47	0	0.3429	0.0000	15.0000
16813.525	46	0	0.3429	0.0000	15.0000
16819.744	47	0	0.3430	0.0000	15.0000
16834.826	48	0	0.3433	0.0000	15.0000
16849.908	49	0	0.3435	0.0000	15.0000
16864.990	50	0	0.3438	0.0000	15.0000
16881.745	51	0	0.3441	0.0000	15.0000
16898.501	52	0	0.3444	0.0000	15.0000
16915.256	53	0	0.3447	0.0000	15.0000
16932.011	54	0	0.3450	0.0000	15.0000
16948.766	55	0	0.3453	0.0000	15.0000
16965.522	56	0	0.3456	0.0000	15.0000
16981.055	55	0	0.3459	0.0000	15.0000
16982.277	56	0	0.3459	0.0000	15.0000
16999.032	57	0	0.3463	0.0000	15.0000
17015.787	58	0	0.3466	0.0000	15.0000
17032.543	59	0	0.3469	0.0000	15.0000
17049.298	60	0	0.3473	0.0000	15.0000
17066.053	61	0	0.3476	0.0000	15.0000
17082.808	62	0	0.3480	0.0000	15.0000
17084.263	61	0	0.3480	0.0000	15.0000
17084.263	60	0	0.3480	0.0000	15.0000
17084.263	59	0	0.3480	0.0000	15.0000
17099.564	60	0	0.3483	0.0000	15.0000
17116.319	61	0	0.3487	0.0000	15.0000
17133.074	62	0	0.3491	0.0000	15.0000
17197.151	61	0	0.3504	0.0000	15.0000
17207.895	60	0	0.3507	0.0000	15.0000
17349.513	59	0	0.3536	0.0000	15.0000
17349.513	58	0	0.3536	0.0000	15.0000
17349.513	57	0	0.3536	0.0000	15.0000
17427.494	56	0	0.3552	0.0000	15.0000
17427.494	55	0	0.3552	0.0000	15.0000
17484.012	54	0	0.3563	0.0000	15.0000
17535.981	53	0	0.3573	0.0000	15.0000
17618.719	52	0	0.3588	0.0000	15.0000
17680.347	51	0	0.3599	0.0000	15.0000
17741.743	50	0	0.3610	0.0000	15.0000
17875.016	49	0	0.3633	0.0000	15.0000
17875.016	48	0	0.3633	0.0000	15.0000
17875.016	47	0	0.3633	0.0000	15.0000
17875.016	46	0	0.3633	0.0000	15.0000
17947.451	45	0	0.3645	0.0000	15.0000
18005.433	44	0	0.3654	0.0000	17.5000
18005.433	43	0	0.3654	0.0000	17.5000
18005.433	42	0	0.3654	0.0000	17.5000
18036.230	41	0	0.3659	0.0000	17.5000
18036.230	40	0	0.3659	0.0000	17.5000
18119.299	39	0	0.3670	0.0000	17.5000
18119.299	38	0	0.3670	0.0000	17.5000
18211.867	37	0	0.3683	0.0000	17.5000
18211.867	36	0	0.3683	0.0000	17.5000
18344.397	35	0	0.3699	0.0000	17.5000
18344.397	34	0	0.3699	0.0000	17.5000
18344.397	33	0	0.3699	0.0000	17.5000
18655.453	32	0	0.3735	0.0000	17.5000
18655.453	31	0	0.3735	0.0000	17.5000
18655.453	30	0	0.3735	0.0000	17.5000
18655.453	29	0	0.3735	0.0000	17.5000
18655.453	28	0	0.3735	0.0000	17.5000
18655.453	27	0	0.3735	0.0000	17.5000
18702.457	26	0	0.3740	0.0000	17.5000
18702.457	25	0	0.3740	0.0000	17.5000
18846.375	24	0	0.3752	0.0000	17.5000
18846.375	23	0	0.3752	0.0000	17.5000
18846.375	22	0	0.3752	0.0000	17.5000
18889.904	21	0	0.3756	0.0000	17.5000
19023.337	22	0	0.3765	0.0000	17.5000
19034.876	23	0	0.3766	0.0000	17.5000
19037.343	22	0	0.3766	0.0000	17.5000
19037.343	21	0	0.3766	0.0000	17.5000
19037.343	20	0	0.3766	0.0000	17.5000
19046.415	21	0	0.3767	0.0000	17.5000
19057.953	22	0	0.3768	0.0000	17.5000
19069.492	23	0	0.3769	0.0000	17.5000
19081.031	24	0	0.3770	0.0000	17.5000
19092.570	25	0	0.3771	0.0000	17.5000
19104.109	26	0	0.3772	0.0000	17.5000
19115.647	27	0	0.3773	0.0000	17.5000
19127.186	28	0	0.3774	0.0000	17.5000
19127.613	27	0	0.3774	0.0000	17.5000
19138.315	26	0	0.3775	0.0000	17.5000
19138.725	27	0	0.3775	0.0000	17.5000
19150.264	28	0	0.3776	0.0000	17.5000
19161.803	29	0	0.3777	0.0000	17.5000
19164.787	28	0	0.3777	0.0000	17.5000
19173.342	29	0	0.3778	0.0000	17.5000
19184.880	30	0	0.3779	0.0000	17.5000
19194.987	31	0	0.3781	0.0000	17.5000
19205.095	32	0	0.3782	0.0000	17.5000
19215.202	33	0	0.3783	0.0000	17.5000
19225.309	34	0	0.3784	0.0000	17.5000
19235.416	35	0	0.3785	0.0000	17.5000
19244.021	34	0	0.3786	0.0000	17.5000
19244.021	33	0	0.3786	0.0000	17.5000
19244.021	32	0	0.3786	0.0000	17.5000
19245.523	33	0	0.3786	0.0000	17.5000
19255.630	34	0	0.3787	0.0000	17.5000
19265.737	35	0	0.3789	0.0000	17.5000
19275.844	36	0	0.3790	0.0000	17.5000
19285.951	37	0	0.3791	0.0000	17.5000
19296.058	38	0	0.3793	0.0000	17.5000
19306.166	39	0	0.3794	0.0000	17.5000
19316.273	40	0	0.3795	0.0000	17.5000
19326.380	41	0	0.3797	0.0000	17.5000
19336.487	42	0	0.3798	0.0000	17.5000
19346.594	43	0	0.3800	0.0000	17.5000
19356.701	44	0	0.3801	0.0000	17.5000
19366.808	45	0	0.3803	0.0000	17.5000
19376.915	46	0	0.3804	0.0000	17.5000
19387.022	47	0	0.3806	0.0000	17.5000
19429.493	46	0	0.3813	0.0000	17.5000
19477.763	45	0	0.3821	0.0000	17.5000
19477.763	44	0	0.3821	0.0000	17.5000
19477.763	43	0	0.3821	0.0000	17.5000
19477.763	42	0	0.3821	0.0000	17.5000
19508.621	41	0	0.3825	0.0000	17.5000
19562.314	40	0	0.3833	0.0000	17.5000
19562.314	39	0	0.3833	0.0000	17.5000
19818.056	38	0	0.3868	0.0000	20.0000
19832.176	37	0	0.3870	0.0000	20.0000
19878.509	36	0	0.3876	0.0000	20.0000
19878.509	35	0	0.3876	0.0000	20.0000
19903.689	34	0	0.3879	0.0000	20.0000
19903.689	33	0	0.3879	0.0000	20.0000
19912.670	32	0	0.3880	0.0000	20.0000
19912.670	31	0	0.3880	0.0000	20.0000
20233.583	30	0	0.3914	0.0000	20.0000
20502.354	29	0	0.3943	0.0000	20.0000
20502.354	28	0	0.3943	0.0000	20.0000
20511.993	29	0	0.3944	0.0000	20.0000
20530.095	30	0	0.3945	0.0000	20.0000
20548.197	31	0	0.3947	0.0000	20.0000
20566.299	32	0	0.3949	0.0000	20.0000
20584.401	33	0	0.3951	0.0000	20.0000
20595.582	32	0	0.3953	0.0000	20.0000
20602.503	33	0	0.3953	0.0000	20.0000
20620.605	34	0	0.3955	0.0000	20.0000
20638.707	35	0	0.3958	0.0000	20.0000
20656.809	36	0	0.3960	0.0000	20.0000
20674.911	37	0	0.3962	0.0000	20.0000
20693.013	38	0	0.3964	0.0000	20.0000
20711.115	39	0	0.3967	0.0000	20.0000
20729.217	40	0	0.3969	0.0000	20.0000
20747.319	41	0	0.3972	0.0000	20.0000
20765.421	42	0	0.3974	0.0000	20.0000
20783.523	43	0	0.3977	0.0000	20.0000
20801.625	44	0	0.3980	0.0000	20.0000
20819.727	45	0	0.3983	0.0000	20.0000
20828.640	44	0	0.3984	0.0000	20.0000
20837.829	45	0	0.3985	0.0000	20.0000
20855.931	46	0	0.3988	0.0000	20.0000
20877.387	45	0	0.3992	0.0000	20.0000
20895.929	44	0	0.3995	0.0000	20.0000
20902.982	45	0	0.3996	0.0000	20.0000
20915.391	46	0	0.3998	0.0000	20.0000
20927.801	47	0	0.4000	0.0000	20.0000
20940.210	48	0	0.4002	0.0000	20.0000
20952.619	49	0	0.4004	0.0000	20.0000
20965.029	50	0	0.4006	0.0000	20.0000
20975.124	49	0	0.4008	0.0000	20.0000
20975.124	48	0	0.4008	0.0000	20.0000
20977.438	49	0	0.4008	0.0000	20.0000
20989.848	50	0	0.4010	0.0000	20.0000
21002.257	51	0	0.4012	0.0000	20.0000
21014.666	52	0	0.4015	0.0000	20.0000
21027.076	53	0	0.4017	0.0000	20.0000
21039.485	54	0	0.4019	0.0000	20.0000
21046.564	53	0	0.4020	0.0000	20.0000
21046.564	52	0	0.4020	0.0000	20.0000
21051.895	53	0	0.4021	0.0000	20.0000
21064.304	54	0	0.4024	0.0000	20.0000
21076.714	55	0	0.4026	0.0000	20.0000
21089.123	56	0	0.4028	0.0000	20.0000
21101.532	57	0	0.4031	0.0000	20.0000
21113.942	58	0	0.4033	0.0000	20.0000
21126.351	59	0	0.4036	0.0000	20.0000
21138.761	60	0	0.4038	0.0000	20.0000
21151.170	61	0	0.4041	0.0000	20.0000
21164.676	60	0	0.4044	0.0000	20.0000
21216.021	59	0	0.4055	0.0000	20.0000
21220.649	58	0	0.4056	0.0000	20.0000
21294.558	57	0	0.4071	0.0000	20.0000
21294.558	56	0	0.4071	0.0000	20.0000
21294.558	55	0	0.4071	0.0000	20.0000
21365.720	54	0	0.4084	0.0000	20.0000
21382.041	53	0	0.4087	0.0000	20.0000
21401.203	52	0	0.4091	0.0000	20.0000
21604.419	51	0	0.4128	0.0000	22.5000
21604.419	50	0	0.4128	0.0000	22.5000
21902.485	49	0	0.4180	0.0000	22.5000
21902.485	48	0	0.4180	0.0000	22.5000
21915.844	47	0	0.4182	0.0000	22.5000
22010.030	46	0	0.4198	0.0000	22.5000
22010.030	45	0	0.4198	0.0000	22.5000
22161.549	44	0	0.4221	0.0000	22.5000
22229.901	43	0	0.4232	0.0000	22.5000
22356.329	42	0	0.4251	0.0000	22.5000
22438.843	41	0	0.4263	0.0000	22.5000
22458.557	40	0	0.4266	0.0000	22.5000
22539.383	41	0	0.4277	0.0000	22.5000
22557.596	42	0	0.4280	0.0000	22.5000
22575.810	43	0	0.4283	0.0000	22.5000
22594.023	44	0	0.4285	0.0000	22.5000
22612.237	45	0	0.4288	0.0000	22.5000
22630.450	46	0	0.4291	0.0000	22.5000
22648.664	47	0	0.4294	0.0000	22.5000
22651.874	46	0	0.4294	0.0000	22.5000
22666.878	47	0	0.4297	0.0000	22.5000
22682.525	48	0	0.4299	0.0000	22.5000
22698.172	49	0	0.4302	0.0000	22.5000
22713.820	50	0	0.4305	0.0000	22.5000
22729.467	51	0	0.4307	0.0000	22.5000
22745.114	52	0	0.4310	0.0000	22.5000
22760.762	53	0	0.4313	0.0000	22.5000
22776.409	54	0	0.4316	0.0000	22.5000
22792.056	55	0	0.4319	0.0000	22.5000
22807.704	56	0	0.4322	0.0000	22.5000
22823.351	57	0	0.4325	0.0000	22.5000
22838.998	58	0	0.4328	0.0000	22.5000
22854.646	59	0	0.4331	0.0000	22.5000
22870.293	60	0	0.4334	0.0000	22.5000
22885.940	61	0	0.4338	0.0000	22.5000
22901.588	62	0	0.4341	0.0000	22.5000
22917.235	63	0	0.4344	0.0000	22.5000
22932.882	64	0	0.4348	0.0000	22.5000
22948.530	65	0	0.4351	0.0000	22.5000
22964.177	66	0	0.4355	0.0000	22.5000
22979.824	67	0	0.4359	0.0000	22.5000
23190.166	66	0	0.4408	0.0000	22.5000
23365.561	65	0	0.4448	0.0000	22.5000
23388.452	64	0	0.4454	0.0000	22.5000
23498.429	63	0	0.4478	0.0000	22.5000
23652.498	62	0	0.4512	0.0000	22.5000
23652.498	61	0	0.4512	0.0000	22.5000
23652.498	60	0	0.4512	0.0000	22.5000
23668.977	59	0	0.4516	0.0000	22.5000
23681.534	58	0	0.4518	0.0000	22.5000
23775.790	57	0	0.4537	0.0000	22.5000
24086.261	56	0	0.4599	0.0000	22.5000
24086.261	55	0	0.4599	0.0000	22.5000
24153.130	54	0	0.4612	0.0000	22.5000
24311.802	53	0	0.4642	0.0000	22.5000
24446.190	52	0	0.4667	0.0000	22.5000
24446.190	51	0	0.4667	0.0000	22.5000
24655.071	50	0	0.4704	0.0000	22.5000
24827.944	49	0	0.4734	0.0000	22.5000
24877.515	48	0	0.4743	0.0000	22.5000
25032.525	47	0	0.4769	0.0000	22.5000
25109.998	46	0	0.4781	0.0000	22.5000
25109.998	45	0	0.4781	0.0000	22.5000
25138.318	44	0	0.4786	0.0000	22.5000
25200.418	43	0	0.4795	0.0000	25.0000
25207.276	42	0	0.4796	0.0000	25.0000
25430.698	41	0	0.4829	0.0000	25.0000
25430.698	40	0	0.4829	0.0000	25.0000
25434.077	41	0	0.4830	0.0000	25.0000
25442.271	42	0	0.4831	0.0000	25.0000
25450.466	43	0	0.4832	0.0000	25.0000
25458.660	44	0	0.4833	0.0000	25.0000
25466.854	45	0	0.4835	0.0000	25.0000
25475.049	46	0	0.4836	0.0000	25.0000
25483.243	47	0	0.4837	0.0000	25.0000
25491.437	48	0	0.4839	0.0000	25.0000
25499.631	49	0	0.4840	0.0000	25.0000
25507.826	50	0	0.4841	0.0000	25.0000
25516.020	51	0	0.4843	0.0000	25.0000
25524.214	52	0	0.4844	0.0000	25.0000
25532.408	53	0	0.4846	0.0000	25.0000
25540.603	54	0	0.4847	0.0000	25.0000
25548.797	55	0	0.4849	0.0000	25.0000
25556.991	56	0	0.4850	0.0000	25.0000
25699.681	57	0	0.4878	0.0000	25.0000
25717.880	58	0	0.4882	0.0000	25.0000
25736.078	59	0	0.4886	0.0000	25.0000
25754.277	60	0	0.4889	0.0000	25.0000
25772.476	61	0	0.4893	0.0000	25.0000
25790.675	62	0	0.4897	0.0000	25.0000
25803.220	61	0	0.4900	0.0000	25.0000
25803.220	60	0	0.4900	0.0000	25.0000
25808.873	61	0	0.4901	0.0000	25.0000
25827.072	62	0	0.4905	0.0000	25.0000
25834.188	61	0	0.4906	0.0000	25.0000
25845.271	62	0	0.4909	0.0000	25.0000
25863.470	63	0	0.4913	0.0000	25.0000
25881.668	64	0	0.4917	0.0000	25.0000
25899.867	65	0	0.4921	0.0000	25.0000
25918.066	66	0	0.4925	0.0000	25.0000
25936.265	67	0	0.4929	0.0000	25.0000
25954.463	68	0	0.4933	0.0000	25.0000
25972.662	69	0	0.4938	0.0000	25.0000
25990.861	70	0	0.4942	0.0000	25.0000
26009.060	71	0	0.4947	0.0000	25.0000
26027.258	72	0	0.4951	0.0000	25.0000
26045.457	73	0	0.4956	0.0000	25.0000
26166.271	72	0	0.4986	0.0000	25.0000
26452.111	71	0	0.5058	0.0000	25.0000
26452.111	70	0	0.5058	0.0000	25.0000
26530.347	69	0	0.5078	0.0000	25.0000
26910.181	68	0	0.5169	0.0000	25.0000
26910.181	67	0	0.5169	0.0000	25.0000
26910.181	66	0	0.5169	0.0000	25.0000
27046.285	65	0	0.5201	0.0000	25.0000
27046.285	64	0	0.5201	0.0000	25.0000
27134.348	63	0	0.5220	0.0000	25.0000
27556.569	62	0	0.5313	0.0000	25.0000
27613.140	61	0	0.5325	0.0000	25.0000
27797.610	60	0	0.5365	0.0000	25.0000
27797.610	59	0	0.5365	0.0000	25.0000
27797.610	58	0	0.5365	0.0000	25.0000
27867.028	57	0	0.5379	0.0000	25.0000
27985.558	56	0	0.5403	0.0000	25.0000
27985.558	55	0	0.5403	0.0000	25.0000
28082.932	54	0	0.5421	0.0000	25.0000
28158.715	53	0	0.5436	0.0000	25.0000
28252.789	52	0	0.5453	0.0000	25.0000
28286.268	51	0	0.5459	0.0000	25.0000
28380.044	50	0	0.5476	0.0000	25.0000
28522.197	49	0	0.5501	0.0000	25.0000
28848.571	48	0	0.5557	0.0000	27.5000
28999.760	47	0	0.5582	0.0000	27.5000
29009.717	48	0	0.5584	0.0000	27.5000
29028.969	49	0	0.5587	0.0000	27.5000
29048.221	50	0	0.5590	0.0000	27.5000
29049.864	49	0	0.5590	0.0000	27.5000
29063.238	48	0	0.5593	0.0000	27.5000
29067.473	49	0	0.5593	0.0000	27.5000
29086.726	50	0	0.5597	0.0000	27.5000
29105.978	51	0	0.5600	0.0000	27.5000
29125.230	52	0	0.5603	0.0000	27.5000
29144.482	53	0	0.5607	0.0000	27.5000
29150.578	52	0	0.5608	0.0000	27.5000
29150.578	51	0	0.5608	0.0000	27.5000
29163.734	52	0	0.5610	0.0000	27.5000
29182.986	53	0	0.5614	0.0000	27.5000
29202.239	54	0	0.5617	0.0000	27.5000
29203.581	53	0	0.5618	0.0000	27.5000
29216.266	54	0	0.5620	0.0000	27.5000
29230.293	55	0	0.5623	0.0000	27.5000
29244.321	56	0	0.5625	0.0000	27.5000
29258.348	57	0	0.5628	0.0000	27.5000
29272.376	58	0	0.5631	0.0000	27.5000
29286.403	59	0	0.5634	0.0000	27.5000
29300.431	60	0	0.5637	0.0000	27.5000
29314.458	61	0	0.5640	0.0000	27.5000
29327.069	60	0	0.5642	0.0000	27.5000
29328.486	61	0	0.5643	0.0000	27.5000
29342.513	62	0	0.5646	0.0000	27.5000
29356.541	63	0	0.5649	0.0000	27.5000
29370.568	64	0	0.5652	0.0000	27.5000
29384.595	65	0	0.5655	0.0000	27.5000
29398.623	66	0	0.5658	0.0000	27.5000
29412.650	67	0	0.5661	0.0000	27.5000
29426.678	68	0	0.5665	0.0000	27.5000
29427.369	67	0	0.5665	0.0000	27.5000
29427.369	66	0	0.5665	0.0000	27.5000
29440.705	67	0	0.5668	0.0000	27.5000
29454.733	68	0	0.5671	0.0000	27.5000
29468.760	69	0	0.5674	0.0000	27.5000
29482.788	70	0	0.5678	0.0000	27.5000
29611.901	69	0	0.5709	0.0000	27.5000
29662.483	68	0	0.5722	0.0000	27.5000
29727.108	67	0	0.5737	0.0000	27.5000
29995.012	66	0	0.5800	0.0000	27.5000
29995.012	65	0	0.5800	0.0000	27.5000
29995.012	64	0	0.5800	0.0000	27.5000
30021.868	63	0	0.5806	0.0000	27.5000
30213.733	62	0	0.5848	0.0000	27.5000
30317.799	61	0	0.5871	0.0000	27.5000
30317.799	60	0	0.5871	0.0000	27.5000
30529.999	59	0	0.5915	0.0000	27.5000
30531.772	58	0	0.5915	0.0000	27.5000
30531.772	57	0	0.5915	0.0000	27.5000
30543.230	56	0	0.5918	0.0000	27.5000
30653.658	57	0	0.5939	0.0000	30.0000
30668.419	58	0	0.5942	0.0000	30.0000
30683.180	59	0	0.5945	0.0000	30.0000
30686.454	58	0	0.5946	0.0000	30.0000
30686.454	57	0	0.5946	0.0000	30.0000
30697.940	58	0	0.5948	0.0000	30.0000
30701.346	57	0	0.5949	0.0000	30.0000
30806.754	56	0	0.5970	0.0000	30.0000
30806.754	55	0	0.5970	0.0000	30.0000
30856.471	54	0	0.5979	0.0000	30.0000
30882.664	53	0	0.5984	0.0000	30.0000
30954.701	52	0	0.5998	0.0000	30.0000
30954.701	51	0	0.5998	0.0000	30.0000
31163.483	52	0	0.6035	0.0000	30.0000
31179.164	53	0	0.6038	0.0000	30.0000
31179.652	52	0	0.6038	0.0000	30.0000
31179.652	51	0	0.6038	0.0000	30.0000
31179.652	50	0	0.6038	0.0000	30.0000
31179.652	49	0	0.6038	0.0000	30.0000
31179.652	48	0	0.6038	0.0000	30.0000
31194.846	49	0	0.6040	0.0000	30.0000
31210.527	50	0	0.6043	0.0000	30.0000
31226.209	51	0	0.6046	0.0000	30.0000
31241.890	52	0	0.6049	0.0000	30.0000
31257.572	53	0	0.6052	0.0000	30.0000
31273.253	54	0	0.6054	0.0000	30.0000
31288.935	55	0	0.6057	0.0000	30.0000
31304.617	56	0	0.6060	0.0000	30.0000
31320.298	57	0	0.6063	0.0000	30.0000
31322.807	56	0	0.6064	0.0000	30.0000
31322.807	55	0	0.6064	0.0000	30.0000
31322.807	54	0	0.6064	0.0000	30.0000
31322.807	53	0	0.6064	0.0000	30.0000
31322.807	52	0	0.6064	0.0000	30.0000
31335.980	53	0	0.6066	0.0000	30.0000
31351.661	54	0	0.6069	0.0000	30.0000
31367.343	55	0	0.6072	0.0000	30.0000
31383.024	56	0	0.6075	0.0000	30.0000
31397.921	55	0	0.6078	0.0000	30.0000
31398.706	56	0	0.6078	0.0000	30.0000
31414.387	57	0	0.6081	0.0000	30.0000
31430.069	58	0	0.6084	0.0000	30.0000
31433.210	57	0	0.6085	0.0000	30.0000
31433.210	56	0	0.6085	0.0000	30.0000
31445.750	57	0	0.6088	0.0000	30.0000
31461.432	58	0	0.6091	0.0000	30.0000
31494.190	57	0	0.6097	0.0000	30.0000
31494.190	56	0	0.6097	0.0000	30.0000
31496.159	55	0	0.6098	0.0000	30.0000
31496.159	54	0	0.6098	0.0000	30.0000
31537.762	53	0	0.6106	0.0000	30.0000
31589.445	52	0	0.6115	0.0000	30.0000
31640.204	51	0	0.6124	0.0000	30.0000
31666.372	50	0	0.6129	0.0000	30.0000
31766.985	49	0	0.6147	0.0000	30.0000
31766.985	48	0	0.6147	0.0000	30.0000
31766.985	47	0	0.6147	0.0000	30.0000
31842.282	46	0	0.6159	0.0000	30.0000
31871.476	45	0	0.6164	0.0000	30.0000
31871.476	44	0	0.6164	0.0000	30.0000
31909.828	43	0	0.6170	0.0000	30.0000
31909.828	42	0	0.6170	0.0000	30.0000
31928.267	41	0	0.6172	0.0000	30.0000
31928.267	40	0	0.6172	0.0000	30.0000
32049.813	39	0	0.6189	0.0000	30.0000
32049.813	38	0	0.6189	0.0000	30.0000
32049.813	37	0	0.6189	0.0000	30.0000
32133.257	36	0	0.6200	0.0000	30.0000
32279.036	35	0	0.6218	0.0000	30.0000
32279.036	34	0	0.6218	0.0000	30.0000
32279.036	33	0	0.6218	0.0000	30.0000
32279.036	32	0	0.6218	0.0000	30.0000
32322.182	31	0	0.6223	0.0000	30.0000
32322.182	30	0	0.6223	0.0000	30.0000
32322.182	29	0	0.6223	0.0000	30.0000
32370.768	28	0	0.6228	0.0000	30.0000
32370.768	27	0	0.6228	0.0000	30.0000
32370.768	26	0	0.6228	0.0000	30.0000
32527.999	25	0	0.6242	0.0000	32.5000
32527.999	24	0	0.6242	0.0000	32.5000
32527.999	23	0	0.6242	0.0000	32.5000
32527.999	22	0	0.6242	0.0000	32.5000
32527.999	21	0	0.6242	0.0000	32.5000
32612.403	20	0	0.6249	0.0000	32.5000
32612.403	19	0	0.6249	0.0000	32.5000
32655.965	18	0	0.6252	0.0000	32.5000
32663.971	17	0	0.6252	0.0000	32.5000
32714.479	16	0	0.6255	0.0000	32.5000
32884.384	15	0	0.6265	0.0000	32.5000
32884.384	14	0	0.6265	0.0000	32.5000
33128.200	13	0	0.6276	0.0000	32.5000
33128.200	12	0	0.6276	0.0000	32.5000
33128.200	11	0	0.6276	0.0000	32.5000
33181.949	12	0	0.6279	0.0000	32.5000
33195.588	13	0	0.6279	0.0000	32.5000
33209.227	14	0	0.6280	0.0000	32.5000
33222.866	15	0	0.6280	0.0000	32.5000
33236.505	16	0	0.6281	0.0000	32.5000
33250.144	17	0	0.6282	0.0000	32.5000
33263.783	18	0	0.6283	0.0000	32.5000
33277.422	19	0	0.6284	0.0000	32.5000
33291.061	20	0	0.6284	0.0000	32.5000
33304.700	21	0	0.6285	0.0000	32.5000
33318.339	22	0	0.6286	0.0000	32.5000
33331.978	23	0	0.6287	0.0000	32.5000
33332.902	22	0	0.6288	0.0000	32.5000
33345.617	23	0	0.6289	0.0000	32.5000
33359.256	24	0	0.6290	0.0000	32.5000
33372.895	25	0	0.6291	0.0000	32.5000
33386.534	26	0	0.6292	0.0000	32.5000
33400.173	27	0	0.6293	0.0000	32.5000
33413.811	28	0	0.6294	0.0000	32.5000
33427.376	27	0	0.6296	0.0000	32.5000
33427.376	26	0	0.6296	0.0000	32.5000
33427.450	27	0	0.6296	0.0000	32.5000
33441.089	28	0	0.6297	0.0000	32.5000
33466.105	27	0	0.6300	0.0000	32.5000
33470.383	26	0	0.6300	0.0000	32.5000
33512.671	25	0	0.6304	0.0000	32.5000
33556.694	24	0	0.6308	0.0000	32.5000
33580.975	25	0	0.6310	0.0000	32.5000
33595.757	24	0	0.6311	0.0000	32.5000
33598.573	25	0	0.6311	0.0000	32.5000
33616.172	26	0	0.6313	0.0000	32.5000
33629.423	25	0	0.6314	0.0000	32.5000
33633.770	26	0	0.6314	0.0000	32.5000
33651.368	27	0	0.6316	0.0000	32.5000
33668.967	28	0	0.6318	0.0000	32.5000
33686.565	29	0	0.6319	0.0000	32.5000
33704.163	30	0	0.6321	0.0000	32.5000
33721.762	31	0	0.6323	0.0000	32.5000
33739.360	32	0	0.6325	0.0000	32.5000
33752.002	31	0	0.6326	0.0000	32.5000
33756.958	32	0	0.6327	0.0000	32.5000
33763.111	31	0	0.6327	0.0000	32.5000
33774.557	32	0	0.6329	0.0000	32.5000
33776.622	31	0	0.6329	0.0000	32.5000
33792.155	32	0	0.6331	0.0000	32.5000
33809.753	33	0	0.6333	0.0000	32.5000
33827.351	34	0	0.6335	0.0000	32.5000
33844.950	35	0	0.6337	0.0000	32.5000
33862.548	36	0	0.6339	0.0000	32.5000
33880.146	37	0	0.6341	0.0000	32.5000
33897.745	38	0	0.6343	0.0000	32.5000
33912.039	37	0	0.6345	0.0000	32.5000
33915.343	38	0	0.6346	0.0000	32.5000
33939.325	37	0	0.6349	0.0000	32.5000
33951.302	36	0	0.6350	0.0000	32.5000
33953.242	37	0	0.6351	0.0000	32.5000
33967.159	38	0	0.6352	0.0000	32.5000
33981.077	39	0	0.6354	0.0000	32.5000
33994.994	40	0	0.6356	0.0000	32.5000
34003.865	39	0	0.6357	0.0000	32.5000
34008.912	40	0	0.6358	0.0000	32.5000
34022.829	41	0	0.6360	0.0000	32.5000
34036.746	42	0	0.6362	0.0000	32.5000
34044.495	41	0	0.6363	0.0000	32.5000
34050.664	42	0	0.6364	0.0000	32.5000
34064.581	43	0	0.6366	0.0000	32.5000
34078.499	44	0	0.6368	0.0000	32.5000
34092.416	45	0	0.6370	0.0000	32.5000
34106.333	46	0	0.6373	0.0000	32.5000
34120.251	47	0	0.6375	0.0000	32.5000
34134.168	48	0	0.6377	0.0000	32.5000
34142.851	47	0	0.6379	0.0000	32.5000
34309.921	46	0	0.6406	0.0000	35.0000
34327.391	45	0	0.6409	0.0000	35.0000
34329.481	44	0	0.6409	0.0000	35.0000
34419.643	43	0	0.6423	0.0000	35.0000
34531.337	42	0	0.6440	0.0000	35.0000
34531.337	41	0	0.6440	0.0000	35.0000
34559.600	40	0	0.6444	0.0000	35.0000
34703.934	41	0	0.6464	0.0000	35.0000
34716.437	42	0	0.6466	0.0000	35.0000
34728.939	43	0	0.6468	0.0000	35.0000
34741.442	44	0	0.6470	0.0000	35.0000
34753.945	45	0	0.6471	0.0000	35.0000
34766.448	46	0	0.6473	0.0000	35.0000
34778.951	47	0	0.6475	0.0000	35.0000
34791.453	48	0	0.6477	0.0000	35.0000
34803.956	49	0	0.6480	0.0000	35.0000
34816.459	50	0	0.6482	0.0000	35.0000
34828.962	51	0	0.6484	0.0000	35.0000
34841.465	52	0	0.6486	0.0000	35.0000
34853.967	53	0	0.6488	0.0000	35.0000
34866.470	54	0	0.6491	0.0000	35.0000
34878.973	55	0	0.6493	0.0000	35.0000
34891.476	56	0	0.6496	0.0000	35.0000
34903.979	57	0	0.6498	0.0000	35.0000
34915.072	56	0	0.6500	0.0000	35.0000
34915.072	55	0	0.6500	0.0000	35.0000
34915.072	54	0	0.6500	0.0000	35.0000
34915.072	53	0	0.6500	0.0000	35.0000
34915.072	52	0	0.6500	0.0000	35.0000
34916.481	53	0	0.6500	0.0000	35.0000
34928.984	54	0	0.6503	0.0000	35.0000
34941.487	55	0	0.6505	0.0000	35.0000
35023.512	54	0	0.6521	0.0000	35.0000
35136.582	53	0	0.6542	0.0000	35.0000
35238.816	52	0	0.6561	0.0000	35.0000
35250.179	51	0	0.6563	0.0000	35.0000
35257.926	50	0	0.6565	0.0000	35.0000
35352.666	49	0	0.6581	0.0000	35.0000
35557.750	48	0	0.6616	0.0000	35.0000
35557.750	47	0	0.6616	0.0000	35.0000
35593.459	46	0	0.6622	0.0000	35.0000
35730.861	45	0	0.6644	0.0000	35.0000
35951.159	44	0	0.6679	0.0000	35.0000
36026.457	43	0	0.6690	0.0000	35.0000
36132.533	42	0	0.6706	0.0000	35.0000
36132.533	41	0	0.6706	0.0000	35.0000
36206.615	40	0	0.6717	0.0000	35.0000
36206.615	39	0	0.6717	0.0000	35.0000
36206.615	38	0	0.6717	0.0000	35.0000
36216.054	37	0	0.6718	0.0000	35.0000
36351.319	36	0	0.6736	0.0000	35.0000
36351.319	35	0	0.6736	0.0000	35.0000
36351.319	34	0	0.6736	0.0000	35.0000
36425.373	33	0	0.6745	0.0000	35.0000
36437.470	32	0	0.6746	0.0000	35.0000
36483.909	31	0	0.6751	0.0000	35.0000
36483.909	30	0	0.6751	0.0000	35.0000
36535.104	29	0	0.6757	0.0000	35.0000
36535.104	28	0	0.6757	0.0000	35.0000
36546.695	27	0	0.6758	0.0000	35.0000
36560.945	26	0	0.6759	0.0000	35.0000
36576.775	25	0	0.6760	0.0000	35.0000
36590.102	24	0	0.6762	0.0000	35.0000
36655.912	23	0	0.6767	0.0000	35.0000
36827.853	22	0	0.6781	0.0000	35.0000
36827.853	21	0	0.6781	0.0000	35.0000
36827.853	20	0	0.6781	0.0000	35.0000
36846.401	19	0	0.6782	0.0000	35.0000
36880.599	18	0	0.6785	0.0000	35.0000
36893.020	17	0	0.6785	0.0000	35.0000
36937.355	16	0	0.6788	0.0000	35.0000
36987.323	15	0	0.6791	0.0000	35.0000
36987.323	14	0	0.6791	0.0000	35.0000
37055.418	13	0	0.6794	0.0000	35.0000
37055.418	12	0	0.6794	0.0000	35.0000
37055.418	11	0	0.6794	0.0000	35.0000
37086.330	10	0	0.6795	0.0000	35.0000
37086.330	9	0	0.6795	0.0000	35.0000
37086.330	8	0	0.6795	0.0000	35.0000
37155.775	9	0	0.6797	0.0000	35.0000
37164.522	10	0	0.6797	0.0000	35.0000
37173.268	11	0	0.6798	0.0000	35.0000
37182.014	12	0	0.6798	0.0000	35.0000
37190.760	13	0	0.6798	0.0000	35.0000
37199.506	14	0	0.6799	0.0000	35.0000
37208.253	15	0	0.6799	0.0000	35.0000
37216.999	16	0	0.6800	0.0000	35.0000
37225.745	17	0	0.6800	0.0000	35.0000
37234.491	18	0	0.6801	0.0000	35.0000
37243.237	19	0	0.6801	0.0000	35.0000
37251.984	20	0	0.6802	0.0000	35.0000
37256.479	19	0	0.6802	0.0000	35.0000
37256.479	18	0	0.6802	0.0000	35.0000
37260.730	19	0	0.6802	0.0000	35.0000
37286.702	18	0	0.6804	0.0000	35.0000
37378.500	17	0	0.6810	0.0000	35.0000
37378.500	16	0	0.6810	0.0000	35.0000
37378.500	15	0	0.6810	0.0000	35.0000
37542.535	14	0	0.6819	0.0000	35.0000
37542.535	13	0	0.6819	0.0000	35.0000
37542.535	12	0	0.6819	0.0000	35.0000
37558.334	11	0	0.6819	0.0000	35.0000
37569.573	10	0	0.6820	0.0000	35.0000
37673.822	9	0	0.6823	0.0000	35.0000
37674.358	8	0	0.6823	0.0000	35.0000
37871.060	7	0	0.6829	0.0000	37.5000
37871.060	6	0	0.6829	0.0000	37.5000
37871.060	5	0	0.6829	0.0000	37.5000
37871.060	4	0	0.6829	0.0000	37.5000
37871.060	3	0	0.6829	0.0000	37.5000
37871.060	2	0	0.6829	0.0000	37.5000
38035.287	1	0	0.6830	0.0000	37.5000
38035.287	0	0	0.6830	0.0000	37.5000
38139.044	0	1	0.6830	8.8000	37.5000
38139.044	0	2	0.6830	17.6000	37.5000
38260.312	1	2	0.6830	17.6000	37.5000
38261.005	0	2	0.6830	17.6000	37.5000
38269.539	1	2	0.6830	17.6000	37.5000
38278.765	2	2	0.6830	17.6000	37.5000
38287.992	3	2	0.6830	17.6000	37.5000
38297.219	4	2	0.6830	17.6000	37.5000
38306.446	5	2	0.6830	17.6000	37.5000
38315.673	6	2	0.6830	17.6000	37.5000
38324.900	7	2	0.6831	17.6000	37.5000
38334.127	8	2	0.6831	17.6000	37.5000
38343.354	9	2	0.6831	17.6000	37.5000
38352.581	10	2	0.6831	17.6000	37.5000
38361.808	11	2	0.6832	17.6000	37.5000
38371.035	12	2	0.6832	17.6000	37.5000
38380.262	13	2	0.6833	17.6000	37.5000
38389.489	14	2	0.6833	17.6000	37.5000
38394.945	13	2	0.6833	17.6000	37.5000
38398.716	14	2	0.6833	17.6000	37.5000
38407.942	15	2	0.6834	17.6000	37.5000
38417.169	16	2	0.6834	17.6000	37.5000
38426.396	17	2	0.6835	17.6000	37.5000
38435.623	18	2	0.6835	17.6000	37.5000
38451.809	19	2	0.6836	17.6000	37.5000
38467.994	20	2	0.6837	17.6000	37.5000
38484.180	21	2	0.6839	17.6000	37.5000
38487.569	20	2	0.6839	17.6000	37.5000
38500.365	21	2	0.6840	17.6000	37.5000
38516.551	22	2	0.6841	17.6000	37.5000
38532.736	23	2	0.6842	17.6000	37.5000
38548.922	24	2	0.6843	17.6000	37.5000
38565.107	25	2	0.6845	17.6000	37.5000
38579.557	24	2	0.6846	17.6000	37.5000
38579.557	23	2	0.6846	17.6000	37.5000
38581.293	24	2	0.6846	17.6000	37.5000
38592.900	23	2	0.6847	17.6000	37.5000
38597.479	24	2	0.6848	17.6000	37.5000
38613.664	25	2	0.6849	17.6000	37.5000
38623.741	24	2	0.6850	17.6000	37.5000
38629.850	25	2	0.6850	17.6000	37.5000
38646.035	26	2	0.6852	17.6000	37.5000
38662.221	27	2	0.6853	17.6000	37.5000
38668.775	26	2	0.6854	17.6000	37.5000
38678.406	27	2	0.6855	17.6000	37.5000
38694.592	28	2	0.6856	17.6000	37.5000
38710.777	29	2	0.6858	17.6000	37.5000
38719.762	28	2	0.6859	17.6000	37.5000
38726.963	29	2	0.6859	17.6000	37.5000
38743.148	30	2	0.6861	17.6000	37.5000
38759.334	31	2	0.6863	17.6000	37.5000
38849.819	30	2	0.6873	17.6000	37.5000
38858.609	29	2	0.6873	17.6000	37.5000
38860.696	30	2	0.6874	17.6000	37.5000
38871.573	31	2	0.6875	17.6000	37.5000
38882.451	32	2	0.6876	17.6000	37.5000
38885.167	31	2	0.6876	17.6000	37.5000
38893.328	32	2	0.6877	17.6000	37.5000
38904.205	33	2	0.6878	17.6000	37.5000
38915.083	34	2	0.6880	17.6000	37.5000
38925.960	35	2	0.6881	17.6000	37.5000
38936.837	36	2	0.6882	17.6000	37.5000
38947.715	37	2	0.6884	17.6000	37.5000
38948.794	36	2	0.6884	17.6000	37.5000
38948.794	35	2	0.6884	17.6000	37.5000
38958.592	36	2	0.6885	17.6000	37.5000
38969.470	37	2	0.6886	17.6000	37.5000
38980.347	38	2	0.6888	17.6000	37.5000
38995.002	37	2	0.6890	17.6000	37.5000
39007.762	38	2	0.6891	17.6000	37.5000
39020.522	39	2	0.6893	17.6000	37.5000
39033.282	40	2	0.6895	17.6000	37.5000
39046.042	41	2	0.6897	17.6000	37.5000
39058.802	42	2	0.6898	17.6000	37.5000
39071.562	43	2	0.6900	17.6000	37.5000
39084.322	44	2	0.6902	17.6000	37.5000
39097.082	45	2	0.6904	17.6000	37.5000
39109.842	46	2	0.6906	17.6000	37.5000
39122.602	47	2	0.6908	17.6000	37.5000
39133.438	46	2	0.6910	17.6000	37.5000
39133.438	45	2	0.6910	17.6000	37.5000
39133.438	44	2	0.6910	17.6000	37.5000
39135.362	45	2	0.6910	17.6000	37.5000
39148.122	46	2	0.6912	17.6000	37.5000
39160.882	47	2	0.6914	17.6000	37.5000
39173.642	48	2	0.6916	17.6000	37.5000
39186.402	49	2	0.6919	17.6000	37.5000
39199.162	50	2	0.6921	17.6000	37.5000
39211.922	51	2	0.6923	17.6000	37.5000
39224.682	52	2	0.6925	17.6000	37.5000
39237.442	53	2	0.6928	17.6000	37.5000
39243.148	52	2	0.6929	17.6000	37.5000
39243.148	51	2	0.6929	17.6000	37.5000
39250.202	52	2	0.6930	17.6000	37.5000
39280.266	51	2	0.6935	17.6000	37.5000
39366.618	50	2	0.6951	17.6000	37.5000
39490.790	49	2	0.6972	17.6000	37.5000
39490.790	48	2	0.6972	17.6000	37.5000
39490.790	47	2	0.6972	17.6000	37.5000
39576.460	46	2	0.6987	17.6000	37.5000
39929.768	45	2	0.7043	17.6000	40.0000
39929.768	44	2	0.7043	17.6000	40.0000
39929.768	43	2	0.7043	17.6000	40.0000
39929.768	42	2	0.7043	17.6000	40.0000
39929.768	41	2	0.7043	17.6000	40.0000
39966.551	42	2	0.7049	17.6000	40.0000
39980.323	43	2	0.7051	17.6000	40.0000
39994.094	44	2	0.7053	17.6000	40.0000
40007.865	45	2	0.7055	17.6000	40.0000
40021.636	46	2	0.7057	17.6000	40.0000
40035.408	47	2	0.7059	17.6000	40.0000
40049.179	48	2	0.7062	17.6000	40.0000
40062.950	49	2	0.7064	17.6000	40.0000
40074.728	48	2	0.7066	17.6000	40.0000
40076.722	49	2	0.7066	17.6000	40.0000
40090.493	50	2	0.7069	17.6000	40.0000
40104.264	51	2	0.7071	17.6000	40.0000
40118.035	52	2	0.7073	17.6000	40.0000
40131.807	53	2	0.7076	17.6000	40.0000
40145.578	54	2	0.7078	17.6000	40.0000
40158.865	55	2	0.7081	17.6000	40.0000
40172.151	56	2	0.7084	17.6000	40.0000
40185.438	57	2	0.7086	17.6000	40.0000
40198.725	58	2	0.7089	17.6000	40.0000
40212.012	59	2	0.7091	17.6000	40.0000
40225.298	60	2	0.7094	17.6000	40.0000
40232.323	59	2	0.7096	17.6000	40.0000
40232.323	58	2	0.7096	17.6000	40.0000
40232.323	57	2	0.7096	17.6000	40.0000
40232.323	56	2	0.7096	17.6000	40.0000
40238.585	57	2	0.7097	17.6000	40.0000
40251.872	58	2	0.7100	17.6000	40.0000
40265.158	59	2	0.7102	17.6000	40.0000
40277.924	58	2	0.7105	17.6000	40.0000
40278.445	59	2	0.7105	17.6000	40.0000
40291.732	60	2	0.7108	17.6000	40.0000
40305.019	61	2	0.7110	17.6000	40.0000
40318.305	62	2	0.7113	17.6000	40.0000
40331.592	63	2	0.7116	17.6000	40.0000
40344.879	64	2	0.7119	17.6000	40.0000
40358.165	65	2	0.7122	17.6000	40.0000
40371.452	66	2	0.7125	17.6000	40.0000
40384.739	67	2	0.7128	17.6000	40.0000
40395.148	66	2	0.7131	17.6000	40.0000
40398.026	67	2	0.7131	17.6000	40.0000
40407.546	66	2	0.7134	17.6000	40.0000
40411.312	67	2	0.7134	17.6000	40.0000
40442.058	66	2	0.7142	17.6000	40.0000
40501.923	65	2	0.7155	17.6000	40.0000
40501.923	64	2	0.7155	17.6000	40.0000
40501.923	63	2	0.7155	17.6000	40.0000
40501.923	62	2	0.7155	17.6000	40.0000
40515.060	61	2	0.7158	17.6000	40.0000
40535.329	60	2	0.7163	17.6000	40.0000
40535.329	59	2	0.7163	17.6000	40.0000
40644.316	58	2	0.7185	17.6000	40.0000
40723.735	57	2	0.7201	17.6000	40.0000
40723.735	56	2	0.7201	17.6000	40.0000
40755.006	55	2	0.7207	17.6000	40.0000
40902.958	54	2	0.7236	17.6000	40.0000
41007.867	53	2	0.7256	17.6000	40.0000
41092.796	52	2	0.7271	17.6000	40.0000
41132.141	51	2	0.7278	17.6000	40.0000
41226.889	50	2	0.7295	17.6000	40.0000
41284.540	49	2	0.7305	17.6000	40.0000
41354.978	48	2	0.7317	17.6000	40.0000
41354.978	47	2	0.7317	17.6000	40.0000
41458.013	46	2	0.7334	17.6000	42.5000
41458.013	45	2	0.7334	17.6000	42.5000
41548.904	44	2	0.7349	17.6000	42.5000
41548.904	43	2	0.7349	17.6000	42.5000
41548.904	42	2	0.7349	17.6000	42.5000
41548.904	41	2	0.7349	17.6000	42.5000
41585.895	40	2	0.7354	17.6000	42.5000
41721.544	39	2	0.7373	17.6000	42.5000
41721.544	38	2	0.7373	17.6000	42.5000
41764.786	37	2	0.7379	17.6000	42.5000
41775.156	36	2	0.7380	17.6000	42.5000
41875.624	35	2	0.7393	17.6000	42.5000
41875.624	34	2	0.7393	17.6000	42.5000
41937.105	33	2	0.7400	17.6000	42.5000
41937.105	32	2	0.7400	17.6000	42.5000
41937.105	31	2	0.7400	17.6000	42.5000
41998.461	30	2	0.7407	17.6000	42.5000
42070.427	29	2	0.7414	17.6000	42.5000
42070.427	28	2	0.7414	17.6000	42.5000
42193.913	27	2	0.7426	17.6000	42.5000
42445.362	26	2	0.7450	17.6000	42.5000
42603.809	27	2	0.7464	17.6000	42.5000
42612.585	28	2	0.7465	17.6000	42.5000
42621.362	29	2	0.7466	17.6000	42.5000
42630.138	30	2	0.7467	17.6000	42.5000
42638.914	31	2	0.7468	17.6000	42.5000
42647.691	32	2	0.7469	17.6000	42.5000
42656.467	33	2	0.7470	17.6000	42.5000
42665.243	34	2	0.7471	17.6000	42.5000
42674.020	35	2	0.7472	17.6000	42.5000
42682.796	36	2	0.7473	17.6000	42.5000
42691.572	37	2	0.7474	17.6000	42.5000
42700.349	38	2	0.7475	17.6000	42.5000
42709.125	39	2	0.7476	17.6000	42.5000
42747.636	38	2	0.7482	17.6000	42.5000
42764.436	39	2	0.7484	17.6000	42.5000
42781.237	40	2	0.7486	17.6000	42.5000
42784.767	39	2	0.7487	17.6000	42.5000
42798.037	40	2	0.7488	17.6000	42.5000
42814.837	41	2	0.7491	17.6000	42.5000
42831.637	42	2	0.7493	17.6000	42.5000
42834.750	41	2	0.7494	17.6000	42.5000
42848.437	42	2	0.7496	17.6000	42.5000
42865.237	43	2	0.7498	17.6000	42.5000
42879.647	42	2	0.7500	17.6000	42.5000
42879.647	41	2	0.7500	17.6000	42.5000
42882.037	42	2	0.7501	17.6000	42.5000
42898.838	43	2	0.7503	17.6000	42.5000
42915.638	44	2	0.7506	17.6000	42.5000
42932.438	45	2	0.7508	17.6000	42.5000
42949.238	46	2	0.7511	17.6000	42.5000
42952.033	45	2	0.7511	17.6000	42.5000
42952.033	44	2	0.7511	17.6000	42.5000
42966.038	45	2	0.7513	17.6000	42.5000
42966.833	44	2	0.7513	17.6000	42.5000
42982.838	45	2	0.7516	17.6000	42.5000
42999.639	46	2	0.7519	17.6000	42.5000
43016.439	47	2	0.7521	17.6000	42.5000
43033.239	48	2	0.7524	17.6000	42.5000
43050.039	49	2	0.7527	17.6000	42.5000
43066.839	50	2	0.7530	17.6000	42.5000
43083.639	51	2	0.7533	17.6000	42.5000
43131.350	50	2	0.7541	17.6000	42.5000
43131.350	49	2	0.7541	17.6000	42.5000
43144.999	48	2	0.7544	17.6000	42.5000
43145.885	47	2	0.7544	17.6000	42.5000
43145.885	46	2	0.7544	17.6000	42.5000
43201.252	45	2	0.7553	17.6000	42.5000
43266.040	44	2	0.7563	17.6000	42.5000
43266.040	43	2	0.7563	17.6000	42.5000
43266.040	42	2	0.7563	17.6000	42.5000
