# s=55 S=70 h=0.0041 p=2.4000 c=2.5000
# time_s	level	cum_oos	holding_eur	shortage_eur	order_eur
0.000	70	0	0.0000	0.0000	0.0000
736.717	69	0	0.0049	0.0000	0.0000
779.008	68	0	0.0052	0.0000	0.0000
979.467	67	0	0.0065	0.0000	0.0000
1901.533	66	0	0.0123	0.0000	0.0000
2514.124	65	0	0.0162	0.0000	0.0000
3148.019	64	0	0.0201	0.0000	0.0000
3197.458	63	0	0.0204	0.0000	0.0000
3472.315	62	0	0.0220	0.0000	0.0000
3959.104	61	0	0.0249	0.0000	0.0000
3959.104	60	0	0.0249	0.0000	0.0000
3959.104	59	0	0.0249	0.0000	0.0000
4156.393	58	0	0.0260	0.0000	0.0000
4287.928	57	0	0.0267	0.0000	0.0000
4315.794	56	0	0.0269	0.0000	0.0000
4349.312	55	0	0.0270	0.0000	0.0000
4654.530	54	0	0.0286	0.0000	0.0000
4654.530	53	0	0.0286	0.0000	0.0000
4691.169	52	0	0.0288	0.0000	0.0000
4691.169	51	0	0.0288	0.0000	0.0000
4781.221	50	0	0.0293	0.0000	0.0000
4889.206	49	0	0.0298	0.0000	0.0000
5273.283	48	0	0.0316	0.0000	0.0000
5274.890	47	0	0.0316	0.0000	0.0000
5274.890	46	0	0.0316	0.0000	0.0000
5405.729	45	0	0.0321	0.0000	2.5000
5405.729	44	0	0.0321	0.0000	2.5000
5566.833	43	0	0.0328	0.0000	2.5000
5618.882	42	0	0.0330	0.0000	2.5000
6153.991	41	0	0.0352	0.0000	2.5000
6153.991	40	0	0.0352	0.0000	2.5000
6284.467	41	0	0.0356	0.0000	2.5000
6294.272	42	0	0.0357	0.0000	2.5000
6304.076	43	0	0.0357	0.0000	2.5000
6313.881	44	0	0.0358	0.0000	2.5000
6330.586	45	0	0.0358	0.0000	2.5000
6347.291	46	0	0.0359	0.0000	2.5000
6350.672	45	0	0.0359	0.0000	2.5000
6350.672	44	0	0.0359	0.0000	2.5000
6363.995	45	0	0.0360	0.0000	2.5000
6380.700	46	0	0.0360	0.0000	2.5000
6397.405	47	0	0.0361	0.0000	2.5000
6414.110	48	0	0.0362	0.0000	2.5000
6430.815	49	0	0.0363	0.0000	2.5000
6447.519	50	0	0.0363	0.0000	2.5000
6464.224	51	0	0.0364	0.0000	2.5000
6480.929	52	0	0.0365	0.0000	2.5000
6497.634	53	0	0.0366	0.0000	2.5000
6514.339	54	0	0.0367	0.0000	2.5000
6531.043	55	0	0.0368	0.0000	2.5000
6547.748	56	0	0.0368	0.0000	2.5000
6563.282	55	0	0.0369	0.0000	2.5000
6564.453	56	0	0.0369	0.0000	2.5000
6581.158	57	0	0.0370	0.0000	2.5000
6597.863	58	0	0.0371	0.0000	2.5000
6614.567	59	0	0.0372	0.0000	2.5000
6631.272	60	0	0.0373	0.0000	2.5000
6647.977	61	0	0.0374	0.0000	2.5000
6656.259	60	0	0.0374	0.0000	2.5000
6656.259	59	0	0.0374	0.0000	2.5000
6656.259	58	0	0.0374	0.0000	2.5000
6731.666	57	0	0.0379	0.0000	2.5000
6731.666	56	0	0.0379	0.0000	2.5000
6908.608	55	0	0.0388	0.0000	2.5000
6958.269	54	0	0.0391	0.0000	2.5000
6958.269	53	0	0.0391	0.0000	2.5000
6958.269	52	0	0.0391	0.0000	2.5000
6965.268	51	0	0.0391	0.0000	2.5000
7063.077	50	0	0.0396	0.0000	2.5000
7063.077	49	0	0.0396	0.0000	2.5000
7063.077	48	0	0.0396	0.0000	2.5000
7063.077	47	0	0.0396	0.0000	2.5000
7063.077	46	0	0.0396	0.0000	2.5000
7063.077	45	0	0.0396	0.0000	2.5000
7063.077	44	0	0.0396	0.0000	2.5000
7121.267	43	0	0.0398	0.0000	2.5000
7121.267	42	0	0.0398	0.0000	2.5000
7121.267	41	0	0.0398	0.0000	2.5000
7166.827	40	0	0.0400	0.0000	2.5000
7314.326	39	0	0.0405	0.0000	5.0000
7331.167	40	0	0.0406	0.0000	5.0000
7338.556	41	0	0.0406	0.0000	5.0000
7345.945	42	0	0.0407	0.0000	5.0000
7353.334	43	0	0.0407	0.0000	5.0000
7360.723	44	0	0.0407	0.0000	5.0000
7368.112	45	0	0.0408	0.0000	5.0000
7375.501	46	0	0.0408	0.0000	5.0000
7382.890	47	0	0.0408	0.0000	5.0000
7390.279	48	0	0.0409	0.0000	5.0000
7397.668	49	0	0.0409	0.0000	5.0000
7485.607	48	0	0.0413	0.0000	5.0000
7485.607	47	0	0.0413	0.0000	5.0000
7485.607	46	0	0.0413	0.0000	5.0000
7580.066	47	0	0.0417	0.0000	5.0000
7593.436	48	0	0.0418	0.0000	5.0000
7606.805	49	0	0.0418	0.0000	5.0000
7620.174	50	0	0.0419	0.0000	5.0000
7633.544	51	0	0.0420	0.0000	5.0000
7646.913	52	0	0.0420	0.0000	5.0000
7660.282	53	0	0.0421	0.0000	5.0000
7673.651	54	0	0.0422	0.0000	5.0000
7687.021	55	0	0.0422	0.0000	5.0000
7700.390	56	0	0.0423	0.0000	5.0000
7713.759	57	0	0.0424	0.0000	5.0000
7727.128	58	0	0.0424	0.0000	5.0000
7740.498	59	0	0.0425	0.0000	5.0000
7753.867	60	0	0.0426	0.0000	5.0000
7767.236	61	0	0.0427	0.0000	5.0000
7780.606	62	0	0.0427	0.0000	5.0000
7793.975	63	0	0.0428	0.0000	5.0000
7807.344	64	0	0.0429	0.0000	5.0000
7820.713	65	0	0.0430	0.0000	5.0000
7834.083	66	0	0.0431	0.0000	5.0000
8132.886	65	0	0.0449	0.0000	5.0000
8189.931	64	0	0.0453	0.0000	5.0000
8248.061	63	0	0.0456	0.0000	5.0000
8359.278	62	0	0.0463	0.0000	5.0000
8359.278	61	0	0.0463	0.0000	5.0000
8431.879	60	0	0.0467	0.0000	5.0000
8448.896	59	0	0.0468	0.0000	5.0000
8605.104	58	0	0.0477	0.0000	5.0000
8605.104	57	0	0.0477	0.0000	5.0000
8643.527	56	0	0.0479	0.0000	5.0000
8643.527	55	0	0.0479	0.0000	5.0000
8653.126	54	0	0.0479	0.0000	5.0000
8833.458	53	0	0.0489	0.0000	5.0000
8833.458	52	0	0.0489	0.0000	5.0000
8874.419	51	0	0.0491	0.0000	5.0000
8925.413	50	0	0.0493	0.0000	5.0000
9002.294	49	0	0.0497	0.0000	7.5000
9092.405	48	0	0.0501	0.0000	7.5000
9103.973	47	0	0.0502	0.0000	7.5000
9151.764	46	0	0.0504	0.0000	7.5000
9315.455	45	0	0.0511	0.0000	7.5000
9539.558	44	0	0.0520	0.0000	7.5000
9539.558	43	0	0.0520	0.0000	7.5000
9570.349	42	0	0.0522	0.0000	7.5000
9795.446	41	0	0.0531	0.0000	7.5000
9828.995	40	0	0.0532	0.0000	7.5000
10075.738	39	0	0.0541	0.0000	7.5000
10075.738	38	0	0.0541	0.0000	7.5000
10097.407	39	0	0.0542	0.0000	7.5000
10103.415	38	0	0.0542	0.0000	7.5000
10107.396	39	0	0.0542	0.0000	7.5000
10117.384	40	0	0.0543	0.0000	7.5000
10127.373	41	0	0.0543	0.0000	7.5000
10137.362	42	0	0.0544	0.0000	7.5000
10147.351	43	0	0.0544	0.0000	7.5000
10157.340	44	0	0.0544	0.0000	7.5000
10167.329	45	0	0.0545	0.0000	7.5000
10177.318	46	0	0.0545	0.0000	7.5000
10187.307	47	0	0.0546	0.0000	7.5000
10197.296	48	0	0.0546	0.0000	7.5000
10207.285	49	0	0.0547	0.0000	7.5000
10217.274	50	0	0.0547	0.0000	7.5000
10227.263	51	0	0.0548	0.0000	7.5000
10237.252	52	0	0.0548	0.0000	7.5000
10247.240	53	0	0.0549	0.0000	7.5000
10257.229	54	0	0.0549	0.0000	7.5000
10267.218	55	0	0.0550	0.0000	7.5000
10277.207	56	0	0.0550	0.0000	7.5000
10287.196	57	0	0.0551	0.0000	7.5000
10307.346	56	0	0.0552	0.0000	7.5000
10343.491	55	0	0.0554	0.0000	7.5000
10414.576	54	0	0.0557	0.0000	7.5000
10414.576	53	0	0.0557	0.0000	7.5000
10414.576	52	0	0.0557	0.0000	7.5000
10414.576	51	0	0.0557	0.0000	7.5000
10864.770	50	0	0.0579	0.0000	10.0000
11052.029	49	0	0.0588	0.0000	10.0000
11052.029	48	0	0.0588	0.0000	10.0000
11139.144	49	0	0.0592	0.0000	10.0000
11144.506	48	0	0.0592	0.0000	10.0000
11153.536	49	0	0.0593	0.0000	10.0000
11167.929	50	0	0.0593	0.0000	10.0000
11178.523	49	0	0.0594	0.0000	10.0000
11182.321	50	0	0.0594	0.0000	10.0000
11196.713	51	0	0.0595	0.0000	10.0000
11211.106	52	0	0.0595	0.0000	10.0000
11225.498	53	0	0.0596	0.0000	10.0000
11239.890	54	0	0.0597	0.0000	10.0000
11248.030	53	0	0.0597	0.0000	10.0000
11254.283	54	0	0.0598	0.0000	10.0000
11261.599	53	0	0.0598	0.0000	10.0000
11268.675	54	0	0.0598	0.0000	10.0000
11283.067	55	0	0.0599	0.0000	10.0000
11297.460	56	0	0.0600	0.0000	10.0000
11311.852	57	0	0.0600	0.0000	10.0000
11326.244	58	0	0.0601	0.0000	10.0000
11337.534	57	0	0.0602	0.0000	10.0000
11340.637	58	0	0.0602	0.0000	10.0000
11355.029	59	0	0.0603	0.0000	10.0000
11369.421	60	0	0.0604	0.0000	10.0000
11383.814	61	0	0.0604	0.0000	10.0000
11398.206	62	0	0.0605	0.0000	10.0000
11447.938	61	0	0.0608	0.0000	10.0000
11640.441	60	0	0.0619	0.0000	10.0000
11757.375	59	0	0.0626	0.0000	10.0000
11902.678	58	0	0.0634	0.0000	10.0000
12025.026	57	0	0.0641	0.0000	10.0000
12190.124	56	0	0.0650	0.0000	10.0000
12190.124	55	0	0.0650	0.0000	10.0000
12190.124	54	0	0.0650	0.0000	10.0000
12190.124	53	0	0.0650	0.0000	10.0000
12190.124	52	0	0.0650	0.0000	10.0000
12190.124	51	0	0.0650	0.0000	10.0000
12294.307	50	0	0.0655	0.0000	10.0000
12294.307	49	0	0.0655	0.0000	10.0000
12301.636	48	0	0.0655	0.0000	10.0000
12301.636	47	0	0.0655	0.0000	10.0000
12301.636	46	0	0.0655	0.0000	10.0000
12301.636	45	0	0.0655	0.0000	10.0000
12353.585	44	0	0.0657	0.0000	10.0000
12353.585	43	0	0.0657	0.0000	10.0000
12503.338	42	0	0.0664	0.0000	10.0000
12518.568	41	0	0.0664	0.0000	10.0000
12588.146	40	0	0.0667	0.0000	10.0000
12588.146	39	0	0.0667	0.0000	10.0000
12595.047	38	0	0.0667	0.0000	10.0000
12761.165	37	0	0.0673	0.0000	12.5000
12761.165	36	0	0.0673	0.0000	12.5000
12761.165	35	0	0.0673	0.0000	12.5000
12761.165	34	0	0.0673	0.0000	12.5000
12827.315	33	0	0.0675	0.0000	12.5000
13003.891	32	0	0.0681	0.0000	12.5000
13003.891	31	0	0.0681	0.0000	12.5000
13003.891	30	0	0.0681	0.0000	12.5000
13003.891	29	0	0.0681	0.0000	12.5000
13029.962	28	0	0.0682	0.0000	12.5000
13055.637	27	0	0.0682	0.0000	12.5000
13147.680	26	0	0.0685	0.0000	12.5000
13372.596	25	0	0.0690	0.0000	12.5000
13400.842	24	0	0.0691	0.0000	12.5000
13412.833	25	0	0.0691	0.0000	12.5000
13424.824	26	0	0.0691	0.0000	12.5000
13436.815	27	0	0.0692	0.0000	12.5000
13448.806	28	0	0.0692	0.0000	12.5000
13450.504	27	0	0.0692	0.0000	12.5000
13460.797	28	0	0.0692	0.0000	12.5000
13472.789	29	0	0.0693	0.0000	12.5000
13484.780	30	0	0.0693	0.0000	12.5000
13496.771	31	0	0.0693	0.0000	12.5000
13508.762	32	0	0.0694	0.0000	12.5000
13520.753	33	0	0.0694	0.0000	12.5000
13532.744	34	0	0.0694	0.0000	12.5000
13544.735	35	0	0.0695	0.0000	12.5000
13556.726	36	0	0.0695	0.0000	12.5000
13568.718	37	0	0.0696	0.0000	12.5000
13580.709	38	0	0.0696	0.0000	12.5000
13592.700	39	0	0.0696	0.0000	12.5000
13604.691	40	0	0.0697	0.0000	12.5000
13616.682	41	0	0.0697	0.0000	12.5000
13628.673	42	0	0.0698	0.0000	12.5000
13640.664	43	0	0.0698	0.0000	12.5000
13678.021	44	0	0.0700	0.0000	12.5000
13678.526	43	0	0.0700	0.0000	12.5000
13678.526	42	0	0.0700	0.0000	12.5000
13678.526	41	0	0.0700	0.0000	12.5000
13697.385	42	0	0.0700	0.0000	12.5000
13716.750	43	0	0.0701	0.0000	12.5000
13736.114	44	0	0.0702	0.0000	12.5000
13755.478	45	0	0.0703	0.0000	12.5000
13774.842	46	0	0.0704	0.0000	12.5000
13794.206	47	0	0.0705	0.0000	12.5000
13813.571	48	0	0.0705	0.0000	12.5000
13832.935	49	0	0.0706	0.0000	12.5000
13852.299	50	0	0.0707	0.0000	12.5000
13871.663	51	0	0.0708	0.0000	12.5000
13891.028	52	0	0.0709	0.0000	12.5000
14107.080	51	0	0.0720	0.0000	12.5000
14116.555	50	0	0.0720	0.0000	12.5000
14116.555	49	0	0.0720	0.0000	12.5000
14266.541	48	0	0.0727	0.0000	12.5000
14341.635	47	0	0.0731	0.0000	12.5000
14643.883	46	0	0.0744	0.0000	15.0000
14643.883	45	0	0.0744	0.0000	15.0000
14729.425	44	0	0.0748	0.0000	15.0000
14774.282	43	0	0.0750	0.0000	15.0000
14774.282	42	0	0.0750	0.0000	15.0000
14786.275	41	0	0.0750	0.0000	15.0000
15030.602	40	0	0.0760	0.0000	15.0000
15030.602	39	0	0.0760	0.0000	15.0000
15047.804	38	0	0.0760	0.0000	15.0000
15105.314	37	0	0.0762	0.0000	15.0000
15173.993	36	0	0.0765	0.0000	15.0000
15289.229	35	0	0.0769	0.0000	15.0000
15289.229	34	0	0.0769	0.0000	15.0000
15302.493	33	0	0.0769	0.0000	15.0000
15408.765	32	0	0.0772	0.0000	15.0000
15408.765	31	0	0.0772	0.0000	15.0000
15457.432	30	0	0.0774	0.0000	15.0000
15537.769	29	0	0.0776	0.0000	15.0000
15537.769	28	0	0.0776	0.0000	15.0000
15537.769	27	0	0.0776	0.0000	15.0000
15537.769	26	0	0.0776	0.0000	15.0000
15550.584	25	0	0.0776	0.0000	15.0000
15645.583	24	0	0.0779	0.0000	15.0000
15645.583	23	0	0.0779	0.0000	15.0000
15645.583	22	0	0.0779	0.0000	15.0000
15675.787	21	0	0.0779	0.0000	15.0000
15680.968	20	0	0.0779	0.0000	15.0000
15680.968	19	0	0.0779	0.0000	15.0000
15680.968	18	0	0.0779	0.0000	15.0000
15680.968	17	0	0.0779	0.0000	15.0000
15680.968	16	0	0.0779	0.0000	15.0000
15680.968	15	0	0.0779	0.0000	15.0000
15680.968	14	0	0.0779	0.0000	15.0000
15705.177	13	0	0.0780	0.0000	15.0000
15795.447	12	0	0.0781	0.0000	15.0000
15817.539	11	0	0.0781	0.0000	15.0000
15833.464	12	0	0.0781	0.0000	15.0000
15849.390	13	0	0.0781	0.0000	15.0000
15865.316	14	0	0.0782	0.0000	15.0000
15922.926	13	0	0.0782	0.0000	15.0000
15940.863	14	0	0.0783	0.0000	15.0000
15954.294	13	0	0.0783	0.0000	15.0000
15958.799	14	0	0.0783	0.0000	15.0000
15976.736	15	0	0.0783	0.0000	15.0000
15994.673	16	0	0.0783	0.0000	15.0000
16012.610	17	0	0.0784	0.0000	15.0000
16030.547	18	0	0.0784	0.0000	15.0000
16048.484	19	0	0.0784	0.0000	15.0000
16066.420	20	0	0.0785	0.0000	15.0000
16084.357	21	0	0.0785	0.0000	15.0000
16102.294	22	0	0.0785	0.0000	15.0000
16120.231	23	0	0.0786	0.0000	15.0000
16138.168	24	0	0.0786	0.0000	15.0000
16156.104	25	0	0.0786	0.0000	15.0000
16174.041	26	0	0.0787	0.0000	15.0000
16191.978	27	0	0.0787	0.0000	15.0000
16209.915	28	0	0.0788	0.0000	15.0000
16227.852	29	0	0.0788	0.0000	15.0000
16245.789	30	0	0.0789	0.0000	15.0000
16263.725	31	0	0.0789	0.0000	15.0000
16281.662	32	0	0.0790	0.0000	15.0000
16360.579	31	0	0.0792	0.0000	15.0000
16360.579	30	0	0.0792	0.0000	15.0000
16360.579	29	0	0.0792	0.0000	15.0000
16601.625	28	0	0.0799	0.0000	15.0000
16601.625	27	0	0.0799	0.0000	15.0000
16601.625	26	0	0.0799	0.0000	15.0000
16733.667	25	0	0.0802	0.0000	15.0000
16733.667	24	0	0.0802	0.0000	15.0000
16813.525	23	0	0.0804	0.0000	15.0000
16831.682	22	0	0.0804	0.0000	15.0000
16909.434	21	0	0.0806	0.0000	15.0000
16909.434	20	0	0.0806	0.0000	15.0000
16981.055	19	0	0.0807	0.0000	15.0000
17084.263	18	0	0.0809	0.0000	15.0000
17084.263	17	0	0.0809	0.0000	15.0000
17197.151	16	0	0.0811	0.0000	15.0000
17197.151	15	0	0.0811	0.0000	15.0000
17197.151	14	0	0.0811	0.0000	15.0000
17222.317	13	0	0.0811	0.0000	15.0000
17474.348	12	0	0.0814	0.0000	15.0000
17529.375	11	0	0.0815	0.0000	15.0000
17535.981	10	0	0.0815	0.0000	15.0000
17551.187	9	0	0.0815	0.0000	15.0000
17618.719	8	0	0.0816	0.0000	15.0000
17741.743	7	0	0.0817	0.0000	15.0000
17875.016	6	0	0.0818	0.0000	15.0000
17947.451	5	0	0.0818	0.0000	15.0000
17947.451	4	0	0.0818	0.0000	15.0000
18005.433	3	0	0.0818	0.0000	17.5000
18005.433	2	0	0.0818	0.0000	17.5000
18036.230	1	0	0.0818	0.0000	17.5000
18119.299	0	0	0.0818	0.0000	17.5000
18119.299	0	1	0.0818	2.4000	17.5000
18211.867	0	2	0.0818	4.8000	17.5000
18211.867	0	3	0.0818	7.2000	17.5000
18228.937	0	4	0.0818	9.6000	17.5000
18344.397	0	5	0.0818	12.0000	17.5000
18655.453	0	6	0.0818	14.4000	17.5000
18655.453	0	7	0.0818	16.8000	17.5000
18655.453	0	8	0.0818	19.2000	17.5000
18655.453	0	9	0.0818	21.6000	17.5000
18655.453	0	10	0.0818	24.0000	17.5000
18846.375	0	11	0.0818	26.4000	17.5000
18846.375	0	12	0.0818	28.8000	17.5000
18846.375	0	13	0.0818	31.2000	17.5000
18889.904	0	14	0.0818	33.6000	17.5000
19037.343	0	15	0.0818	36.0000	17.5000
19306.423	0	16	0.0818	38.4000	17.5000
19306.423	0	17	0.0818	40.8000	17.5000
19448.360	1	17	0.0818	40.8000	17.5000
19467.227	2	17	0.0818	40.8000	17.5000
19477.763	1	17	0.0818	40.8000	17.5000
19477.763	0	17	0.0818	40.8000	17.5000
19486.093	1	17	0.0818	40.8000	17.5000
19504.960	2	17	0.0818	40.8000	17.5000
19523.827	3	17	0.0818	40.8000	17.5000
19542.693	4	17	0.0818	40.8000	17.5000
19561.560	5	17	0.0819	40.8000	17.5000
19580.426	6	17	0.0819	40.8000	17.5000
19599.293	7	17	0.0819	40.8000	17.5000
19618.160	8	17	0.0819	40.8000	17.5000
19637.026	9	17	0.0819	40.8000	17.5000
19655.893	10	17	0.0819	40.8000	17.5000
19674.760	11	17	0.0819	40.8000	17.5000
19693.626	12	17	0.0820	40.8000	17.5000
19712.493	13	17	0.0820	40.8000	17.5000
19731.360	14	17	0.0820	40.8000	17.5000
19750.226	15	17	0.0820	40.8000	17.5000
19769.093	16	17	0.0821	40.8000	17.5000
19787.959	17	17	0.0821	40.8000	17.5000
19806.826	18	17	0.0821	40.8000	17.5000
19915.213	19	17	0.0823	40.8000	17.5000
19926.737	20	17	0.0823	40.8000	17.5000
19938.261	21	17	0.0823	40.8000	17.5000
19949.786	22	17	0.0824	40.8000	17.5000
19961.310	23	17	0.0824	40.8000	17.5000
19972.834	24	17	0.0824	40.8000	17.5000
19984.358	25	17	0.0824	40.8000	17.5000
19995.883	26	17	0.0825	40.8000	17.5000
20001.010	25	17	0.0825	40.8000	17.5000
20001.010	24	17	0.0825	40.8000	17.5000
20007.407	25	17	0.0825	40.8000	17.5000
20018.931	26	17	0.0825	40.8000	17.5000
20030.456	27	17	0.0825	40.8000	17.5000
20041.980	28	17	0.0826	40.8000	17.5000
20053.504	29	17	0.0826	40.8000	17.5000
20065.028	30	17	0.0826	40.8000	17.5000
20076.553	31	17	0.0827	40.8000	17.5000
20088.077	32	17	0.0827	40.8000	17.5000
20099.601	33	17	0.0827	40.8000	17.5000
20111.125	34	17	0.0828	40.8000	17.5000
20122.650	35	17	0.0828	40.8000	17.5000
20134.174	36	17	0.0829	40.8000	17.5000
20142.898	37	17	0.0829	40.8000	17.5000
20151.622	38	17	0.0829	40.8000	17.5000
20160.347	39	17	0.0829	40.8000	17.5000
20169.071	40	17	0.0830	40.8000	17.5000
20177.795	41	17	0.0830	40.8000	17.5000
20186.519	42	17	0.0830	40.8000	17.5000
20201.888	43	17	0.0831	40.8000	17.5000
20217.256	44	17	0.0832	40.8000	17.5000
20232.625	45	17	0.0832	40.8000	17.5000
20233.583	44	17	0.0832	40.8000	17.5000
20247.994	45	17	0.0833	40.8000	17.5000
20263.362	46	17	0.0834	40.8000	17.5000
20278.731	47	17	0.0834	40.8000	17.5000
20294.099	48	17	0.0835	40.8000	17.5000
20309.468	49	17	0.0836	40.8000	17.5000
20324.836	50	17	0.0836	40.8000	17.5000
20340.205	51	17	0.0837	40.8000	17.5000
20355.574	52	17	0.0838	40.8000	17.5000
20370.942	53	17	0.0839	40.8000	17.5000
20386.311	54	17	0.0839	40.8000	17.5000
20401.679	55	17	0.0840	40.8000	17.5000
20417.048	56	17	0.0841	40.8000	17.5000
20432.416	57	17	0.0842	40.8000	17.5000
20447.785	58	17	0.0843	40.8000	17.5000
20463.153	59	17	0.0843	40.8000	17.5000
20478.522	60	17	0.0844	40.8000	17.5000
20493.891	61	17	0.0845	40.8000	17.5000
20502.354	60	17	0.0846	40.8000	17.5000
20595.582	59	17	0.0851	40.8000	17.5000
20595.582	58	17	0.0851	40.8000	17.5000
20638.946	57	17	0.0853	40.8000	17.5000
20782.572	56	17	0.0861	40.8000	17.5000
20782.572	55	17	0.0861	40.8000	17.5000
20877.387	54	17	0.0866	40.8000	17.5000
20877.387	53	17	0.0866	40.8000	17.5000
20900.748	52	17	0.0867	40.8000	17.5000
20950.052	51	17	0.0870	40.8000	17.5000
21046.564	50	17	0.0874	40.8000	17.5000
21164.676	49	17	0.0880	40.8000	17.5000
21164.676	48	17	0.0880	40.8000	17.5000
21164.676	47	17	0.0880	40.8000	17.5000
21216.021	46	17	0.0882	40.8000	17.5000
21220.649	45	17	0.0883	40.8000	17.5000
21294.558	44	17	0.0886	40.8000	17.5000
21839.954	43	17	0.0908	40.8000	20.0000
21902.485	42	17	0.0911	40.8000	20.0000
22229.901	41	17	0.0924	40.8000	20.0000
22264.204	40	17	0.0925	40.8000	20.0000
22420.435	39	17	0.0931	40.8000	20.0000
22420.435	38	17	0.0931	40.8000	20.0000
22998.932	39	17	0.0952	40.8000	20.0000
23018.039	40	17	0.0953	40.8000	20.0000
23037.147	41	17	0.0954	40.8000	20.0000
23056.254	42	17	0.0954	40.8000	20.0000
23075.361	43	17	0.0955	40.8000	20.0000
23094.469	44	17	0.0956	40.8000	20.0000
23107.080	45	17	0.0956	40.8000	20.0000
23119.692	46	17	0.0957	40.8000	20.0000
23132.303	47	17	0.0958	40.8000	20.0000
23144.915	48	17	0.0958	40.8000	20.0000
23157.526	49	17	0.0959	40.8000	20.0000
23170.137	50	17	0.0959	40.8000	20.0000
23182.749	51	17	0.0960	40.8000	20.0000
23195.360	52	17	0.0960	40.8000	20.0000
23207.972	53	17	0.0961	40.8000	20.0000
23220.583	54	17	0.0962	40.8000	20.0000
23233.194	55	17	0.0962	40.8000	20.0000
23245.806	56	17	0.0963	40.8000	20.0000
23258.417	57	17	0.0964	40.8000	20.0000
23271.029	58	17	0.0964	40.8000	20.0000
23283.640	59	17	0.0965	40.8000	20.0000
23296.251	60	17	0.0966	40.8000	20.0000
23308.863	61	17	0.0966	40.8000	20.0000
23321.474	62	17	0.0967	40.8000	20.0000
23334.086	63	17	0.0968	40.8000	20.0000
23346.697	64	17	0.0969	40.8000	20.0000
23351.818	63	17	0.0969	40.8000	20.0000
23365.561	62	17	0.0970	40.8000	20.0000
23498.429	61	17	0.0978	40.8000	20.0000
23652.498	60	17	0.0987	40.8000	20.0000
23699.399	59	17	0.0989	40.8000	20.0000
23746.321	58	17	0.0992	40.8000	20.0000
23854.707	57	17	0.0998	40.8000	20.0000
23892.664	56	17	0.1000	40.8000	20.0000
24086.261	55	17	0.1010	40.8000	20.0000
24086.261	54	17	0.1010	40.8000	20.0000
24086.261	53	17	0.1010	40.8000	20.0000
24086.261	52	17	0.1010	40.8000	20.0000
24102.630	51	17	0.1011	40.8000	20.0000
24153.130	50	17	0.1013	40.8000	20.0000
24311.802	49	17	0.1021	40.8000	20.0000
24609.853	48	17	0.1035	40.8000	20.0000
24655.071	47	17	0.1037	40.8000	20.0000
24827.944	46	17	0.1045	40.8000	20.0000
24827.944	45	17	0.1045	40.8000	20.0000
24841.040	44	17	0.1045	40.8000	20.0000
25109.998	43	17	0.1056	40.8000	20.0000
25109.998	42	17	0.1056	40.8000	20.0000
25109.998	41	17	0.1056	40.8000	20.0000
25109.998	40	17	0.1056	40.8000	20.0000
25109.998	39	17	0.1056	40.8000	20.0000
25109.998	38	17	0.1056	40.8000	20.0000
25430.698	37	17	0.1068	40.8000	22.5000
25803.220	36	17	0.1081	40.8000	22.5000
25834.188	35	17	0.1082	40.8000	22.5000
26065.768	34	17	0.1090	40.8000	22.5000
26065.768	33	17	0.1090	40.8000	22.5000
26065.768	32	17	0.1090	40.8000	22.5000
26065.768	31	17	0.1090	40.8000	22.5000
26074.504	30	17	0.1090	40.8000	22.5000
26085.775	31	17	0.1090	40.8000	22.5000
26097.045	32	17	0.1091	40.8000	22.5000
26108.316	33	17	0.1091	40.8000	22.5000
26119.586	34	17	0.1091	40.8000	22.5000
26130.857	35	17	0.1092	40.8000	22.5000
26142.127	36	17	0.1092	40.8000	22.5000
26153.397	37	17	0.1093	40.8000	22.5000
26164.668	38	17	0.1093	40.8000	22.5000
26175.938	39	17	0.1093	40.8000	22.5000
26187.209	40	17	0.1094	40.8000	22.5000
26198.479	41	17	0.1094	40.8000	22.5000
26209.750	42	17	0.1095	40.8000	22.5000
26221.020	43	17	0.1095	40.8000	22.5000
26232.290	44	17	0.1096	40.8000	22.5000
26243.561	45	17	0.1096	40.8000	22.5000
26254.831	46	17	0.1096	40.8000	22.5000
26266.102	47	17	0.1097	40.8000	22.5000
26277.372	48	17	0.1097	40.8000	22.5000
26288.643	49	17	0.1098	40.8000	22.5000
26299.913	50	17	0.1098	40.8000	22.5000
26334.655	51	17	0.1100	40.8000	22.5000
26351.758	52	17	0.1101	40.8000	22.5000
26368.861	53	17	0.1102	40.8000	22.5000
26385.964	54	17	0.1103	40.8000	22.5000
26403.068	55	17	0.1104	40.8000	22.5000
26420.171	56	17	0.1104	40.8000	22.5000
26437.274	57	17	0.1105	40.8000	22.5000
26454.378	58	17	0.1106	40.8000	22.5000
26471.481	59	17	0.1107	40.8000	22.5000
26488.584	60	17	0.1108	40.8000	22.5000
26505.687	61	17	0.1109	40.8000	22.5000
26522.791	62	17	0.1110	40.8000	22.5000
26530.347	61	17	0.1111	40.8000	22.5000
26530.347	60	17	0.1111	40.8000	22.5000
26530.347	59	17	0.1111	40.8000	22.5000
26561.132	58	17	0.1112	40.8000	22.5000
26599.186	57	17	0.1114	40.8000	22.5000
26704.276	56	17	0.1120	40.8000	22.5000
26724.687	55	17	0.1121	40.8000	22.5000
26910.181	54	17	0.1131	40.8000	22.5000
27046.285	53	17	0.1138	40.8000	25.0000
27215.409	54	17	0.1146	40.8000	25.0000
27225.677	55	17	0.1147	40.8000	25.0000
27235.945	56	17	0.1147	40.8000	25.0000
27246.212	57	17	0.1148	40.8000	25.0000
27256.480	58	17	0.1149	40.8000	25.0000
27266.748	59	17	0.1149	40.8000	25.0000
27277.016	60	17	0.1150	40.8000	25.0000
27287.283	61	17	0.1150	40.8000	25.0000
27297.551	62	17	0.1151	40.8000	25.0000
27307.819	63	17	0.1151	40.8000	25.0000
27318.086	64	17	0.1152	40.8000	25.0000
27328.354	65	17	0.1153	40.8000	25.0000
27338.622	66	17	0.1153	40.8000	25.0000
27348.890	67	17	0.1154	40.8000	25.0000
27359.157	68	17	0.1155	40.8000	25.0000
27369.425	69	17	0.1155	40.8000	25.0000
27613.140	68	17	0.1171	40.8000	25.0000
27613.140	67	17	0.1171	40.8000	25.0000
27942.728	66	17	0.1192	40.8000	25.0000
27942.728	65	17	0.1192	40.8000	25.0000
27942.728	64	17	0.1192	40.8000	25.0000
27942.728	63	17	0.1192	40.8000	25.0000
28131.179	62	17	0.1203	40.8000	25.0000
28158.715	61	17	0.1205	40.8000	25.0000
28252.789	60	17	0.1211	40.8000	25.0000
28252.789	59	17	0.1211	40.8000	25.0000
28252.789	58	17	0.1211	40.8000	25.0000
28522.197	57	17	0.1225	40.8000	25.0000
28688.319	56	17	0.1234	40.8000	25.0000
28999.760	55	17	0.1251	40.8000	25.0000
28999.760	54	17	0.1251	40.8000	25.0000
29049.864	53	17	0.1253	40.8000	25.0000
29256.122	52	17	0.1264	40.8000	25.0000
29355.446	51	17	0.1269	40.8000	25.0000
29427.369	50	17	0.1272	40.8000	25.0000
29443.645	49	17	0.1273	40.8000	25.0000
29611.901	48	17	0.1281	40.8000	25.0000
29611.901	47	17	0.1281	40.8000	25.0000
29611.901	46	17	0.1281	40.8000	25.0000
29611.901	45	17	0.1281	40.8000	25.0000
29611.901	44	17	0.1281	40.8000	25.0000
29630.050	43	17	0.1282	40.8000	25.0000
29710.926	42	17	0.1285	40.8000	25.0000
29739.071	41	17	0.1286	40.8000	25.0000
29995.012	40	17	0.1296	40.8000	25.0000
30104.774	39	17	0.1300	40.8000	25.0000
30170.748	38	17	0.1303	40.8000	25.0000
30213.733	37	17	0.1304	40.8000	25.0000
30213.733	36	17	0.1304	40.8000	25.0000
30317.799	35	17	0.1308	40.8000	25.0000
30317.799	34	17	0.1308	40.8000	25.0000
30373.554	33	17	0.1309	40.8000	25.0000
30529.999	32	17	0.1314	40.8000	25.0000
30529.999	31	17	0.1314	40.8000	25.0000
30529.999	30	17	0.1314	40.8000	25.0000
30529.999	29	17	0.1314	40.8000	25.0000
30529.999	28	17	0.1314	40.8000	25.0000
30529.999	27	17	0.1314	40.8000	25.0000
30529.999	26	17	0.1314	40.8000	25.0000
30531.772	25	17	0.1314	40.8000	25.0000
30531.772	24	17	0.1314	40.8000	25.0000
30686.454	23	17	0.1318	40.8000	27.5000
30686.454	22	17	0.1318	40.8000	27.5000
30837.684	21	17	0.1321	40.8000	27.5000
30882.664	20	17	0.1322	40.8000	27.5000
30936.723	21	17	0.1323	40.8000	27.5000
30947.833	22	17	0.1323	40.8000	27.5000
30954.701	21	17	0.1323	40.8000	27.5000
30958.942	22	17	0.1323	40.8000	27.5000
30970.051	23	17	0.1324	40.8000	27.5000
30981.161	24	17	0.1324	40.8000	27.5000
30992.270	25	17	0.1324	40.8000	27.5000
31003.379	26	17	0.1324	40.8000	27.5000
31014.489	27	17	0.1325	40.8000	27.5000
31025.598	28	17	0.1325	40.8000	27.5000
31036.707	29	17	0.1325	40.8000	27.5000
31047.817	30	17	0.1326	40.8000	27.5000
31058.926	31	17	0.1326	40.8000	27.5000
31070.036	32	17	0.1326	40.8000	27.5000
31081.145	33	17	0.1327	40.8000	27.5000
31092.254	34	17	0.1327	40.8000	27.5000
31103.364	35	17	0.1327	40.8000	27.5000
31114.473	36	17	0.1328	40.8000	27.5000
31125.582	37	17	0.1328	40.8000	27.5000
31136.692	38	17	0.1328	40.8000	27.5000
31147.801	39	17	0.1329	40.8000	27.5000
31179.652	38	17	0.1330	40.8000	27.5000
31179.652	37	17	0.1330	40.8000	27.5000
31322.807	36	17	0.1335	40.8000	27.5000
31322.807	35	17	0.1335	40.8000	27.5000
31381.737	34	17	0.1337	40.8000	27.5000
31523.492	35	17	0.1342	40.8000	27.5000
31536.681	36	17	0.1342	40.8000	27.5000
31537.762	35	17	0.1342	40.8000	27.5000
31549.870	36	17	0.1342	40.8000	27.5000
31563.060	37	17	0.1343	40.8000	27.5000
31576.249	38	17	0.1343	40.8000	27.5000
31589.438	39	17	0.1344	40.8000	27.5000
31589.445	38	17	0.1344	40.8000	27.5000
31601.518	39	17	0.1344	40.8000	27.5000
31613.597	40	17	0.1345	40.8000	27.5000
31625.676	41	17	0.1345	40.8000	27.5000
31637.755	42	17	0.1346	40.8000	27.5000
31649.835	43	17	0.1346	40.8000	27.5000
31661.914	44	17	0.1347	40.8000	27.5000
31673.993	45	17	0.1347	40.8000	27.5000
31686.072	46	17	0.1348	40.8000	27.5000
31698.152	47	17	0.1348	40.8000	27.5000
31710.231	48	17	0.1349	40.8000	27.5000
31722.310	49	17	0.1349	40.8000	27.5000
31734.389	50	17	0.1350	40.8000	27.5000
31746.468	51	17	0.1350	40.8000	27.5000
31758.548	52	17	0.1351	40.8000	27.5000
31770.627	53	17	0.1352	40.8000	27.5000
31782.706	54	17	0.1352	40.8000	27.5000
31794.785	55	17	0.1353	40.8000	27.5000
31806.865	56	17	0.1353	40.8000	27.5000
31818.944	57	17	0.1354	40.8000	27.5000
31831.023	58	17	0.1355	40.8000	27.5000
31871.476	57	17	0.1357	40.8000	27.5000
31928.267	56	17	0.1360	40.8000	27.5000
31928.267	55	17	0.1360	40.8000	27.5000
31928.267	54	17	0.1360	40.8000	27.5000
31928.267	53	17	0.1360	40.8000	27.5000
31928.267	52	17	0.1360	40.8000	27.5000
32049.813	51	17	0.1366	40.8000	27.5000
32049.813	50	17	0.1366	40.8000	27.5000
32049.813	49	17	0.1366	40.8000	27.5000
32049.813	48	17	0.1366	40.8000	27.5000
32133.257	47	17	0.1370	40.8000	27.5000
32133.257	46	17	0.1370	40.8000	27.5000
32193.772	45	17	0.1372	40.8000	27.5000
32203.105	44	17	0.1373	40.8000	27.5000
32279.036	43	17	0.1376	40.8000	27.5000
32279.036	42	17	0.1376	40.8000	27.5000
32322.182	41	17	0.1378	40.8000	27.5000
32370.768	40	17	0.1380	40.8000	27.5000
32370.768	39	17	0.1380	40.8000	27.5000
32432.281	38	17	0.1382	40.8000	30.0000
32552.644	37	17	0.1386	40.8000	30.0000
32655.965	36	17	0.1390	40.8000	30.0000
32714.479	35	17	0.1392	40.8000	30.0000
32749.017	34	17	0.1393	40.8000	30.0000
32884.384	33	17	0.1397	40.8000	30.0000
32948.307	32	17	0.1399	40.8000	30.0000
33128.200	31	17	0.1405	40.8000	30.0000
33128.200	30	17	0.1405	40.8000	30.0000
33128.200	29	17	0.1405	40.8000	30.0000
33192.185	28	17	0.1407	40.8000	30.0000
33233.234	27	17	0.1408	40.8000	30.0000
33233.234	26	17	0.1408	40.8000	30.0000
33332.902	25	17	0.1410	40.8000	30.0000
33332.902	24	17	0.1410	40.8000	30.0000
33427.376	23	17	0.1412	40.8000	30.0000
33427.376	22	17	0.1412	40.8000	30.0000
33427.376	21	17	0.1412	40.8000	30.0000
33470.383	20	17	0.1413	40.8000	30.0000
33470.383	19	17	0.1413	40.8000	30.0000
33512.671	18	17	0.1414	40.8000	30.0000
33512.671	17	17	0.1414	40.8000	30.0000
33583.720	16	17	0.1415	40.8000	30.0000
33583.720	15	17	0.1415	40.8000	30.0000
33752.002	14	17	0.1417	40.8000	30.0000
33831.797	13	17	0.1419	40.8000	30.0000
33901.584	12	17	0.1419	40.8000	30.0000
34003.865	11	17	0.1421	40.8000	30.0000
34142.851	10	17	0.1422	40.8000	30.0000
34145.667	11	17	0.1422	40.8000	30.0000
34157.166	12	17	0.1422	40.8000	30.0000
34168.665	13	17	0.1422	40.8000	30.0000
34180.164	14	17	0.1422	40.8000	30.0000
34191.663	15	17	0.1423	40.8000	30.0000
34203.162	16	17	0.1423	40.8000	30.0000
34214.662	17	17	0.1423	40.8000	30.0000
34226.161	18	17	0.1423	40.8000	30.0000
34237.660	19	17	0.1423	40.8000	30.0000
34245.298	18	17	0.1423	40.8000	30.0000
34249.159	19	17	0.1424	40.8000	30.0000
34260.658	20	17	0.1424	40.8000	30.0000
34264.103	19	17	0.1424	40.8000	30.0000
34298.373	18	17	0.1424	40.8000	30.0000
34298.373	17	17	0.1424	40.8000	30.0000
34345.593	18	17	0.1425	40.8000	30.0000
34363.795	19	17	0.1425	40.8000	30.0000
34381.997	20	17	0.1426	40.8000	30.0000
34392.023	19	17	0.1426	40.8000	30.0000
34400.199	20	17	0.1426	40.8000	30.0000
34418.401	21	17	0.1427	40.8000	30.0000
34435.649	20	17	0.1427	40.8000	30.0000
34436.603	21	17	0.1427	40.8000	30.0000
34454.805	22	17	0.1427	40.8000	30.0000
34473.007	23	17	0.1428	40.8000	30.0000
34491.209	24	17	0.1428	40.8000	30.0000
34509.411	25	17	0.1428	40.8000	30.0000
34527.613	26	17	0.1429	40.8000	30.0000
34545.815	27	17	0.1429	40.8000	30.0000
34564.017	28	17	0.1430	40.8000	30.0000
34582.219	29	17	0.1430	40.8000	30.0000
34600.421	30	17	0.1431	40.8000	30.0000
34618.623	31	17	0.1431	40.8000	30.0000
34636.825	32	17	0.1432	40.8000	30.0000
34655.027	33	17	0.1432	40.8000	30.0000
34673.229	34	17	0.1433	40.8000	30.0000
34691.431	35	17	0.1434	40.8000	30.0000
34915.072	34	17	0.1441	40.8000	30.0000
34915.072	33	17	0.1441	40.8000	30.0000
34915.072	32	17	0.1441	40.8000	30.0000
34915.072	31	17	0.1441	40.8000	30.0000
35023.512	30	17	0.1444	40.8000	30.0000
35084.450	29	17	0.1446	40.8000	30.0000
35181.653	28	17	0.1449	40.8000	30.0000
35238.816	27	17	0.1450	40.8000	30.0000
35327.359	26	17	0.1452	40.8000	30.0000
35338.925	25	17	0.1453	40.8000	30.0000
35342.278	24	17	0.1453	40.8000	30.0000
35459.631	23	17	0.1455	40.8000	30.0000
35557.750	22	17	0.1458	40.8000	30.0000
35557.750	21	17	0.1458	40.8000	30.0000
35611.620	20	17	0.1459	40.8000	30.0000
35636.723	19	17	0.1459	40.8000	30.0000
35636.723	18	17	0.1459	40.8000	30.0000
35636.723	17	17	0.1459	40.8000	30.0000
35662.205	16	17	0.1459	40.8000	30.0000
36026.457	15	17	0.1465	40.8000	32.5000
36233.309	14	17	0.1468	40.8000	32.5000
36351.319	13	17	0.1470	40.8000	32.5000
36425.373	12	17	0.1470	40.8000	32.5000
36602.973	11	17	0.1472	40.8000	32.5000
36614.035	10	17	0.1473	40.8000	32.5000
36655.912	9	17	0.1473	40.8000	32.5000
36655.912	8	17	0.1473	40.8000	32.5000
36722.610	7	17	0.1473	40.8000	32.5000
36907.852	6	17	0.1475	40.8000	32.5000
36987.323	5	17	0.1475	40.8000	32.5000
36987.323	4	17	0.1475	40.8000	32.5000
36987.323	3	17	0.1475	40.8000	32.5000
37022.033	2	17	0.1475	40.8000	32.5000
37086.330	1	17	0.1475	40.8000	32.5000
37131.814	0	17	0.1475	40.8000	32.5000
37131.814	0	18	0.1475	43.2000	32.5000
37131.814	0	19	0.1475	45.6000	32.5000
37167.503	0	20	0.1475	48.0000	32.5000
37296.659	1	20	0.1475	48.0000	32.5000
37316.176	2	20	0.1475	48.0000	32.5000
37335.692	3	20	0.1475	48.0000	32.5000
37355.208	4	20	0.1476	48.0000	32.5000
37374.725	5	20	0.1476	48.0000	32.5000
37394.241	6	20	0.1476	48.0000	32.5000
37396.160	5	20	0.1476	48.0000	32.5000
37413.757	6	20	0.1476	48.0000	32.5000
37433.274	7	20	0.1476	48.0000	32.5000
37452.790	8	20	0.1476	48.0000	32.5000
37472.307	9	20	0.1476	48.0000	32.5000
37491.823	10	20	0.1476	48.0000	32.5000
37511.339	11	20	0.1477	48.0000	32.5000
37530.856	12	20	0.1477	48.0000	32.5000
37542.535	11	20	0.1477	48.0000	32.5000
37542.535	10	20	0.1477	48.0000	32.5000
37542.535	9	20	0.1477	48.0000	32.5000
37550.372	10	20	0.1477	48.0000	32.5000
37569.889	11	20	0.1477	48.0000	32.5000
37589.405	12	20	0.1477	48.0000	32.5000
37596.709	11	20	0.1477	48.0000	32.5000
37608.921	12	20	0.1478	48.0000	32.5000
37627.084	11	20	0.1478	48.0000	32.5000
37628.438	12	20	0.1478	48.0000	32.5000
37647.954	13	20	0.1478	48.0000	32.5000
37667.470	14	20	0.1478	48.0000	32.5000
37682.753	15	20	0.1478	48.0000	32.5000
37691.147	16	20	0.1479	48.0000	32.5000
37699.542	17	20	0.1479	48.0000	32.5000
37707.937	18	20	0.1479	48.0000	32.5000
37716.332	19	20	0.1479	48.0000	32.5000
37724.726	20	20	0.1479	48.0000	32.5000
37733.121	21	20	0.1479	48.0000	32.5000
37741.516	22	20	0.1479	48.0000	32.5000
37749.911	23	20	0.1480	48.0000	32.5000
37758.305	24	20	0.1480	48.0000	32.5000
37766.700	25	20	0.1480	48.0000	32.5000
37775.095	26	20	0.1480	48.0000	32.5000
37783.490	27	20	0.1480	48.0000	32.5000
37791.884	28	20	0.1481	48.0000	32.5000
37800.279	29	20	0.1481	48.0000	32.5000
37808.674	30	20	0.1481	48.0000	32.5000
37817.069	31	20	0.1481	48.0000	32.5000
37825.463	32	20	0.1482	48.0000	32.5000
37833.858	33	20	0.1482	48.0000	32.5000
37842.253	34	20	0.1482	48.0000	32.5000
37849.396	35	20	0.1482	48.0000	32.5000
37856.540	36	20	0.1483	48.0000	32.5000
37863.684	37	20	0.1483	48.0000	32.5000
37870.827	38	20	0.1483	48.0000	32.5000
37871.060	37	20	0.1483	48.0000	32.5000
37871.060	36	20	0.1483	48.0000	32.5000
37877.971	37	20	0.1483	48.0000	32.5000
37885.114	38	20	0.1484	48.0000	32.5000
37892.258	39	20	0.1484	48.0000	32.5000
37899.402	40	20	0.1484	48.0000	32.5000
37903.147	39	20	0.1484	48.0000	32.5000
37906.545	40	20	0.1484	48.0000	32.5000
37913.689	41	20	0.1485	48.0000	32.5000
37920.832	42	20	0.1485	48.0000	32.5000
37927.976	43	20	0.1485	48.0000	32.5000
37935.119	44	20	0.1485	48.0000	32.5000
37942.263	45	20	0.1486	48.0000	32.5000
38035.287	44	20	0.1490	48.0000	32.5000
38139.044	43	20	0.1494	48.0000	32.5000
38139.044	42	20	0.1494	48.0000	32.5000
38166.187	41	20	0.1495	48.0000	32.5000
38178.572	40	20	0.1496	48.0000	32.5000
38326.786	39	20	0.1501	48.0000	32.5000
38579.557	38	20	0.1511	48.0000	32.5000
38719.762	37	20	0.1516	48.0000	32.5000
38793.290	36	20	0.1518	48.0000	32.5000
38793.290	35	20	0.1518	48.0000	32.5000
38849.819	34	20	0.1520	48.0000	32.5000
38849.819	33	20	0.1520	48.0000	32.5000
38858.609	32	20	0.1520	48.0000	32.5000
38902.885	31	20	0.1522	48.0000	32.5000
39133.438	30	20	0.1529	48.0000	32.5000
39133.438	29	20	0.1529	48.0000	32.5000
39243.148	28	20	0.1532	48.0000	32.5000
39243.148	27	20	0.1532	48.0000	32.5000
39257.105	26	20	0.1532	48.0000	32.5000
39280.266	25	20	0.1532	48.0000	32.5000
39316.674	24	20	0.1533	48.0000	32.5000
39490.790	23	20	0.1537	48.0000	32.5000
39506.748	22	20	0.1538	48.0000	32.5000
39506.967	21	20	0.1538	48.0000	32.5000
39576.460	20	20	0.1539	48.0000	32.5000
39576.460	19	20	0.1539	48.0000	32.5000
39576.460	18	20	0.1539	48.0000	32.5000
39644.365	17	20	0.1540	48.0000	35.0000
39929.768	16	20	0.1545	48.0000	35.0000
39929.768	15	20	0.1545	48.0000	35.0000
39929.768	14	20	0.1545	48.0000	35.0000
39929.768	13	20	0.1545	48.0000	35.0000
39929.768	12	20	0.1545	48.0000	35.0000
39929.768	11	20	0.1545	48.0000	35.0000
39942.549	10	20	0.1545	48.0000	35.0000
40074.728	9	20	0.1546	48.0000	35.0000
40074.728	8	20	0.1546	48.0000	35.0000
40074.728	7	20	0.1546	48.0000	35.0000
40232.323	6	20	0.1547	48.0000	35.0000
40395.148	5	20	0.1548	48.0000	35.0000
40395.148	4	20	0.1548	48.0000	35.0000
40426.423	3	20	0.1548	48.0000	35.0000
40501.923	2	20	0.1548	48.0000	35.0000
40501.923	1	20	0.1548	48.0000	35.0000
40522.567	2	20	0.1548	48.0000	35.0000
40530.073	3	20	0.1549	48.0000	35.0000
40535.329	2	20	0.1549	48.0000	35.0000
40537.579	3	20	0.1549	48.0000	35.0000
40545.085	4	20	0.1549	48.0000	35.0000
40552.592	5	20	0.1549	48.0000	35.0000
40560.098	6	20	0.1549	48.0000	35.0000
40567.604	7	20	0.1549	48.0000	35.0000
40575.111	8	20	0.1549	48.0000	35.0000
40582.617	9	20	0.1549	48.0000	35.0000
40590.123	10	20	0.1549	48.0000	35.0000
40597.629	11	20	0.1549	48.0000	35.0000
40605.136	12	20	0.1549	48.0000	35.0000
40612.642	13	20	0.1549	48.0000	35.0000
40620.148	14	20	0.1549	48.0000	35.0000
40627.655	15	20	0.1549	48.0000	35.0000
40635.161	16	20	0.1549	48.0000	35.0000
40642.667	17	20	0.1549	48.0000	35.0000
40644.316	16	20	0.1550	48.0000	35.0000
40650.174	17	20	0.1550	48.0000	35.0000
40657.680	18	20	0.1550	48.0000	35.0000
40665.186	19	20	0.1550	48.0000	35.0000
40683.188	20	20	0.1550	48.0000	35.0000
40701.190	21	20	0.1551	48.0000	35.0000
40719.193	22	20	0.1551	48.0000	35.0000
40723.735	21	20	0.1551	48.0000	35.0000
40723.735	20	20	0.1551	48.0000	35.0000
40723.735	19	20	0.1551	48.0000	35.0000
40737.195	20	20	0.1551	48.0000	35.0000
40755.197	21	20	0.1552	48.0000	35.0000
40773.199	22	20	0.1552	48.0000	35.0000
40791.201	23	20	0.1552	48.0000	35.0000
40809.203	24	20	0.1553	48.0000	35.0000
40827.205	25	20	0.1553	48.0000	35.0000
40844.664	24	20	0.1553	48.0000	35.0000
40844.664	23	20	0.1553	48.0000	35.0000
40845.208	24	20	0.1554	48.0000	35.0000
40863.210	25	20	0.1554	48.0000	35.0000
40881.212	26	20	0.1554	48.0000	35.0000
40899.214	27	20	0.1555	48.0000	35.0000
40902.958	26	20	0.1555	48.0000	35.0000
40917.216	27	20	0.1555	48.0000	35.0000
40935.218	28	20	0.1556	48.0000	35.0000
40953.220	29	20	0.1556	48.0000	35.0000
40971.222	30	20	0.1557	48.0000	35.0000
40989.225	31	20	0.1557	48.0000	35.0000
40996.783	30	20	0.1557	48.0000	35.0000
41007.227	31	20	0.1558	48.0000	35.0000
41025.229	32	20	0.1558	48.0000	35.0000
41084.539	31	20	0.1560	48.0000	35.0000
41084.539	30	20	0.1560	48.0000	35.0000
41092.796	29	20	0.1560	48.0000	35.0000
41092.796	28	20	0.1560	48.0000	35.0000
41102.105	29	20	0.1561	48.0000	35.0000
41119.670	30	20	0.1561	48.0000	35.0000
41137.235	31	20	0.1562	48.0000	35.0000
41154.800	32	20	0.1562	48.0000	35.0000
41172.366	33	20	0.1563	48.0000	35.0000
41189.931	34	20	0.1563	48.0000	35.0000
41207.496	35	20	0.1564	48.0000	35.0000
41225.062	36	20	0.1564	48.0000	35.0000
41242.627	37	20	0.1565	48.0000	35.0000
41253.923	36	20	0.1565	48.0000	35.0000
41260.192	37	20	0.1565	48.0000	35.0000
41277.757	38	20	0.1566	48.0000	35.0000
41284.540	37	20	0.1566	48.0000	35.0000
41295.323	38	20	0.1567	48.0000	35.0000
41305.087	37	20	0.1567	48.0000	35.0000
41370.911	36	20	0.1569	48.0000	35.0000
41414.948	35	20	0.1571	48.0000	37.5000
41548.904	34	20	0.1575	48.0000	37.5000
41585.895	33	20	0.1577	48.0000	37.5000
41615.041	32	20	0.1577	48.0000	37.5000
41735.737	31	20	0.1581	48.0000	37.5000
41841.456	30	20	0.1584	48.0000	37.5000
41841.456	29	20	0.1584	48.0000	37.5000
42149.926	28	20	0.1593	48.0000	37.5000
42193.913	27	20	0.1594	48.0000	37.5000
42559.880	26	20	0.1603	48.0000	37.5000
42559.880	25	20	0.1603	48.0000	37.5000
42559.880	24	20	0.1603	48.0000	37.5000
42595.033	23	20	0.1604	48.0000	37.5000
42619.009	22	20	0.1605	48.0000	37.5000
42683.895	21	20	0.1606	48.0000	37.5000
42683.895	20	20	0.1606	48.0000	37.5000
42702.342	19	20	0.1606	48.0000	37.5000
42784.767	18	20	0.1608	48.0000	37.5000
42834.750	17	20	0.1609	48.0000	37.5000
43016.626	16	20	0.1612	48.0000	37.5000
43131.350	15	20	0.1613	48.0000	37.5000
43160.828	16	20	0.1614	48.0000	37.5000
43175.771	17	20	0.1614	48.0000	37.5000
43190.714	18	20	0.1614	48.0000	37.5000
43205.657	19	20	0.1614	48.0000	37.5000
43220.600	20	20	0.1615	48.0000	37.5000
43235.543	21	20	0.1615	48.0000	37.5000
43250.486	22	20	0.1615	48.0000	37.5000
43265.429	23	20	0.1616	48.0000	37.5000
43266.040	22	20	0.1616	48.0000	37.5000
43280.372	23	20	0.1616	48.0000	37.5000
43295.315	24	20	0.1616	48.0000	37.5000
43310.258	25	20	0.1617	48.0000	37.5000
43325.201	26	20	0.1617	48.0000	37.5000
43340.144	27	20	0.1617	48.0000	37.5000
43355.087	28	20	0.1618	48.0000	37.5000
43370.030	29	20	0.1618	48.0000	37.5000
43384.973	30	20	0.1618	48.0000	37.5000
43399.916	31	20	0.1619	48.0000	37.5000
43414.859	32	20	0.1619	48.0000	37.5000
43429.802	33	20	0.1620	48.0000	37.5000
43444.745	34	20	0.1620	48.0000	37.5000
43454.194	35	20	0.1621	48.0000	37.5000
43463.642	36	20	0.1621	48.0000	37.5000
43473.090	37	20	0.1621	48.0000	37.5000
43482.539	38	20	0.1622	48.0000	37.5000
43491.987	39	20	0.1622	48.0000	37.5000
43501.435	40	20	0.1622	48.0000	37.5000
43510.884	41	20	0.1623	48.0000	37.5000
43520.332	42	20	0.1623	48.0000	37.5000
43529.780	43	20	0.1623	48.0000	37.5000
43539.229	44	20	0.1624	48.0000	37.5000
43548.677	45	20	0.1624	48.0000	37.5000
43558.125	46	20	0.1625	48.0000	37.5000
43567.574	47	20	0.1625	48.0000	37.5000
43577.022	48	20	0.1625	48.0000	37.5000
