# s=45 S=60 h=0.0068 p=4.0000 c=2.5000
# time_s	level	cum_oos	holding_eur	shortage_eur	order_eur
0.000	60	0	0.0000	0.0000	0.0000
736.717	59	0	0.0070	0.0000	0.0000
736.717	58	0	0.0070	0.0000	0.0000
736.717	57	0	0.0070	0.0000	0.0000
979.467	56	0	0.0091	0.0000	0.0000
979.467	55	0	0.0091	0.0000	0.0000
979.467	54	0	0.0091	0.0000	0.0000
979.467	53	0	0.0091	0.0000	0.0000
979.467	52	0	0.0091	0.0000	0.0000
1098.663	51	0	0.0101	0.0000	0.0000
1523.922	50	0	0.0135	0.0000	0.0000
1635.873	49	0	0.0144	0.0000	0.0000
1787.692	48	0	0.0156	0.0000	0.0000
1787.692	47	0	0.0156	0.0000	0.0000
1901.533	46	0	0.0164	0.0000	0.0000
2331.209	45	0	0.0195	0.0000	0.0000
2514.124	44	0	0.0208	0.0000	0.0000
3043.386	43	0	0.0245	0.0000	0.0000
3148.019	42	0	0.0252	0.0000	0.0000
3148.019	41	0	0.0252	0.0000	0.0000
3215.541	40	0	0.0256	0.0000	0.0000
3497.677	39	0	0.0274	0.0000	0.0000
3621.357	40	0	0.0282	0.0000	2.5000
3952.567	41	0	0.0303	0.0000	2.5000
3966.363	42	0	0.0303	0.0000	2.5000
3980.158	43	0	0.0304	0.0000	2.5000
3993.954	44	0	0.0305	0.0000	2.5000
4007.749	45	0	0.0306	0.0000	2.5000
4021.545	46	0	0.0307	0.0000	2.5000
4035.340	47	0	0.0308	0.0000	2.5000
4049.136	48	0	0.0309	0.0000	2.5000
4062.931	49	0	0.0310	0.0000	2.5000
4076.727	50	0	0.0311	0.0000	2.5000
4090.522	51	0	0.0312	0.0000	2.5000
4104.318	52	0	0.0314	0.0000	2.5000
4118.113	53	0	0.0315	0.0000	2.5000
4131.909	54	0	0.0316	0.0000	2.5000
4145.704	55	0	0.0317	0.0000	2.5000
4159.500	56	0	0.0318	0.0000	2.5000
4173.295	57	0	0.0319	0.0000	2.5000
4187.091	58	0	0.0321	0.0000	2.5000
4200.886	59	0	0.0322	0.0000	2.5000
4214.682	60	0	0.0323	0.0000	2.5000
4287.928	59	0	0.0330	0.0000	2.5000
4287.928	58	0	0.0330	0.0000	2.5000
4326.990	57	0	0.0334	0.0000	2.5000
4537.473	56	0	0.0353	0.0000	2.5000
4654.530	55	0	0.0363	0.0000	2.5000
4654.530	54	0	0.0363	0.0000	2.5000
4654.530	53	0	0.0363	0.0000	2.5000
4781.221	52	0	0.0373	0.0000	2.5000
4781.221	51	0	0.0373	0.0000	2.5000
4866.289	50	0	0.0380	0.0000	2.5000
4992.384	49	0	0.0390	0.0000	2.5000
4992.384	48	0	0.0390	0.0000	2.5000
5273.283	47	0	0.0411	0.0000	2.5000
5274.890	46	0	0.0412	0.0000	2.5000
5566.833	45	0	0.0433	0.0000	2.5000
5648.590	44	0	0.0438	0.0000	2.5000
5688.837	43	0	0.0441	0.0000	2.5000
6153.991	42	0	0.0473	0.0000	2.5000
6235.233	41	0	0.0478	0.0000	2.5000
6235.233	40	0	0.0478	0.0000	2.5000
6262.581	39	0	0.0480	0.0000	2.5000
6280.125	38	0	0.0481	0.0000	2.5000
6280.125	37	0	0.0481	0.0000	2.5000
6350.672	36	0	0.0485	0.0000	2.5000
6430.930	35	0	0.0490	0.0000	2.5000
6656.259	34	0	0.0502	0.0000	2.5000
6657.278	33	0	0.0502	0.0000	2.5000
6731.666	32	0	0.0506	0.0000	2.5000
6731.666	31	0	0.0506	0.0000	2.5000
6958.269	30	0	0.0517	0.0000	2.5000
6958.269	29	0	0.0517	0.0000	2.5000
6994.869	28	0	0.0519	0.0000	2.5000
7047.926	27	0	0.0521	0.0000	2.5000
7063.077	26	0	0.0522	0.0000	2.5000
7166.827	25	0	0.0526	0.0000	2.5000
7299.872	24	0	0.0531	0.0000	5.0000
7347.336	23	0	0.0533	0.0000	5.0000
7485.607	22	0	0.0538	0.0000	5.0000
7485.607	21	0	0.0538	0.0000	5.0000
7485.607	20	0	0.0538	0.0000	5.0000
7664.927	19	0	0.0544	0.0000	5.0000
7817.454	18	0	0.0548	0.0000	5.0000
7847.859	19	0	0.0549	0.0000	5.0000
7861.636	20	0	0.0549	0.0000	5.0000
7875.413	21	0	0.0550	0.0000	5.0000
7889.190	22	0	0.0550	0.0000	5.0000
7902.967	23	0	0.0551	0.0000	5.0000
7916.743	24	0	0.0551	0.0000	5.0000
7930.520	25	0	0.0552	0.0000	5.0000
7944.297	26	0	0.0552	0.0000	5.0000
7958.074	27	0	0.0553	0.0000	5.0000
7971.851	28	0	0.0553	0.0000	5.0000
7985.627	29	0	0.0554	0.0000	5.0000
7988.940	28	0	0.0554	0.0000	5.0000
7999.404	29	0	0.0555	0.0000	5.0000
8013.181	30	0	0.0555	0.0000	5.0000
8014.059	29	0	0.0555	0.0000	5.0000
8014.059	28	0	0.0555	0.0000	5.0000
8026.958	29	0	0.0556	0.0000	5.0000
8040.735	30	0	0.0557	0.0000	5.0000
8054.512	31	0	0.0557	0.0000	5.0000
8068.288	32	0	0.0558	0.0000	5.0000
8082.065	33	0	0.0559	0.0000	5.0000
8095.842	34	0	0.0559	0.0000	5.0000
8109.619	35	0	0.0560	0.0000	5.0000
8132.886	34	0	0.0561	0.0000	5.0000
8146.585	35	0	0.0562	0.0000	5.0000
8160.283	36	0	0.0563	0.0000	5.0000
8173.982	37	0	0.0564	0.0000	5.0000
8187.680	38	0	0.0564	0.0000	5.0000
8189.931	37	0	0.0564	0.0000	5.0000
8201.379	38	0	0.0565	0.0000	5.0000
8215.077	39	0	0.0566	0.0000	5.0000
8228.776	40	0	0.0567	0.0000	5.0000
8237.812	39	0	0.0567	0.0000	5.0000
8242.475	40	0	0.0568	0.0000	5.0000
8256.173	41	0	0.0569	0.0000	5.0000
8269.872	42	0	0.0569	0.0000	5.0000
8283.570	43	0	0.0570	0.0000	5.0000
8297.269	44	0	0.0571	0.0000	5.0000
8310.967	45	0	0.0572	0.0000	5.0000
8324.666	46	0	0.0573	0.0000	5.0000
8338.365	47	0	0.0574	0.0000	5.0000
8359.278	46	0	0.0576	0.0000	5.0000
8431.879	45	0	0.0581	0.0000	5.0000
8605.104	44	0	0.0593	0.0000	5.0000
8643.527	43	0	0.0596	0.0000	5.0000
8643.527	42	0	0.0596	0.0000	5.0000
8674.704	41	0	0.0598	0.0000	5.0000
8674.704	40	0	0.0598	0.0000	5.0000
9002.294	39	0	0.0619	0.0000	7.5000
9021.395	38	0	0.0620	0.0000	7.5000
9092.405	37	0	0.0624	0.0000	7.5000
9122.141	36	0	0.0626	0.0000	7.5000
9190.921	35	0	0.0630	0.0000	7.5000
9476.463	34	0	0.0645	0.0000	7.5000
9486.662	33	0	0.0646	0.0000	7.5000
9570.349	32	0	0.0650	0.0000	7.5000
10307.346	31	0	0.0687	0.0000	7.5000
10343.491	30	0	0.0689	0.0000	7.5000
10356.797	31	0	0.0690	0.0000	7.5000
10370.103	32	0	0.0690	0.0000	7.5000
10383.408	33	0	0.0691	0.0000	7.5000
10396.714	34	0	0.0692	0.0000	7.5000
10410.020	35	0	0.0693	0.0000	7.5000
10414.576	34	0	0.0693	0.0000	7.5000
10423.326	35	0	0.0693	0.0000	7.5000
10436.631	36	0	0.0694	0.0000	7.5000
10444.214	35	0	0.0694	0.0000	7.5000
10444.214	34	0	0.0694	0.0000	7.5000
10449.937	35	0	0.0695	0.0000	7.5000
10463.243	36	0	0.0695	0.0000	7.5000
10476.548	37	0	0.0696	0.0000	7.5000
10489.854	38	0	0.0697	0.0000	7.5000
10503.160	39	0	0.0698	0.0000	7.5000
10516.466	40	0	0.0699	0.0000	7.5000
10529.771	41	0	0.0699	0.0000	7.5000
10543.077	42	0	0.0700	0.0000	7.5000
10556.383	43	0	0.0701	0.0000	7.5000
10569.688	44	0	0.0702	0.0000	7.5000
10582.994	45	0	0.0703	0.0000	7.5000
10596.300	46	0	0.0704	0.0000	7.5000
10609.606	47	0	0.0705	0.0000	7.5000
10768.018	46	0	0.0717	0.0000	7.5000
10912.262	45	0	0.0727	0.0000	7.5000
11144.506	44	0	0.0743	0.0000	7.5000
11303.647	43	0	0.0755	0.0000	7.5000
11447.938	42	0	0.0764	0.0000	7.5000
11462.127	41	0	0.0765	0.0000	7.5000
11570.014	40	0	0.0772	0.0000	7.5000
11570.014	39	0	0.0772	0.0000	7.5000
11570.014	38	0	0.0772	0.0000	7.5000
11570.014	37	0	0.0772	0.0000	7.5000
11757.375	36	0	0.0783	0.0000	7.5000
11792.713	35	0	0.0785	0.0000	7.5000
11943.235	34	0	0.0793	0.0000	7.5000
11943.235	33	0	0.0793	0.0000	7.5000
12190.124	32	0	0.0806	0.0000	7.5000
12190.124	31	0	0.0806	0.0000	7.5000
12190.124	30	0	0.0806	0.0000	7.5000
12190.124	29	0	0.0806	0.0000	7.5000
12190.124	28	0	0.0806	0.0000	7.5000
12190.124	27	0	0.0806	0.0000	7.5000
12190.124	26	0	0.0806	0.0000	7.5000
12252.880	25	0	0.0809	0.0000	7.5000
12353.585	24	0	0.0813	0.0000	7.5000
12372.258	23	0	0.0813	0.0000	7.5000
12503.338	22	0	0.0818	0.0000	7.5000
12503.338	21	0	0.0818	0.0000	7.5000
12503.338	20	0	0.0818	0.0000	7.5000
12588.146	19	0	0.0821	0.0000	7.5000
12595.047	18	0	0.0821	0.0000	7.5000
12761.165	17	0	0.0826	0.0000	10.0000
12761.165	16	0	0.0826	0.0000	10.0000
12761.165	15	0	0.0826	0.0000	10.0000
13003.891	14	0	0.0832	0.0000	10.0000
13003.891	13	0	0.0832	0.0000	10.0000
13018.068	12	0	0.0832	0.0000	10.0000
13102.469	11	0	0.0833	0.0000	10.0000
13215.849	10	0	0.0835	0.0000	10.0000
13215.849	9	0	0.0835	0.0000	10.0000
13261.856	8	0	0.0836	0.0000	10.0000
13316.441	7	0	0.0837	0.0000	10.0000
13355.419	6	0	0.0837	0.0000	10.0000
13357.014	5	0	0.0837	0.0000	10.0000
13400.842	4	0	0.0837	0.0000	10.0000
13400.842	3	0	0.0837	0.0000	10.0000
13678.526	2	0	0.0839	0.0000	10.0000
13678.526	1	0	0.0839	0.0000	10.0000
13901.088	2	0	0.0839	0.0000	10.0000
13911.149	3	0	0.0839	0.0000	10.0000
13921.209	4	0	0.0839	0.0000	10.0000
13931.270	5	0	0.0839	0.0000	10.0000
13941.330	6	0	0.0839	0.0000	10.0000
13951.391	7	0	0.0839	0.0000	10.0000
13961.452	8	0	0.0840	0.0000	10.0000
13971.512	9	0	0.0840	0.0000	10.0000
13981.573	10	0	0.0840	0.0000	10.0000
13991.633	11	0	0.0840	0.0000	10.0000
14001.694	12	0	0.0840	0.0000	10.0000
14011.755	13	0	0.0840	0.0000	10.0000
14021.815	14	0	0.0841	0.0000	10.0000
14031.876	15	0	0.0841	0.0000	10.0000
14041.936	16	0	0.0841	0.0000	10.0000
14051.997	17	0	0.0841	0.0000	10.0000
14062.057	18	0	0.0842	0.0000	10.0000
14072.118	19	0	0.0842	0.0000	10.0000
14082.179	20	0	0.0842	0.0000	10.0000
14092.239	21	0	0.0842	0.0000	10.0000
14116.555	20	0	0.0843	0.0000	10.0000
14116.555	19	0	0.0843	0.0000	10.0000
14116.555	18	0	0.0843	0.0000	10.0000
14117.902	19	0	0.0843	0.0000	10.0000
14128.725	20	0	0.0844	0.0000	10.0000
14146.081	21	0	0.0844	0.0000	10.0000
14163.437	22	0	0.0845	0.0000	10.0000
14171.633	21	0	0.0845	0.0000	10.0000
14180.794	22	0	0.0845	0.0000	10.0000
14198.150	23	0	0.0846	0.0000	10.0000
14211.936	22	0	0.0846	0.0000	10.0000
14211.936	21	0	0.0846	0.0000	10.0000
14215.506	22	0	0.0847	0.0000	10.0000
14232.862	23	0	0.0847	0.0000	10.0000
14250.219	24	0	0.0848	0.0000	10.0000
14267.575	25	0	0.0848	0.0000	10.0000
14284.931	26	0	0.0849	0.0000	10.0000
14302.288	27	0	0.0850	0.0000	10.0000
14319.644	28	0	0.0851	0.0000	10.0000
14337.000	29	0	0.0851	0.0000	10.0000
14354.356	30	0	0.0852	0.0000	10.0000
14371.713	31	0	0.0853	0.0000	10.0000
14389.069	32	0	0.0854	0.0000	10.0000
14406.425	33	0	0.0855	0.0000	10.0000
14423.782	34	0	0.0856	0.0000	10.0000
14441.138	35	0	0.0856	0.0000	10.0000
14458.494	36	0	0.0857	0.0000	10.0000
14475.850	37	0	0.0858	0.0000	10.0000
14643.883	36	0	0.0868	0.0000	10.0000
14643.883	35	0	0.0868	0.0000	10.0000
14643.883	34	0	0.0868	0.0000	10.0000
14659.992	33	0	0.0869	0.0000	10.0000
14729.425	32	0	0.0873	0.0000	10.0000
14835.103	31	0	0.0878	0.0000	10.0000
15135.308	30	0	0.0893	0.0000	10.0000
15173.993	29	0	0.0894	0.0000	10.0000
15289.229	28	0	0.0900	0.0000	10.0000
15408.765	27	0	0.0905	0.0000	10.0000
15457.432	26	0	0.0907	0.0000	10.0000
15458.007	25	0	0.0907	0.0000	10.0000
15680.968	24	0	0.0916	0.0000	10.0000
15680.968	23	0	0.0916	0.0000	10.0000
15680.968	22	0	0.0916	0.0000	10.0000
15680.968	21	0	0.0916	0.0000	10.0000
15680.968	20	0	0.0916	0.0000	10.0000
15680.968	19	0	0.0916	0.0000	10.0000
15680.968	18	0	0.0916	0.0000	10.0000
15705.479	17	0	0.0917	0.0000	10.0000
15705.479	16	0	0.0917	0.0000	10.0000
15745.855	15	0	0.0918	0.0000	10.0000
15922.926	14	0	0.0922	0.0000	10.0000
15954.294	13	0	0.0922	0.0000	10.0000
15954.294	12	0	0.0922	0.0000	10.0000
15999.642	11	0	0.0923	0.0000	10.0000
16102.540	10	0	0.0925	0.0000	10.0000
16360.579	9	0	0.0929	0.0000	12.5000
16360.579	8	0	0.0929	0.0000	12.5000
16360.579	7	0	0.0929	0.0000	12.5000
16360.579	6	0	0.0929	0.0000	12.5000
16360.579	5	0	0.0929	0.0000	12.5000
16387.670	4	0	0.0929	0.0000	12.5000
16601.625	3	0	0.0931	0.0000	12.5000
16601.625	2	0	0.0931	0.0000	12.5000
16649.605	1	0	0.0931	0.0000	12.5000
16813.525	0	0	0.0931	0.0000	12.5000
16846.556	0	1	0.0931	4.0000	12.5000
16909.434	0	2	0.0931	8.0000	12.5000
16981.055	0	3	0.0931	12.0000	12.5000
17084.263	0	4	0.0931	16.0000	12.5000
17154.091	0	5	0.0931	20.0000	12.5000
17168.621	1	5	0.0931	20.0000	12.5000
17183.150	2	5	0.0931	20.0000	12.5000
17197.680	3	5	0.0931	20.0000	12.5000
17212.209	4	5	0.0931	20.0000	12.5000
17226.738	5	5	0.0931	20.0000	12.5000
17241.268	6	5	0.0931	20.0000	12.5000
17255.797	7	5	0.0932	20.0000	12.5000
17270.327	8	5	0.0932	20.0000	12.5000
17284.856	9	5	0.0932	20.0000	12.5000
17299.386	10	5	0.0932	20.0000	12.5000
17313.915	11	5	0.0932	20.0000	12.5000
17328.444	12	5	0.0933	20.0000	12.5000
17342.974	13	5	0.0933	20.0000	12.5000
17349.513	12	5	0.0933	20.0000	12.5000
17349.513	11	5	0.0933	20.0000	12.5000
17349.513	10	5	0.0933	20.0000	12.5000
17349.513	9	5	0.0933	20.0000	12.5000
17357.503	10	5	0.0933	20.0000	12.5000
17372.033	11	5	0.0933	20.0000	12.5000
17386.562	12	5	0.0934	20.0000	12.5000
17401.092	13	5	0.0934	20.0000	12.5000
17415.621	14	5	0.0934	20.0000	12.5000
17427.494	13	5	0.0934	20.0000	12.5000
17430.150	14	5	0.0935	20.0000	12.5000
17444.680	15	5	0.0935	20.0000	12.5000
17445.942	14	5	0.0935	20.0000	12.5000
17458.846	13	5	0.0935	20.0000	12.5000
17464.369	12	5	0.0935	20.0000	12.5000
17495.627	11	5	0.0936	20.0000	12.5000
17529.375	10	5	0.0936	20.0000	12.5000
17547.644	11	5	0.0937	20.0000	12.5000
17565.913	12	5	0.0937	20.0000	12.5000
17584.182	13	5	0.0937	20.0000	12.5000
17602.452	14	5	0.0938	20.0000	12.5000
17618.719	13	5	0.0938	20.0000	12.5000
17620.721	14	5	0.0938	20.0000	12.5000
17638.990	15	5	0.0939	20.0000	12.5000
17657.260	16	5	0.0939	20.0000	12.5000
17675.529	17	5	0.0939	20.0000	12.5000
17680.347	16	5	0.0940	20.0000	12.5000
17693.798	17	5	0.0940	20.0000	12.5000
17712.068	18	5	0.0940	20.0000	12.5000
17730.337	19	5	0.0941	20.0000	12.5000
17748.606	20	5	0.0941	20.0000	12.5000
17766.876	21	5	0.0942	20.0000	12.5000
17785.145	22	5	0.0943	20.0000	12.5000
17803.414	23	5	0.0943	20.0000	12.5000
17821.683	24	5	0.0944	20.0000	12.5000
17839.953	25	5	0.0945	20.0000	12.5000
17858.222	26	5	0.0945	20.0000	12.5000
17875.016	25	5	0.0946	20.0000	12.5000
17875.016	24	5	0.0946	20.0000	12.5000
17875.016	23	5	0.0946	20.0000	12.5000
17875.016	22	5	0.0946	20.0000	12.5000
17876.491	23	5	0.0946	20.0000	12.5000
17894.761	24	5	0.0947	20.0000	12.5000
18005.433	23	5	0.0951	20.0000	12.5000
18036.230	22	5	0.0952	20.0000	12.5000
18051.313	23	5	0.0953	20.0000	12.5000
18066.397	24	5	0.0953	20.0000	12.5000
18081.481	25	5	0.0954	20.0000	12.5000
18096.565	26	5	0.0954	20.0000	12.5000
18111.649	27	5	0.0955	20.0000	12.5000
18119.299	26	5	0.0955	20.0000	12.5000
18119.299	25	5	0.0955	20.0000	12.5000
18126.732	26	5	0.0956	20.0000	12.5000
18141.816	27	5	0.0956	20.0000	12.5000
18146.766	26	5	0.0956	20.0000	12.5000
18156.900	27	5	0.0957	20.0000	12.5000
18171.984	28	5	0.0957	20.0000	12.5000
18187.068	29	5	0.0958	20.0000	12.5000
18245.088	28	5	0.0961	20.0000	12.5000
18344.397	27	5	0.0965	20.0000	12.5000
18655.453	26	5	0.0978	20.0000	12.5000
18655.453	25	5	0.0978	20.0000	12.5000
18655.453	24	5	0.0978	20.0000	12.5000
18655.453	23	5	0.0978	20.0000	12.5000
18655.453	22	5	0.0978	20.0000	12.5000
18846.375	21	5	0.0985	20.0000	12.5000
18846.375	20	5	0.0985	20.0000	12.5000
18901.524	19	5	0.0987	20.0000	12.5000
19073.408	18	5	0.0992	20.0000	12.5000
19127.613	17	5	0.0993	20.0000	12.5000
19244.021	16	5	0.0996	20.0000	12.5000
19306.423	15	5	0.0998	20.0000	12.5000
19419.722	14	5	0.1001	20.0000	12.5000
19419.722	13	5	0.1001	20.0000	12.5000
19477.763	12	5	0.1002	20.0000	12.5000
19477.763	11	5	0.1002	20.0000	12.5000
19604.909	10	5	0.1004	20.0000	12.5000
19878.509	9	5	0.1008	20.0000	15.0000
19878.509	8	5	0.1008	20.0000	15.0000
19878.509	7	5	0.1008	20.0000	15.0000
19903.689	6	5	0.1009	20.0000	15.0000
19903.689	5	5	0.1009	20.0000	15.0000
19973.405	4	5	0.1009	20.0000	15.0000
19973.405	3	5	0.1009	20.0000	15.0000
19973.405	2	5	0.1009	20.0000	15.0000
20233.583	1	5	0.1010	20.0000	15.0000
20502.354	0	5	0.1010	20.0000	15.0000
20595.582	0	6	0.1010	24.0000	15.0000
20876.702	0	7	0.1010	28.0000	15.0000
20895.929	0	8	0.1010	32.0000	15.0000
21046.564	0	9	0.1010	36.0000	15.0000
21164.676	0	10	0.1010	40.0000	15.0000
21164.676	0	11	0.1010	44.0000	15.0000
21216.021	0	12	0.1010	48.0000	15.0000
21216.021	0	13	0.1010	52.0000	15.0000
21216.021	0	14	0.1010	56.0000	15.0000
21220.649	0	15	0.1010	60.0000	15.0000
21220.649	0	16	0.1010	64.0000	15.0000
21234.030	1	16	0.1010	64.0000	15.0000
21252.039	2	16	0.1011	64.0000	15.0000
21270.048	3	16	0.1011	64.0000	15.0000
21288.056	4	16	0.1011	64.0000	15.0000
21306.065	5	16	0.1011	64.0000	15.0000
21324.074	6	16	0.1011	64.0000	15.0000
21342.083	7	16	0.1011	64.0000	15.0000
21360.092	8	16	0.1011	64.0000	15.0000
21365.720	7	16	0.1011	64.0000	15.0000
21365.720	6	16	0.1011	64.0000	15.0000
21378.101	7	16	0.1011	64.0000	15.0000
21396.110	8	16	0.1012	64.0000	15.0000
21414.118	9	16	0.1012	64.0000	15.0000
21432.127	10	16	0.1012	64.0000	15.0000
21450.136	11	16	0.1012	64.0000	15.0000
21468.145	12	16	0.1013	64.0000	15.0000
21486.154	13	16	0.1013	64.0000	15.0000
21504.163	14	16	0.1013	64.0000	15.0000
21522.172	15	16	0.1014	64.0000	15.0000
21540.180	16	16	0.1014	64.0000	15.0000
21558.189	17	16	0.1015	64.0000	15.0000
21576.198	18	16	0.1015	64.0000	15.0000
21590.198	19	16	0.1016	64.0000	15.0000
21604.198	20	16	0.1016	64.0000	15.0000
21618.198	21	16	0.1016	64.0000	15.0000
21632.198	22	16	0.1017	64.0000	15.0000
21646.197	23	16	0.1017	64.0000	15.0000
21660.197	24	16	0.1018	64.0000	15.0000
21674.197	25	16	0.1018	64.0000	15.0000
21688.197	26	16	0.1019	64.0000	15.0000
21702.197	27	16	0.1020	64.0000	15.0000
21716.197	28	16	0.1020	64.0000	15.0000
21730.197	29	16	0.1021	64.0000	15.0000
21744.197	30	16	0.1021	64.0000	15.0000
21758.196	31	16	0.1022	64.0000	15.0000
21772.196	32	16	0.1023	64.0000	15.0000
21786.196	33	16	0.1023	64.0000	15.0000
21800.196	34	16	0.1024	64.0000	15.0000
21814.196	35	16	0.1025	64.0000	15.0000
21828.196	36	16	0.1026	64.0000	15.0000
21839.954	35	16	0.1026	64.0000	15.0000
21842.196	36	16	0.1026	64.0000	15.0000
21856.196	37	16	0.1027	64.0000	15.0000
21863.441	38	16	0.1028	64.0000	15.0000
21870.687	39	16	0.1028	64.0000	15.0000
21877.932	40	16	0.1029	64.0000	15.0000
21885.178	41	16	0.1029	64.0000	15.0000
21892.423	42	16	0.1030	64.0000	15.0000
21899.669	43	16	0.1030	64.0000	15.0000
21906.914	44	16	0.1030	64.0000	15.0000
21914.160	45	16	0.1031	64.0000	15.0000
21921.406	46	16	0.1031	64.0000	15.0000
21928.651	47	16	0.1032	64.0000	15.0000
22010.030	46	16	0.1038	64.0000	15.0000
22010.030	45	16	0.1038	64.0000	15.0000
22054.867	44	16	0.1041	64.0000	15.0000
22054.867	43	16	0.1041	64.0000	15.0000
22054.867	42	16	0.1041	64.0000	15.0000
22102.218	41	16	0.1044	64.0000	15.0000
22102.218	40	16	0.1044	64.0000	15.0000
22161.549	39	16	0.1048	64.0000	15.0000
22229.901	38	16	0.1052	64.0000	15.0000
22264.204	37	16	0.1054	64.0000	15.0000
22841.320	36	16	0.1088	64.0000	15.0000
22965.527	35	16	0.1095	64.0000	15.0000
22984.919	34	16	0.1096	64.0000	15.0000
23190.166	33	16	0.1107	64.0000	15.0000
23357.742	32	16	0.1116	64.0000	15.0000
23365.561	31	16	0.1116	64.0000	15.0000
23365.561	30	16	0.1116	64.0000	15.0000
23498.429	29	16	0.1122	64.0000	17.5000
23498.429	28	16	0.1122	64.0000	17.5000
23498.429	27	16	0.1122	64.0000	17.5000
23574.383	28	16	0.1126	64.0000	17.5000
23582.395	29	16	0.1126	64.0000	17.5000
23590.408	30	16	0.1126	64.0000	17.5000
23598.420	31	16	0.1127	64.0000	17.5000
23606.433	32	16	0.1127	64.0000	17.5000
23614.445	33	16	0.1128	64.0000	17.5000
23622.457	34	16	0.1128	64.0000	17.5000
23630.470	35	16	0.1128	64.0000	17.5000
23638.482	36	16	0.1129	64.0000	17.5000
23646.494	37	16	0.1129	64.0000	17.5000
23652.498	36	16	0.1130	64.0000	17.5000
23652.498	35	16	0.1130	64.0000	17.5000
23652.498	34	16	0.1130	64.0000	17.5000
23770.619	35	16	0.1136	64.0000	17.5000
23779.591	36	16	0.1136	64.0000	17.5000
23788.562	37	16	0.1137	64.0000	17.5000
23797.534	38	16	0.1137	64.0000	17.5000
23806.505	39	16	0.1138	64.0000	17.5000
23815.477	40	16	0.1139	64.0000	17.5000
23824.448	41	16	0.1139	64.0000	17.5000
23833.420	42	16	0.1140	64.0000	17.5000
23842.392	43	16	0.1140	64.0000	17.5000
23851.363	44	16	0.1141	64.0000	17.5000
23860.335	45	16	0.1142	64.0000	17.5000
23869.306	46	16	0.1142	64.0000	17.5000
23878.278	47	16	0.1143	64.0000	17.5000
23887.249	48	16	0.1143	64.0000	17.5000
23896.221	49	16	0.1144	64.0000	17.5000
23905.192	50	16	0.1145	64.0000	17.5000
23914.164	51	16	0.1146	64.0000	17.5000
23923.136	52	16	0.1146	64.0000	17.5000
23932.107	53	16	0.1147	64.0000	17.5000
23941.079	54	16	0.1148	64.0000	17.5000
24086.261	53	16	0.1160	64.0000	17.5000
24086.261	52	16	0.1160	64.0000	17.5000
24086.261	51	16	0.1160	64.0000	17.5000
24311.802	50	16	0.1178	64.0000	17.5000
24446.190	49	16	0.1189	64.0000	17.5000
24655.071	48	16	0.1205	64.0000	17.5000
24655.071	47	16	0.1205	64.0000	17.5000
24655.071	46	16	0.1205	64.0000	17.5000
25200.418	45	16	0.1244	64.0000	17.5000
25207.276	44	16	0.1245	64.0000	17.5000
25430.698	43	16	0.1260	64.0000	17.5000
25430.698	42	16	0.1260	64.0000	17.5000
25603.296	41	16	0.1272	64.0000	17.5000
26065.768	40	16	0.1302	64.0000	17.5000
26065.768	39	16	0.1302	64.0000	17.5000
26074.504	38	16	0.1302	64.0000	17.5000
26317.551	37	16	0.1317	64.0000	17.5000
26452.111	36	16	0.1324	64.0000	17.5000
27046.285	35	16	0.1358	64.0000	20.0000
27331.602	34	16	0.1374	64.0000	20.0000
27374.669	33	16	0.1376	64.0000	20.0000
27385.586	34	16	0.1377	64.0000	20.0000
27401.748	35	16	0.1378	64.0000	20.0000
27417.909	36	16	0.1379	64.0000	20.0000
27434.070	37	16	0.1379	64.0000	20.0000
27448.093	38	16	0.1380	64.0000	20.0000
27462.117	39	16	0.1381	64.0000	20.0000
27476.140	40	16	0.1382	64.0000	20.0000
27490.163	41	16	0.1383	64.0000	20.0000
27495.625	40	16	0.1383	64.0000	20.0000
27504.186	41	16	0.1384	64.0000	20.0000
27518.209	42	16	0.1385	64.0000	20.0000
27532.232	43	16	0.1386	64.0000	20.0000
27546.255	44	16	0.1387	64.0000	20.0000
27560.278	45	16	0.1387	64.0000	20.0000
27574.301	46	16	0.1388	64.0000	20.0000
27588.325	47	16	0.1389	64.0000	20.0000
27602.348	48	16	0.1391	64.0000	20.0000
27613.140	47	16	0.1391	64.0000	20.0000
27616.371	48	16	0.1392	64.0000	20.0000
27630.394	49	16	0.1393	64.0000	20.0000
27644.417	50	16	0.1394	64.0000	20.0000
27658.440	51	16	0.1395	64.0000	20.0000
27660.980	50	16	0.1395	64.0000	20.0000
27672.463	51	16	0.1396	64.0000	20.0000
27686.486	52	16	0.1397	64.0000	20.0000
27700.510	53	16	0.1398	64.0000	20.0000
27714.533	54	16	0.1399	64.0000	20.0000
27797.610	53	16	0.1406	64.0000	20.0000
27867.028	52	16	0.1412	64.0000	20.0000
27985.558	51	16	0.1422	64.0000	20.0000
27985.558	50	16	0.1422	64.0000	20.0000
28082.932	49	16	0.1430	64.0000	20.0000
28082.932	48	16	0.1430	64.0000	20.0000
28082.932	47	16	0.1430	64.0000	20.0000
28380.044	46	16	0.1452	64.0000	20.0000
28522.197	45	16	0.1462	64.0000	20.0000
28522.197	44	16	0.1462	64.0000	20.0000
29256.122	43	16	0.1513	64.0000	22.5000
29256.122	42	16	0.1513	64.0000	22.5000
29327.069	41	16	0.1517	64.0000	22.5000
29355.446	40	16	0.1519	64.0000	22.5000
29427.369	39	16	0.1524	64.0000	22.5000
29460.303	38	16	0.1526	64.0000	22.5000
29611.901	37	16	0.1535	64.0000	22.5000
29611.901	36	16	0.1535	64.0000	22.5000
29627.341	37	16	0.1536	64.0000	22.5000
29646.995	38	16	0.1537	64.0000	22.5000
29666.648	39	16	0.1538	64.0000	22.5000
29686.301	40	16	0.1539	64.0000	22.5000
29705.955	41	16	0.1540	64.0000	22.5000
29710.926	40	16	0.1541	64.0000	22.5000
29725.608	41	16	0.1542	64.0000	22.5000
29745.261	42	16	0.1543	64.0000	22.5000
29764.915	43	16	0.1544	64.0000	22.5000
29769.334	42	16	0.1545	64.0000	22.5000
29784.568	43	16	0.1546	64.0000	22.5000
29804.221	44	16	0.1547	64.0000	22.5000
29823.875	45	16	0.1548	64.0000	22.5000
29843.528	46	16	0.1550	64.0000	22.5000
29863.181	47	16	0.1551	64.0000	22.5000
29882.835	48	16	0.1553	64.0000	22.5000
29902.488	49	16	0.1554	64.0000	22.5000
29922.142	50	16	0.1556	64.0000	22.5000
30021.868	49	16	0.1563	64.0000	22.5000
30170.748	48	16	0.1575	64.0000	22.5000
30213.733	47	16	0.1578	64.0000	22.5000
30317.799	46	16	0.1586	64.0000	22.5000
30317.799	45	16	0.1586	64.0000	22.5000
30453.170	44	16	0.1595	64.0000	22.5000
30529.999	43	16	0.1601	64.0000	22.5000
30529.999	42	16	0.1601	64.0000	22.5000
30531.772	41	16	0.1601	64.0000	22.5000
30686.454	40	16	0.1611	64.0000	25.0000
30686.454	39	16	0.1611	64.0000	25.0000
30806.754	38	16	0.1618	64.0000	25.0000
30806.754	37	16	0.1618	64.0000	25.0000
30954.701	36	16	0.1627	64.0000	25.0000
31179.652	35	16	0.1640	64.0000	25.0000
31179.652	34	16	0.1640	64.0000	25.0000
31179.652	33	16	0.1640	64.0000	25.0000
31322.807	32	16	0.1647	64.0000	25.0000
31322.807	31	16	0.1647	64.0000	25.0000
31352.807	30	16	0.1648	64.0000	25.0000
31381.737	29	16	0.1650	64.0000	25.0000
31494.190	28	16	0.1655	64.0000	25.0000
31510.302	27	16	0.1656	64.0000	25.0000
31640.204	26	16	0.1661	64.0000	25.0000
31766.985	25	16	0.1666	64.0000	25.0000
31766.985	24	16	0.1666	64.0000	25.0000
31766.985	23	16	0.1666	64.0000	25.0000
31909.828	22	16	0.1672	64.0000	25.0000
31928.267	21	16	0.1672	64.0000	25.0000
31928.267	20	16	0.1672	64.0000	25.0000
31941.082	19	16	0.1673	64.0000	25.0000
31988.699	18	16	0.1674	64.0000	25.0000
32003.157	17	16	0.1674	64.0000	25.0000
32019.831	16	16	0.1675	64.0000	25.0000
32049.813	15	16	0.1676	64.0000	25.0000
32133.257	14	16	0.1678	64.0000	25.0000
32133.257	13	16	0.1678	64.0000	25.0000
32146.862	12	16	0.1678	64.0000	25.0000
32157.877	11	16	0.1678	64.0000	25.0000
32279.036	10	16	0.1680	64.0000	25.0000
32279.036	9	16	0.1680	64.0000	25.0000
32279.036	8	16	0.1680	64.0000	25.0000
32339.509	9	16	0.1681	64.0000	25.0000
32356.835	10	16	0.1681	64.0000	25.0000
32374.162	11	16	0.1681	64.0000	25.0000
32391.489	12	16	0.1682	64.0000	25.0000
32408.815	13	16	0.1682	64.0000	25.0000
32426.142	14	16	0.1682	64.0000	25.0000
32432.281	13	16	0.1683	64.0000	25.0000
32443.469	14	16	0.1683	64.0000	25.0000
32460.796	15	16	0.1683	64.0000	25.0000
32478.122	16	16	0.1684	64.0000	25.0000
32495.449	17	16	0.1684	64.0000	25.0000
32512.776	18	16	0.1685	64.0000	25.0000
32530.103	19	16	0.1685	64.0000	25.0000
32547.429	20	16	0.1686	64.0000	25.0000
32552.644	19	16	0.1686	64.0000	25.0000
32564.756	20	16	0.1686	64.0000	25.0000
32582.083	21	16	0.1687	64.0000	25.0000
32599.410	22	16	0.1687	64.0000	25.0000
32612.403	21	16	0.1688	64.0000	25.0000
32616.736	22	16	0.1688	64.0000	25.0000
32634.063	23	16	0.1688	64.0000	25.0000
32651.390	24	16	0.1689	64.0000	25.0000
32884.384	23	16	0.1698	64.0000	25.0000
32884.384	22	16	0.1698	64.0000	25.0000
32884.384	21	16	0.1698	64.0000	25.0000
32948.307	20	16	0.1700	64.0000	25.0000
33128.200	19	16	0.1706	64.0000	25.0000
33128.200	18	16	0.1706	64.0000	25.0000
33128.200	17	16	0.1706	64.0000	25.0000
33168.310	16	16	0.1707	64.0000	25.0000
33192.185	15	16	0.1707	64.0000	25.0000
33233.234	14	16	0.1708	64.0000	25.0000
33332.902	13	16	0.1710	64.0000	25.0000
33347.321	12	16	0.1711	64.0000	25.0000
33512.671	11	16	0.1714	64.0000	25.0000
33556.694	10	16	0.1715	64.0000	25.0000
33556.694	9	16	0.1715	64.0000	25.0000
33563.377	8	16	0.1715	64.0000	25.0000
33583.720	7	16	0.1715	64.0000	25.0000
33664.556	6	16	0.1716	64.0000	25.0000
33664.556	5	16	0.1716	64.0000	25.0000
33842.516	4	16	0.1717	64.0000	25.0000
33901.584	3	16	0.1718	64.0000	25.0000
33951.302	2	16	0.1718	64.0000	25.0000
33951.302	1	16	0.1718	64.0000	25.0000
34003.865	0	16	0.1718	64.0000	25.0000
34197.833	0	17	0.1718	68.0000	25.0000
34327.391	0	18	0.1718	72.0000	27.5000
34327.391	0	19	0.1718	76.0000	27.5000
34392.023	0	20	0.1718	80.0000	27.5000
34392.023	0	21	0.1718	84.0000	27.5000
34392.023	0	22	0.1718	88.0000	27.5000
34419.643	0	23	0.1718	92.0000	27.5000
34487.033	0	24	0.1718	96.0000	27.5000
34547.038	0	25	0.1718	100.0000	27.5000
34577.412	0	26	0.1718	104.0000	27.5000
34915.072	0	27	0.1718	108.0000	27.5000
34915.072	0	28	0.1718	112.0000	27.5000
34915.072	0	29	0.1718	116.0000	27.5000
34973.709	0	30	0.1718	120.0000	27.5000
34986.681	1	30	0.1718	120.0000	27.5000
34999.652	2	30	0.1718	120.0000	27.5000
35012.624	3	30	0.1718	120.0000	27.5000
35023.512	2	30	0.1718	120.0000	27.5000
35025.595	3	30	0.1718	120.0000	27.5000
35038.567	4	30	0.1718	120.0000	27.5000
35051.538	5	30	0.1718	120.0000	27.5000
35059.395	4	30	0.1718	120.0000	27.5000
35064.510	5	30	0.1718	120.0000	27.5000
35077.481	6	30	0.1718	120.0000	27.5000
35084.450	5	30	0.1718	120.0000	27.5000
35090.453	6	30	0.1719	120.0000	27.5000
35103.424	7	30	0.1719	120.0000	27.5000
35116.396	8	30	0.1719	120.0000	27.5000
35119.007	7	30	0.1719	120.0000	27.5000
35119.007	6	30	0.1719	120.0000	27.5000
35129.367	7	30	0.1719	120.0000	27.5000
35142.339	8	30	0.1719	120.0000	27.5000
35155.310	9	30	0.1719	120.0000	27.5000
35168.282	10	30	0.1719	120.0000	27.5000
35181.253	11	30	0.1720	120.0000	27.5000
35181.653	10	30	0.1720	120.0000	27.5000
35194.225	11	30	0.1720	120.0000	27.5000
35207.196	12	30	0.1720	120.0000	27.5000
35220.168	13	30	0.1720	120.0000	27.5000
35233.139	14	30	0.1721	120.0000	27.5000
35238.816	13	30	0.1721	120.0000	27.5000
35304.218	12	30	0.1722	120.0000	27.5000
35304.218	11	30	0.1722	120.0000	27.5000
35327.359	10	30	0.1722	120.0000	27.5000
35338.925	9	30	0.1723	120.0000	27.5000
35357.746	10	30	0.1723	120.0000	27.5000
35365.668	9	30	0.1723	120.0000	27.5000
35369.234	10	30	0.1723	120.0000	27.5000
35380.722	11	30	0.1723	120.0000	27.5000
35392.209	12	30	0.1723	120.0000	27.5000
35403.697	13	30	0.1724	120.0000	27.5000
35415.185	14	30	0.1724	120.0000	27.5000
35415.740	13	30	0.1724	120.0000	27.5000
35426.673	14	30	0.1724	120.0000	27.5000
35438.161	15	30	0.1724	120.0000	27.5000
35449.649	16	30	0.1725	120.0000	27.5000
35459.631	15	30	0.1725	120.0000	27.5000
35461.137	16	30	0.1725	120.0000	27.5000
35472.625	17	30	0.1725	120.0000	27.5000
35484.113	18	30	0.1725	120.0000	27.5000
35495.601	19	30	0.1726	120.0000	27.5000
35507.089	20	30	0.1726	120.0000	27.5000
35518.577	21	30	0.1727	120.0000	27.5000
35530.065	22	30	0.1727	120.0000	27.5000
35541.553	23	30	0.1727	120.0000	27.5000
35553.041	24	30	0.1728	120.0000	27.5000
35557.750	23	30	0.1728	120.0000	27.5000
35564.529	24	30	0.1728	120.0000	27.5000
35576.017	25	30	0.1729	120.0000	27.5000
35596.574	24	30	0.1729	120.0000	27.5000
35628.464	23	30	0.1731	120.0000	27.5000
35649.448	24	30	0.1731	120.0000	27.5000
35662.174	25	30	0.1732	120.0000	27.5000
35674.899	26	30	0.1732	120.0000	27.5000
35687.624	27	30	0.1733	120.0000	27.5000
35700.349	28	30	0.1733	120.0000	27.5000
35713.075	29	30	0.1734	120.0000	27.5000
35725.800	30	30	0.1735	120.0000	27.5000
35738.525	31	30	0.1735	120.0000	27.5000
35751.251	32	30	0.1736	120.0000	27.5000
35763.976	33	30	0.1736	120.0000	27.5000
35776.701	34	30	0.1737	120.0000	27.5000
35789.426	35	30	0.1738	120.0000	27.5000
35802.152	36	30	0.1738	120.0000	27.5000
35809.454	35	30	0.1739	120.0000	27.5000
35814.877	36	30	0.1739	120.0000	27.5000
35827.602	37	30	0.1740	120.0000	27.5000
35840.328	38	30	0.1741	120.0000	27.5000
35853.053	39	30	0.1741	120.0000	27.5000
35865.778	40	30	0.1742	120.0000	27.5000
35878.503	41	30	0.1743	120.0000	27.5000
35891.229	42	30	0.1744	120.0000	27.5000
35951.159	41	30	0.1748	120.0000	27.5000
35951.159	40	30	0.1748	120.0000	27.5000
36026.457	39	30	0.1752	120.0000	30.0000
36026.457	38	30	0.1752	120.0000	30.0000
36132.533	37	30	0.1759	120.0000	30.0000
36132.533	36	30	0.1759	120.0000	30.0000
36247.025	35	30	0.1765	120.0000	30.0000
36351.319	34	30	0.1771	120.0000	30.0000
36425.373	33	30	0.1775	120.0000	30.0000
36452.328	32	30	0.1776	120.0000	30.0000
36709.606	31	30	0.1789	120.0000	30.0000
36827.853	30	30	0.1795	120.0000	30.0000
36827.853	29	30	0.1795	120.0000	30.0000
36827.853	28	30	0.1795	120.0000	30.0000
36937.355	27	30	0.1800	120.0000	30.0000
36974.908	26	30	0.1802	120.0000	30.0000
36985.236	25	30	0.1802	120.0000	30.0000
36987.323	24	30	0.1802	120.0000	30.0000
36987.323	23	30	0.1802	120.0000	30.0000
37086.330	22	30	0.1806	120.0000	30.0000
37183.840	21	30	0.1809	120.0000	30.0000
37286.702	20	30	0.1812	120.0000	30.0000
37378.500	19	30	0.1815	120.0000	30.0000
37378.500	18	30	0.1815	120.0000	30.0000
37542.535	17	30	0.1820	120.0000	30.0000
37542.535	16	30	0.1820	120.0000	30.0000
37613.347	15	30	0.1822	120.0000	30.0000
37871.060	14	30	0.1828	120.0000	30.0000
37871.060	13	30	0.1828	120.0000	30.0000
37871.060	12	30	0.1828	120.0000	30.0000
37903.147	11	30	0.1828	120.0000	30.0000
37957.704	12	30	0.1829	120.0000	30.0000
37973.145	13	30	0.1830	120.0000	30.0000
37988.586	14	30	0.1830	120.0000	30.0000
38004.027	15	30	0.1830	120.0000	30.0000
38019.468	16	30	0.1831	120.0000	30.0000
38034.910	17	30	0.1831	120.0000	30.0000
38035.287	16	30	0.1831	120.0000	30.0000
38035.287	15	30	0.1831	120.0000	30.0000
38050.351	16	30	0.1831	120.0000	30.0000
38065.792	17	30	0.1832	120.0000	30.0000
38081.233	18	30	0.1832	120.0000	30.0000
38096.674	19	30	0.1833	120.0000	30.0000
38112.115	20	30	0.1833	120.0000	30.0000
38127.556	21	30	0.1834	120.0000	30.0000
38139.044	20	30	0.1834	120.0000	30.0000
38142.997	21	30	0.1834	120.0000	30.0000
38158.438	22	30	0.1835	120.0000	30.0000
38166.187	21	30	0.1835	120.0000	30.0000
38173.879	22	30	0.1835	120.0000	30.0000
38189.320	23	30	0.1836	120.0000	30.0000
38204.761	24	30	0.1836	120.0000	30.0000
38220.203	25	30	0.1837	120.0000	30.0000
38235.644	26	30	0.1837	120.0000	30.0000
38251.085	27	30	0.1838	120.0000	30.0000
38261.005	26	30	0.1839	120.0000	30.0000
38261.005	25	30	0.1839	120.0000	30.0000
38261.005	24	30	0.1839	120.0000	30.0000
38326.786	23	30	0.1841	120.0000	30.0000
38394.945	22	30	0.1843	120.0000	30.0000
38487.569	21	30	0.1847	120.0000	30.0000
38487.569	20	30	0.1847	120.0000	30.0000
38502.415	19	30	0.1847	120.0000	30.0000
38579.557	18	30	0.1849	120.0000	30.0000
38685.789	17	30	0.1852	120.0000	30.0000
38849.819	16	30	0.1857	120.0000	30.0000
38849.819	15	30	0.1857	120.0000	30.0000
38849.819	14	30	0.1857	120.0000	30.0000
38849.819	13	30	0.1857	120.0000	30.0000
38858.609	12	30	0.1857	120.0000	30.0000
38868.781	11	30	0.1857	120.0000	30.0000
38966.604	10	30	0.1859	120.0000	30.0000
38977.615	9	30	0.1859	120.0000	30.0000
39133.438	8	30	0.1861	120.0000	30.0000
39133.438	7	30	0.1861	120.0000	30.0000
39133.438	6	30	0.1861	120.0000	30.0000
39298.463	5	30	0.1863	120.0000	30.0000
39366.618	4	30	0.1863	120.0000	30.0000
39490.790	3	30	0.1864	120.0000	30.0000
39520.899	2	30	0.1864	120.0000	30.0000
39576.460	1	30	0.1865	120.0000	30.0000
39576.460	0	30	0.1865	120.0000	30.0000
39644.365	0	31	0.1865	124.0000	32.5000
39929.768	0	32	0.1865	128.0000	32.5000
39929.768	0	33	0.1865	132.0000	32.5000
39929.768	0	34	0.1865	136.0000	32.5000
39969.541	0	35	0.1865	140.0000	32.5000
40002.806	0	36	0.1865	144.0000	32.5000
40092.367	0	37	0.1865	148.0000	32.5000
40232.323	0	38	0.1865	152.0000	32.5000
40395.148	0	39	0.1865	156.0000	32.5000
40535.329	0	40	0.1865	160.0000	32.5000
40535.329	0	41	0.1865	164.0000	32.5000
40644.316	0	42	0.1865	168.0000	32.5000
40644.316	0	43	0.1865	172.0000	32.5000
40644.316	0	44	0.1865	176.0000	32.5000
40723.735	0	45	0.1865	180.0000	32.5000
40755.006	0	46	0.1865	184.0000	32.5000
40772.833	0	47	0.1865	188.0000	32.5000
40902.958	0	48	0.1865	192.0000	32.5000
41048.944	0	49	0.1865	196.0000	32.5000
41084.539	0	50	0.1865	200.0000	32.5000
41092.796	0	51	0.1865	204.0000	32.5000
41132.141	0	52	0.1865	208.0000	32.5000
41132.141	0	53	0.1865	212.0000	32.5000
41226.889	0	54	0.1865	216.0000	32.5000
41226.889	0	55	0.1865	220.0000	32.5000
41237.299	0	56	0.1865	224.0000	32.5000
41305.087	0	57	0.1865	228.0000	32.5000
41313.829	1	57	0.1865	228.0000	32.5000
41332.335	2	57	0.1865	228.0000	32.5000
41350.841	3	57	0.1865	228.0000	32.5000
41354.978	2	57	0.1865	228.0000	32.5000
41369.347	3	57	0.1865	228.0000	32.5000
41387.853	4	57	0.1865	228.0000	32.5000
41406.359	5	57	0.1865	228.0000	32.5000
41424.865	6	57	0.1865	228.0000	32.5000
41443.371	7	57	0.1865	228.0000	32.5000
41458.013	6	57	0.1865	228.0000	32.5000
41461.877	7	57	0.1865	228.0000	32.5000
41480.383	8	57	0.1866	228.0000	32.5000
41498.889	9	57	0.1866	228.0000	32.5000
41517.395	10	57	0.1866	228.0000	32.5000
41535.901	11	57	0.1866	228.0000	32.5000
41548.904	10	57	0.1867	228.0000	32.5000
41554.407	11	57	0.1867	228.0000	32.5000
41559.157	10	57	0.1867	228.0000	32.5000
41572.913	11	57	0.1867	228.0000	32.5000
41591.419	12	57	0.1867	228.0000	32.5000
41609.924	13	57	0.1868	228.0000	32.5000
41628.430	14	57	0.1868	228.0000	32.5000
41646.936	15	57	0.1868	228.0000	32.5000
41654.436	14	57	0.1869	228.0000	32.5000
41665.442	15	57	0.1869	228.0000	32.5000
41676.415	16	57	0.1869	228.0000	32.5000
41687.387	17	57	0.1869	228.0000	32.5000
41698.360	18	57	0.1870	228.0000	32.5000
41709.332	19	57	0.1870	228.0000	32.5000
41720.305	20	57	0.1870	228.0000	32.5000
41721.544	19	57	0.1870	228.0000	32.5000
41721.544	18	57	0.1870	228.0000	32.5000
41731.277	19	57	0.1871	228.0000	32.5000
41742.250	20	57	0.1871	228.0000	32.5000
41753.222	21	57	0.1871	228.0000	32.5000
41764.194	22	57	0.1872	228.0000	32.5000
41775.167	23	57	0.1872	228.0000	32.5000
41786.139	24	57	0.1872	228.0000	32.5000
41797.112	25	57	0.1873	228.0000	32.5000
41806.874	24	57	0.1873	228.0000	32.5000
41808.084	25	57	0.1873	228.0000	32.5000
41819.057	26	57	0.1874	228.0000	32.5000
41830.029	27	57	0.1874	228.0000	32.5000
41841.002	28	57	0.1875	228.0000	32.5000
41851.974	29	57	0.1875	228.0000	32.5000
41862.947	30	57	0.1876	228.0000	32.5000
41873.919	31	57	0.1876	228.0000	32.5000
41884.891	32	57	0.1877	228.0000	32.5000
41901.002	33	57	0.1877	228.0000	32.5000
41917.113	34	57	0.1878	228.0000	32.5000
41933.223	35	57	0.1879	228.0000	32.5000
41949.334	36	57	0.1880	228.0000	32.5000
41965.445	37	57	0.1881	228.0000	32.5000
41981.556	38	57	0.1882	228.0000	32.5000
41997.666	39	57	0.1883	228.0000	32.5000
41998.461	38	57	0.1883	228.0000	32.5000
41998.461	37	57	0.1883	228.0000	32.5000
42013.777	38	57	0.1884	228.0000	32.5000
42029.888	39	57	0.1885	228.0000	32.5000
42042.498	38	57	0.1886	228.0000	32.5000
42045.998	39	57	0.1886	228.0000	32.5000
42062.109	40	57	0.1887	228.0000	32.5000
42078.220	41	57	0.1888	228.0000	32.5000
42094.330	42	57	0.1889	228.0000	32.5000
42110.441	43	57	0.1890	228.0000	32.5000
42113.784	42	57	0.1890	228.0000	32.5000
42126.552	43	57	0.1891	228.0000	32.5000
42142.662	44	57	0.1892	228.0000	32.5000
42158.773	45	57	0.1893	228.0000	32.5000
42174.884	46	57	0.1894	228.0000	32.5000
42190.994	47	57	0.1895	228.0000	32.5000
42193.913	46	57	0.1896	228.0000	32.5000
42207.105	47	57	0.1897	228.0000	32.5000
42422.606	46	57	0.1913	228.0000	32.5000
42445.362	45	57	0.1914	228.0000	32.5000
42552.886	44	57	0.1922	228.0000	32.5000
42559.880	43	57	0.1922	228.0000	32.5000
42559.880	42	57	0.1922	228.0000	32.5000
42619.009	41	57	0.1926	228.0000	32.5000
42683.895	40	57	0.1930	228.0000	32.5000
42683.895	39	57	0.1930	228.0000	32.5000
42784.767	38	57	0.1937	228.0000	32.5000
42834.750	37	57	0.1940	228.0000	32.5000
42879.647	36	57	0.1942	228.0000	32.5000
42952.033	35	57	0.1946	228.0000	32.5000
43131.350	34	57	0.1956	228.0000	32.5000
43145.885	33	57	0.1957	228.0000	32.5000
43145.885	32	57	0.1957	228.0000	32.5000
43161.440	31	57	0.1958	228.0000	32.5000
43201.252	30	57	0.1960	228.0000	32.5000
43201.252	29	57	0.1960	228.0000	32.5000
