# s1	s2	s3	s4	s5	R_s	f_init	P_OOS	cost_eur	E_T_s	maxLag_s	fracLagOverR	feasible
45	45	45	30	20	1800	0.85	0.0548	853.05	482.57	3919.2	0.5091	0
45	45	45	30	20	1800	1.00	0.0584	897.70	482.27	4037.8	0.5179	0
45	45	45	30	20	3600	0.85	0.1363	1952.65	480.16	5183.1	0.1707	0
45	45	45	30	20	3600	1.00	0.1446	2035.76	479.30	5202.1	0.1707	0
45	45	45	30	30	1800	0.85	0.0602	943.21	481.97	4408.3	0.6071	0
45	45	45	30	30	1800	1.00	0.0592	926.53	481.13	4222.2	0.6250	0
45	45	45	30	30	3600	0.85	0.1384	1956.69	479.69	4875.7	0.1905	0
45	45	45	30	30	3600	1.00	0.1395	1964.53	480.10	4916.3	0.1395	0
45	45	45	40	20	1800	0.85	0.0606	948.37	482.09	4274.3	0.5345	0
45	45	45	40	20	1800	1.00	0.0548	842.01	482.69	4439.0	0.5500	0
45	45	45	40	20	3600	0.85	0.1280	1841.67	480.85	4824.2	0.1591	0
45	45	45	40	20	3600	1.00	0.1352	1907.62	480.35	4558.9	0.1860	0
45	45	45	40	30	1800	0.85	0.0578	918.49	481.02	4246.5	0.5645	0
45	45	45	40	30	1800	1.00	0.0582	911.23	481.23	4271.2	0.5517	0
45	45	45	40	30	3600	0.85	0.1221	1726.74	480.10	4923.9	0.1667	0
45	45	45	40	30	3600	1.00	0.1255	1780.96	480.35	4705.6	0.1395	0
45	45	45	50	20	1800	0.85	0.0583	905.37	481.57	4110.0	0.5079	0
45	45	45	50	20	1800	1.00	0.0572	922.56	481.72	3926.3	0.5424	0
45	45	45	50	20	3600	0.85	0.1267	1820.32	480.32	4858.9	0.1860	0
45	45	45	50	20	3600	1.00	0.1270	1813.48	479.50	4926.9	0.1364	0
45	45	45	50	30	1800	0.85	0.0557	902.43	481.17	4693.0	0.5484	0
45	45	45	50	30	1800	1.00	0.0638	1000.19	481.43	4619.4	0.5313	0
45	45	45	50	30	3600	0.85	0.1189	1705.43	480.22	4829.5	0.1591	0
45	45	45	50	30	3600	1.00	0.1258	1784.03	480.25	4612.8	0.1522	0
45	45	55	30	20	1800	0.85	0.0571	920.46	482.16	4084.8	0.5088	0
45	45	55	30	20	1800	1.00	0.0653	978.55	481.66	4114.4	0.5000	0
45	45	55	30	20	3600	0.85	0.1414	2007.91	479.86	5183.1	0.1707	0
45	45	55	30	20	3600	1.00	0.1400	1991.57	480.28	4790.0	0.1707	0
45	45	55	30	30	1800	0.85	0.0578	915.85	481.54	4383.5	0.5238	0
45	45	55	30	30	1800	1.00	0.0612	971.54	480.85	4505.9	0.5345	0
45	45	55	30	30	3600	0.85	0.1371	1946.37	480.02	4875.7	0.1905	0
45	45	55	30	30	3600	1.00	0.1407	1985.97	479.72	4827.9	0.1667	0
45	45	55	40	20	1800	0.85	0.0601	941.50	481.33	4111.4	0.4833	0
45	45	55	40	20	1800	1.00	0.0601	943.82	482.49	4173.3	0.5345	0
45	45	55	40	20	3600	0.85	0.1245	1798.27	480.35	4772.2	0.1628	0
45	45	55	40	20	3600	1.00	0.1321	1875.85	480.51	4760.7	0.1628	0
45	45	55	40	30	1800	0.85	0.0576	906.20	481.81	4431.8	0.4697	0
45	45	55	40	30	1800	1.00	0.0596	953.91	481.23	4232.6	0.6000	0
45	45	55	40	30	3600	0.85	0.1237	1750.91	479.91	5156.6	0.1304	0
45	45	55	40	30	3600	1.00	0.1291	1826.66	479.37	4682.8	0.1395	0
45	45	55	50	20	1800	0.85	0.0596	944.47	481.65	4216.6	0.4918	0
45	45	55	50	20	1800	1.00	0.0579	920.88	482.03	4557.0	0.5593	0
45	45	55	50	20	3600	0.85	0.1267	1820.48	480.31	4858.9	0.1860	0
45	45	55	50	20	3600	1.00	0.1259	1796.12	479.98	5160.8	0.1304	0
45	45	55	50	30	1800	0.85	0.0615	976.92	481.13	4303.4	0.5313	0
45	45	55	50	30	1800	1.00	0.0554	909.64	481.10	4731.3	0.4925	0
45	45	55	50	30	3600	0.85	0.1189	1705.43	480.22	4829.5	0.1591	0
45	45	55	50	30	3600	1.00	0.1233	1756.35	479.73	4625.9	0.1304	0
45	55	45	30	20	1800	0.85	0.0537	860.34	481.60	3689.3	0.4426	0
45	55	45	30	20	1800	1.00	0.0565	861.66	481.46	4798.5	0.5082	0
45	55	45	30	20	3600	0.85	0.1362	1977.67	480.81	4727.7	0.1667	0
45	55	45	30	20	3600	1.00	0.1415	2031.63	480.92	4750.8	0.2051	0
45	55	45	30	30	1800	0.85	0.0523	842.34	481.73	4153.7	0.4918	0
45	55	45	30	30	1800	1.00	0.0548	877.76	479.97	4237.1	0.4769	0
45	55	45	30	30	3600	0.85	0.1309	1874.32	479.74	5107.3	0.1458	0
45	55	45	30	30	3600	1.00	0.1361	1946.12	479.47	4950.6	0.1667	0
45	55	45	40	20	1800	0.85	0.0574	916.75	480.94	4029.0	0.5079	0
45	55	45	40	20	1800	1.00	0.0558	900.29	482.36	4052.5	0.5167	0
45	55	45	40	20	3600	0.85	0.1213	1774.55	481.12	4608.6	0.1522	0
45	55	45	40	20	3600	1.00	0.1292	1876.67	480.85	4779.9	0.1522	0
45	55	45	40	30	1800	0.85	0.0566	930.24	480.78	4179.4	0.4769	0
45	55	45	40	30	1800	1.00	0.0540	884.62	480.89	4149.1	0.5625	0
45	55	45	40	30	3600	0.85	0.1140	1658.30	480.37	4607.2	0.1304	0
45	55	45	40	30	3600	1.00	0.1236	1781.33	480.47	4545.9	0.1489	0
45	55	45	50	20	1800	0.85	0.0566	921.57	481.63	4172.8	0.4493	0
45	55	45	50	20	1800	1.00	0.0595	951.96	481.59	3992.7	0.4776	0
45	55	45	50	20	3600	0.85	0.1196	1763.73	480.17	4487.3	0.1489	0
45	55	45	50	20	3600	1.00	0.1265	1831.87	479.50	4773.0	0.1304	0
45	55	45	50	30	1800	0.85	0.0557	914.41	481.51	5586.1	0.5077	0
45	55	45	50	30	1800	1.00	0.0562	897.13	481.27	4113.2	0.5152	0
45	55	45	50	30	3600	0.85	0.1170	1726.43	480.77	4689.0	0.1250	0
45	55	45	50	30	3600	1.00	0.1244	1793.43	479.77	4895.9	0.1333	0
45	55	55	30	20	1800	0.85	0.0540	869.46	482.04	3970.9	0.4762	0
45	55	55	30	20	1800	1.00	0.0528	854.50	482.02	3985.7	0.4154	0
45	55	55	30	20	3600	0.85	0.1371	1984.51	479.87	4956.4	0.1707	0
45	55	55	30	20	3600	1.00	0.1349	1961.62	479.71	4868.7	0.1628	0
45	55	55	30	30	1800	0.85	0.0536	862.37	480.98	4260.8	0.4627	0
45	55	55	30	30	1800	1.00	0.0572	902.62	482.03	4001.3	0.4848	0
45	55	55	30	30	3600	0.85	0.1293	1859.80	480.30	4731.1	0.1136	0
45	55	55	30	30	3600	1.00	0.1323	1901.89	480.83	4743.5	0.1333	0
45	55	55	40	20	1800	0.85	0.0550	903.25	482.16	4321.7	0.5075	0
45	55	55	40	20	1800	1.00	0.0569	923.12	481.91	4430.5	0.4219	0
45	55	55	40	20	3600	0.85	0.1204	1768.82	480.51	4608.6	0.1522	0
45	55	55	40	20	3600	1.00	0.1268	1832.32	480.94	4863.1	0.1190	0
45	55	55	40	30	1800	0.85	0.0571	944.48	481.46	4083.4	0.4928	0
45	55	55	40	30	1800	1.00	0.0529	866.09	482.20	4388.7	0.4493	0
45	55	55	40	30	3600	0.85	0.1191	1724.36	480.86	4607.2	0.1304	0
45	55	55	40	30	3600	1.00	0.1226	1775.80	479.98	4906.3	0.1304	0
45	55	55	50	20	1800	0.85	0.0520	861.75	482.34	4201.2	0.4348	0
45	55	55	50	20	1800	1.00	0.0526	866.09	481.48	4151.8	0.4412	0
45	55	55	50	20	3600	0.85	0.1196	1763.88	480.16	4487.3	0.1489	0
45	55	55	50	20	3600	1.00	0.1217	1775.10	480.79	4893.2	0.1489	0
45	55	55	50	30	1800	0.85	0.0595	957.62	481.06	4760.4	0.4507	0
45	55	55	50	30	1800	1.00	0.0552	908.20	481.52	4189.9	0.5217	0
45	55	55	50	30	3600	0.85	0.1171	1727.16	480.80	4689.0	0.1250	0
45	55	55	50	30	3600	1.00	0.1180	1709.69	479.36	4575.8	0.1224	0
45	65	45	30	20	1800	0.85	0.0571	908.02	481.25	4300.8	0.4516	0
45	65	45	30	20	1800	1.00	0.0575	915.12	481.28	4206.9	0.4844	0
45	65	45	30	20	3600	0.85	0.1362	1977.67	480.81	4727.7	0.1667	0
45	65	45	30	20	3600	1.00	0.1401	2014.26	479.61	4917.7	0.1395	0
45	65	45	30	30	1800	0.85	0.0574	913.67	481.51	4329.2	0.4697	0
45	65	45	30	30	1800	1.00	0.0575	920.71	481.74	4594.1	0.4853	0
45	65	45	30	30	3600	0.85	0.1309	1874.32	479.74	5107.3	0.1458	0
45	65	45	30	30	3600	1.00	0.1336	1903.19	479.49	4675.5	0.1395	0
45	65	45	40	20	1800	0.85	0.0571	921.86	482.56	4788.3	0.4478	0
45	65	45	40	20	1800	1.00	0.0575	913.93	481.76	4902.8	0.4394	0
45	65	45	40	20	3600	0.85	0.1213	1774.55	481.12	4608.6	0.1522	0
45	65	45	40	20	3600	1.00	0.1246	1810.85	480.47	4684.8	0.1277	0
45	65	45	40	30	1800	0.85	0.0534	878.45	480.92	4302.7	0.4559	0
45	65	45	40	30	1800	1.00	0.0558	901.36	481.16	4112.5	0.4143	0
45	65	45	40	30	3600	0.85	0.1140	1658.30	480.37	4607.2	0.1304	0
45	65	45	40	30	3600	1.00	0.1235	1783.68	480.84	4515.8	0.1905	0
45	65	45	50	20	1800	0.85	0.0574	917.23	481.46	4108.4	0.4429	0
45	65	45	50	20	1800	1.00	0.0544	890.68	480.96	4461.7	0.4776	0
45	65	45	50	20	3600	0.85	0.1196	1763.73	480.17	4487.3	0.1489	0
45	65	45	50	20	3600	1.00	0.1250	1824.18	480.59	4884.9	0.1364	0
45	65	45	50	30	1800	0.85	0.0573	932.32	481.01	4254.1	0.4507	0
45	65	45	50	30	1800	1.00	0.0554	913.57	481.49	4748.7	0.4776	0
45	65	45	50	30	3600	0.85	0.1170	1726.43	480.77	4689.0	0.1250	0
45	65	45	50	30	3600	1.00	0.1176	1713.74	480.39	4850.8	0.1458	0
45	65	55	30	20	1800	0.85	0.0483	825.37	481.49	3849.6	0.4559	0
45	65	55	30	20	1800	1.00	0.0565	897.19	480.96	4046.5	0.4375	0
45	65	55	30	20	3600	0.85	0.1371	1984.51	479.87	4956.4	0.1707	0
45	65	55	30	20	3600	1.00	0.1393	2019.89	479.82	5051.4	0.1591	0
45	65	55	30	30	1800	0.85	0.0514	844.74	481.70	3976.1	0.4000	0
45	65	55	30	30	1800	1.00	0.0569	907.25	481.04	4488.0	0.5000	0
45	65	55	30	30	3600	0.85	0.1293	1859.80	480.30	4731.1	0.1136	0
45	65	55	30	30	3600	1.00	0.1341	1922.57	480.95	4906.0	0.1333	0
45	65	55	40	20	1800	0.85	0.0562	908.40	481.98	4071.2	0.5000	0
45	65	55	40	20	1800	1.00	0.0565	936.63	481.60	4243.2	0.4769	0
45	65	55	40	20	3600	0.85	0.1204	1768.82	480.51	4608.6	0.1522	0
45	65	55	40	20	3600	1.00	0.1260	1839.24	480.68	4721.8	0.1277	0
45	65	55	40	30	1800	0.85	0.0558	938.62	482.21	4509.2	0.5373	0
45	65	55	40	30	1800	1.00	0.0567	934.60	481.23	4756.8	0.4658	0
45	65	55	40	30	3600	0.85	0.1191	1724.36	480.86	4607.2	0.1304	0
45	65	55	40	30	3600	1.00	0.1169	1704.58	480.14	4539.8	0.1522	0
45	65	55	50	20	1800	0.85	0.0522	878.25	480.97	4112.7	0.4429	0
45	65	55	50	20	1800	1.00	0.0552	914.02	480.78	4556.0	0.4286	0
45	65	55	50	20	3600	0.85	0.1196	1763.88	480.16	4487.3	0.1489	0
45	65	55	50	20	3600	1.00	0.1189	1747.10	480.42	4832.7	0.1250	0
45	65	55	50	30	1800	0.85	0.0558	918.51	481.58	4144.3	0.4930	0
45	65	55	50	30	1800	1.00	0.0540	903.34	481.25	4172.0	0.4000	0
45	65	55	50	30	3600	0.85	0.1171	1727.16	480.80	4689.0	0.1250	0
45	65	55	50	30	3600	1.00	0.1170	1709.99	480.46	4690.5	0.1277	0
55	45	45	30	20	1800	0.85	0.0547	856.17	481.92	4007.9	0.4688	0
55	45	45	30	20	1800	1.00	0.0533	836.15	481.96	4177.4	0.5167	0
55	45	45	30	20	3600	0.85	0.1351	1916.42	479.42	4957.6	0.1489	0
55	45	45	30	20	3600	1.00	0.1403	1974.79	479.35	4880.5	0.1860	0
55	45	45	30	30	1800	0.85	0.0557	893.27	482.02	4244.7	0.4478	0
55	45	45	30	30	1800	1.00	0.0539	870.47	481.80	4245.2	0.4921	0
55	45	45	30	30	3600	0.85	0.1289	1828.82	480.23	4745.8	0.1333	0
55	45	45	30	30	3600	1.00	0.1319	1865.79	480.00	4863.0	0.1395	0
55	45	45	40	20	1800	0.85	0.0520	849.37	481.85	3774.3	0.4769	0
55	45	45	40	20	1800	1.00	0.0547	882.12	480.78	3879.5	0.4746	0
55	45	45	40	20	3600	0.85	0.1207	1715.60	480.67	4833.1	0.1304	0
55	45	45	40	20	3600	1.00	0.1285	1814.99	479.91	4771.9	0.1429	0
55	45	45	40	30	1800	0.85	0.0550	899.34	482.15	4137.2	0.4844	0
55	45	45	40	30	1800	1.00	0.0534	872.86	481.26	3728.7	0.5000	0
55	45	45	40	30	3600	0.85	0.1158	1644.23	479.92	4698.2	0.1429	0
55	45	45	40	30	3600	1.00	0.1192	1690.52	479.47	4747.2	0.1458	0
55	45	45	50	20	1800	0.85	0.0552	880.24	481.29	4516.6	0.4444	0
55	45	45	50	20	1800	1.00	0.0549	893.45	481.69	4154.4	0.4697	0
55	45	45	50	20	3600	0.85	0.1203	1724.97	480.67	4701.6	0.1277	0
55	45	45	50	20	3600	1.00	0.1291	1827.81	479.95	4507.2	0.1395	0
55	45	45	50	30	1800	0.85	0.0539	886.13	482.34	4225.2	0.4848	0
55	45	45	50	30	1800	1.00	0.0513	846.08	481.15	4613.4	0.4848	0
55	45	45	50	30	3600	0.85	0.1176	1661.74	480.93	4884.0	0.1200	0
55	45	45	50	30	3600	1.00	0.1194	1696.05	480.50	4530.1	0.1250	0
55	45	55	30	20	1800	0.85	0.0547	881.69	481.66	3925.8	0.4769	0
55	45	55	30	20	1800	1.00	0.0522	857.39	481.44	4055.7	0.5167	0
55	45	55	30	20	3600	0.85	0.1353	1922.49	480.22	4801.1	0.1489	0
55	45	55	30	20	3600	1.00	0.1403	1979.21	479.61	4880.9	0.2093	0
55	45	55	30	30	1800	0.85	0.0485	796.30	481.53	3773.0	0.4706	0
55	45	55	30	30	1800	1.00	0.0505	835.60	481.35	3799.6	0.4923	0
55	45	55	30	30	3600	0.85	0.1272	1798.71	479.98	4629.7	0.1429	0
55	45	55	30	30	3600	1.00	0.1360	1909.10	479.47	4805.1	0.1395	0
55	45	55	40	20	1800	0.85	0.0506	833.82	481.40	3964.6	0.4627	0
55	45	55	40	20	1800	1.00	0.0514	843.75	481.42	3911.9	0.5000	0
55	45	55	40	20	3600	0.85	0.1175	1673.61	480.37	4491.3	0.1064	0
55	45	55	40	20	3600	1.00	0.1272	1811.05	479.38	4922.1	0.1591	0
55	45	55	40	30	1800	0.85	0.0509	834.56	481.27	4230.2	0.4776	0
55	45	55	40	30	1800	1.00	0.0459	775.03	481.24	3471.3	0.4714	0
55	45	55	40	30	3600	0.85	0.1192	1693.20	480.65	5140.8	0.1250	0
55	45	55	40	30	3600	1.00	0.1211	1718.00	479.58	4619.4	0.1224	0
55	45	55	50	20	1800	0.85	0.0536	880.33	481.56	4212.4	0.4478	0
55	45	55	50	20	1800	1.00	0.0505	839.14	481.70	3897.3	0.4923	0
55	45	55	50	20	3600	0.85	0.1213	1735.54	480.83	4809.4	0.1522	0
55	45	55	50	20	3600	1.00	0.1264	1793.34	479.51	4606.7	0.1333	0
55	45	55	50	30	1800	0.85	0.0535	894.78	480.64	5039.1	0.4583	0
55	45	55	50	30	1800	1.00	0.0503	828.26	481.88	3831.1	0.5385	0
55	45	55	50	30	3600	0.85	0.1136	1608.41	479.70	4876.8	0.1400	0
55	45	55	50	30	3600	1.00	0.1195	1692.84	479.90	4499.2	0.1224	0
55	55	45	30	20	1800	0.85	0.0450	765.03	482.12	4403.3	0.4063	0
55	55	45	30	20	1800	1.00	0.0475	768.15	481.56	3649.4	0.3906	0
55	55	45	30	20	3600	0.85	0.1323	1901.15	480.51	4833.2	0.1395	0
55	55	45	30	20	3600	1.00	0.1307	1882.26	479.56	4791.2	0.1463	0
55	55	45	30	30	1800	0.85	0.0498	828.91	480.52	5157.0	0.4308	0
55	55	45	30	30	1800	1.00	0.0484	801.89	481.34	4279.2	0.3913	0
55	55	45	30	30	3600	0.85	0.1267	1803.08	480.32	4731.3	0.1042	0
55	55	45	30	30	3600	1.00	0.1255	1806.28	479.77	4848.2	0.1111	0
55	55	45	40	20	1800	0.85	0.0458	782.50	481.83	3909.8	0.4412	0
55	55	45	40	20	1800	1.00	0.0439	758.44	481.76	4278.7	0.4091	0
55	55	45	40	20	3600	0.85	0.1134	1655.49	480.49	4918.4	0.1429	0
55	55	45	40	20	3600	1.00	0.1238	1793.11	480.09	4522.0	0.1333	0
55	55	45	40	30	1800	0.85	0.0463	794.35	481.30	3942.7	0.4493	0
55	55	45	40	30	1800	1.00	0.0418	731.65	481.16	4435.2	0.3944	0
55	55	45	40	30	3600	0.85	0.1132	1626.67	480.89	4791.0	0.1400	0
55	55	45	40	30	3600	1.00	0.1175	1699.29	480.64	4734.4	0.1064	0
55	55	45	50	20	1800	0.85	0.0455	785.10	481.78	3702.2	0.4085	0
55	55	45	50	20	1800	1.00	0.0478	802.65	481.22	3791.7	0.3731	0
55	55	45	50	20	3600	0.85	0.1169	1693.14	480.37	4752.9	0.1064	0
55	55	45	50	20	3600	1.00	0.1186	1724.18	479.50	4447.7	0.1333	0
55	55	45	50	30	1800	0.85	0.0452	785.21	480.93	4388.9	0.4143	0
55	55	45	50	30	1800	1.00	0.0455	787.19	481.20	4196.9	0.3973	0
55	55	45	50	30	3600	0.85	0.1116	1618.43	480.08	4739.2	0.1000	0
55	55	45	50	30	3600	1.00	0.1146	1649.75	480.44	4841.7	0.1250	0
55	55	55	30	20	1800	0.85	0.0503	833.17	482.08	4570.6	0.3824	0
55	55	55	30	20	1800	1.00	0.0480	823.85	482.67	4978.4	0.4394	0
55	55	55	30	20	3600	0.85	0.1323	1901.15	480.51	4833.2	0.1395	0
55	55	55	30	20	3600	1.00	0.1329	1909.96	479.97	4761.2	0.1364	0
55	55	55	30	30	1800	0.85	0.0470	799.52	481.09	3967.0	0.3947	0
55	55	55	30	30	1800	1.00	0.0419	735.79	481.80	4339.1	0.3472	0
55	55	55	30	30	3600	0.85	0.1244	1784.35	479.86	4702.2	0.1042	0
55	55	55	30	30	3600	1.00	0.1255	1803.63	479.82	4654.4	0.1111	0
55	55	55	40	20	1800	0.85	0.0464	805.66	481.54	4088.3	0.3784	0
55	55	55	40	20	1800	1.00	0.0437	750.72	480.97	3783.7	0.4085	0
55	55	55	40	20	3600	0.85	0.1165	1687.31	480.49	4754.4	0.1042	0
55	55	55	40	20	3600	1.00	0.1197	1732.88	479.63	4736.7	0.1111	0
55	55	55	40	30	1800	0.85	0.0441	785.51	481.35	4261.8	0.3662	0
55	55	55	40	30	1800	1.00	0.0408	727.64	481.35	4103.0	0.3919	0
55	55	55	40	30	3600	0.85	0.1117	1599.33	480.35	4607.2	0.1304	0
55	55	55	40	30	3600	1.00	0.1126	1623.19	479.60	4486.7	0.1250	0
55	55	55	50	20	1800	0.85	0.0462	805.85	481.68	4047.1	0.3562	0
55	55	55	50	20	1800	1.00	0.0430	784.45	480.71	3961.8	0.3467	0
55	55	55	50	20	3600	0.85	0.1123	1629.59	479.57	4788.8	0.1042	0
55	55	55	50	20	3600	1.00	0.1218	1778.65	480.40	4721.5	0.1333	0
55	55	55	50	30	1800	0.85	0.0452	809.70	480.73	3942.7	0.5143	0
55	55	55	50	30	1800	1.00	0.0503	844.74	482.23	3762.4	0.4400	0
55	55	55	50	30	3600	0.85	0.1121	1605.51	480.35	4951.4	0.1200	0
55	55	55	50	30	3600	1.00	0.1112	1605.65	480.52	4805.7	0.1000	0
55	65	45	30	20	1800	0.85	0.0472	803.97	481.89	3692.1	0.4028	0
55	65	45	30	20	1800	1.00	0.0453	773.41	481.33	4178.0	0.3824	0
55	65	45	30	20	3600	0.85	0.1323	1901.15	480.51	4833.2	0.1395	0
55	65	45	30	20	3600	1.00	0.1298	1878.36	479.78	4849.9	0.1190	0
55	65	45	30	30	1800	0.85	0.0441	763.34	481.13	4334.9	0.3425	0
55	65	45	30	30	1800	1.00	0.0463	780.59	481.31	3738.9	0.3973	0
55	65	45	30	30	3600	0.85	0.1267	1803.08	480.32	4731.3	0.1042	0
55	65	45	30	30	3600	1.00	0.1308	1864.24	479.65	4751.9	0.1136	0
55	65	45	40	20	1800	0.85	0.0446	780.91	481.50	4386.7	0.4225	0
55	65	45	40	20	1800	1.00	0.0435	758.02	482.37	4118.9	0.3750	0
55	65	45	40	20	3600	0.85	0.1134	1655.49	480.49	4918.4	0.1429	0
55	65	45	40	20	3600	1.00	0.1197	1750.17	481.15	4419.6	0.1277	0
55	65	45	40	30	1800	0.85	0.0444	786.63	481.84	4302.0	0.3544	0
55	65	45	40	30	1800	1.00	0.0443	782.11	481.40	3919.8	0.4000	0
55	65	45	40	30	3600	0.85	0.1132	1626.67	480.89	4791.0	0.1400	0
55	65	45	40	30	3600	1.00	0.1199	1729.44	480.36	4671.1	0.1400	0
55	65	45	50	20	1800	0.85	0.0453	784.37	481.32	4292.6	0.3867	0
55	65	45	50	20	1800	1.00	0.0443	773.98	481.99	3976.4	0.3889	0
55	65	45	50	20	3600	0.85	0.1169	1693.14	480.37	4752.9	0.1064	0
55	65	45	50	20	3600	1.00	0.1181	1721.54	480.47	4565.5	0.1064	0
55	65	45	50	30	1800	0.85	0.0453	791.02	481.44	4314.0	0.3684	0
55	65	45	50	30	1800	1.00	0.0461	801.93	481.21	4491.5	0.3718	0
55	65	45	50	30	3600	0.85	0.1116	1618.43	480.08	4739.2	0.1000	0
55	65	45	50	30	3600	1.00	0.1128	1621.01	479.33	4823.3	0.1042	0
55	65	55	30	20	1800	0.85	0.0457	808.64	482.05	4026.7	0.4085	0
55	65	55	30	20	1800	1.00	0.0476	811.58	481.45	4108.8	0.3803	0
55	65	55	30	20	3600	0.85	0.1323	1901.15	480.51	4833.2	0.1395	0
55	65	55	30	20	3600	1.00	0.1331	1911.65	479.44	4706.3	0.1395	0
55	65	55	30	30	1800	0.85	0.0466	812.51	481.28	4047.9	0.3462	0
55	65	55	30	30	1800	1.00	0.0459	798.96	480.47	4399.8	0.3867	0
55	65	55	30	30	3600	0.85	0.1244	1784.35	479.86	4702.2	0.1042	0
55	65	55	30	30	3600	1.00	0.1270	1832.04	480.06	4854.3	0.1111	0
55	65	55	40	20	1800	0.85	0.0440	781.46	481.31	4247.9	0.3165	0
55	65	55	40	20	1800	1.00	0.0425	763.04	481.01	4337.0	0.3289	0
55	65	55	40	20	3600	0.85	0.1165	1687.31	480.49	4754.4	0.1042	0
55	65	55	40	20	3600	1.00	0.1202	1759.19	479.30	4476.7	0.1591	0
55	65	55	40	30	1800	0.85	0.0433	785.07	481.47	3966.2	0.3797	0
55	65	55	40	30	1800	1.00	0.0429	771.16	481.22	4151.0	0.3947	0
55	65	55	40	30	3600	0.85	0.1117	1599.33	480.35	4607.2	0.1304	0
55	65	55	40	30	3600	1.00	0.1168	1696.25	480.01	4603.3	0.1000	0
55	65	55	50	20	1800	0.85	0.0443	793.82	481.75	4484.2	0.3333	0
55	65	55	50	20	1800	1.00	0.0404	749.39	480.50	4337.0	0.3077	0
55	65	55	50	20	3600	0.85	0.1123	1629.59	479.57	4788.8	0.1042	0
55	65	55	50	20	3600	1.00	0.1177	1718.89	479.58	4516.0	0.1224	0
55	65	55	50	30	1800	0.85	0.0442	778.47	481.20	4015.5	0.3797	0
55	65	55	50	30	1800	1.00	0.0420	748.31	480.95	3680.8	0.3333	0
55	65	55	50	30	3600	0.85	0.1121	1605.51	480.35	4951.4	0.1200	0
55	65	55	50	30	3600	1.00	0.1121	1623.89	480.30	4668.4	0.1200	0
65	45	45	30	20	1800	0.85	0.0489	806.62	482.59	3721.3	0.4179	0
65	45	45	30	20	1800	1.00	0.0506	847.76	481.73	4045.0	0.4545	0
65	45	45	30	20	3600	0.85	0.1338	1892.89	479.47	4651.3	0.1429	0
65	45	45	30	20	3600	1.00	0.1354	1920.50	479.48	4872.8	0.1628	0
65	45	45	30	30	1800	0.85	0.0446	760.76	482.10	4185.4	0.4697	0
65	45	45	30	30	1800	1.00	0.0496	826.96	481.10	4221.4	0.4462	0
65	45	45	30	30	3600	0.85	0.1271	1810.60	479.95	4689.7	0.1224	0
65	45	45	30	30	3600	1.00	0.1318	1851.27	479.86	4759.9	0.1333	0
65	45	45	40	20	1800	0.85	0.0452	790.03	481.27	3834.5	0.5323	0
65	45	45	40	20	1800	1.00	0.0448	766.73	481.44	3664.9	0.4615	0
65	45	45	40	20	3600	0.85	0.1198	1708.72	480.72	4798.2	0.1277	0
65	45	45	40	20	3600	1.00	0.1230	1747.11	479.20	4678.3	0.1277	0
65	45	45	40	30	1800	0.85	0.0474	808.59	481.86	3836.6	0.4265	0
65	45	45	40	30	1800	1.00	0.0484	806.88	482.00	3779.1	0.4412	0
65	45	45	40	30	3600	0.85	0.1184	1675.11	480.23	4698.2	0.1429	0
65	45	45	40	30	3600	1.00	0.1232	1721.71	479.60	4755.9	0.1304	0
65	45	45	50	20	1800	0.85	0.0474	838.38	481.60	4025.4	0.4444	0
65	45	45	50	20	1800	1.00	0.0455	795.44	481.54	4080.5	0.4030	0
65	45	45	50	20	3600	0.85	0.1213	1741.26	480.78	4708.4	0.1277	0
65	45	45	50	20	3600	1.00	0.1262	1783.85	479.46	4894.1	0.1333	0
65	45	45	50	30	1800	0.85	0.0472	808.34	481.51	4025.3	0.4110	0
65	45	45	50	30	1800	1.00	0.0493	828.38	481.00	3767.9	0.3889	0
65	45	45	50	30	3600	0.85	0.1162	1643.39	480.82	4821.5	0.1200	0
65	45	45	50	30	3600	1.00	0.1184	1676.99	480.04	4700.4	0.1458	0
65	45	55	30	20	1800	0.85	0.0475	790.21	481.25	4355.6	0.4143	0
65	45	55	30	20	1800	1.00	0.0472	816.58	482.03	3708.9	0.4412	0
65	45	55	30	20	3600	0.85	0.1353	1923.21	480.40	4626.8	0.1429	0
65	45	55	30	20	3600	1.00	0.1331	1882.88	480.08	4820.6	0.1463	0
65	45	55	30	30	1800	0.85	0.0475	800.48	481.73	4356.4	0.3600	0
65	45	55	30	30	1800	1.00	0.0520	861.49	481.66	3906.4	0.5152	0
65	45	55	30	30	3600	0.85	0.1263	1786.06	480.12	4629.7	0.1429	0
65	45	55	30	30	3600	1.00	0.1288	1814.16	479.46	4859.3	0.1064	0
65	45	55	40	20	1800	0.85	0.0422	733.09	482.40	3817.0	0.3867	0
65	45	55	40	20	1800	1.00	0.0430	746.74	480.44	3510.9	0.4559	0
65	45	55	40	20	3600	0.85	0.1180	1677.09	480.47	4491.3	0.1064	0
65	45	55	40	20	3600	1.00	0.1251	1782.31	481.06	4632.0	0.1333	0
65	45	55	40	30	1800	0.85	0.0442	787.00	482.11	3574.8	0.3947	0
65	45	55	40	30	1800	1.00	0.0469	821.38	480.31	3568.0	0.4366	0
65	45	55	40	30	3600	0.85	0.1188	1698.27	480.58	5140.8	0.1042	0
65	45	55	40	30	3600	1.00	0.1199	1692.06	479.76	4718.6	0.1250	0
65	45	55	50	20	1800	0.85	0.0456	802.48	482.31	3801.7	0.3889	0
65	45	55	50	20	1800	1.00	0.0432	771.49	481.85	3955.6	0.4028	0
65	45	55	50	20	3600	0.85	0.1211	1738.52	481.03	4809.4	0.1277	0
65	45	55	50	20	3600	1.00	0.1239	1768.48	478.99	4706.6	0.1522	0
65	45	55	50	30	1800	0.85	0.0449	807.36	480.77	3661.4	0.4026	0
65	45	55	50	30	1800	1.00	0.0451	778.08	480.98	4063.0	0.4189	0
65	45	55	50	30	3600	0.85	0.1148	1625.64	479.58	4876.8	0.1400	0
65	45	55	50	30	3600	1.00	0.1154	1640.91	479.84	4659.7	0.1224	0
65	55	45	30	20	1800	0.85	0.0425	765.03	482.71	4847.6	0.3571	0
65	55	45	30	20	1800	1.00	0.0425	737.62	482.21	3365.2	0.3636	0
65	55	45	30	20	3600	0.85	0.1318	1894.89	480.43	4520.5	0.1395	0
65	55	45	30	20	3600	1.00	0.1350	1936.17	479.93	4830.8	0.1628	0
65	55	45	30	30	1800	0.85	0.0427	765.98	482.58	3673.0	0.3288	0
65	55	45	30	30	1800	1.00	0.0445	772.75	480.37	4363.9	0.3857	0
65	55	45	30	30	3600	0.85	0.1253	1780.90	480.63	4770.9	0.1042	0
65	55	45	30	30	3600	1.00	0.1267	1812.88	479.97	4645.7	0.1364	0
65	55	45	40	20	1800	0.85	0.0448	773.16	481.80	4484.1	0.3380	0
65	55	45	40	20	1800	1.00	0.0410	731.33	482.38	3626.0	0.3235	0
65	55	45	40	20	3600	0.85	0.1135	1657.43	480.00	4918.4	0.1400	0
65	55	45	40	20	3600	1.00	0.1234	1779.81	480.51	4689.9	0.1522	0
65	55	45	40	30	1800	0.85	0.0401	742.35	481.19	3979.7	0.3649	0
65	55	45	40	30	1800	1.00	0.0411	737.51	482.39	3989.8	0.4225	0
65	55	45	40	30	3600	0.85	0.1126	1619.54	480.91	4791.0	0.1400	0
65	55	45	40	30	3600	1.00	0.1148	1647.07	479.28	4734.8	0.1739	0
65	55	45	50	20	1800	0.85	0.0363	687.98	481.44	3919.5	0.3649	0
65	55	45	50	20	1800	1.00	0.0403	742.08	482.16	3642.3	0.3889	0
65	55	45	50	20	3600	0.85	0.1154	1671.45	480.65	4853.9	0.1064	0
65	55	45	50	20	3600	1.00	0.1211	1749.45	479.66	4447.7	0.1333	0
65	55	45	50	30	1800	0.85	0.0435	793.43	481.80	4289.2	0.3590	0
65	55	45	50	30	1800	1.00	0.0409	742.97	481.55	3937.4	0.3816	0
65	55	45	50	30	3600	0.85	0.1120	1626.89	480.32	4739.2	0.1000	0
65	55	45	50	30	3600	1.00	0.1142	1638.80	479.60	4395.1	0.1224	0
65	55	55	30	20	1800	0.85	0.0401	742.12	481.71	3800.4	0.4143	0
65	55	55	30	20	1800	1.00	0.0438	777.85	481.79	4169.2	0.2895	0
65	55	55	30	20	3600	0.85	0.1318	1894.89	480.43	4520.5	0.1395	0
65	55	55	30	20	3600	1.00	0.1265	1834.16	479.71	5038.8	0.1364	0
65	55	55	30	30	1800	0.85	0.0397	728.59	481.21	3556.7	0.3086	0
65	55	55	30	30	1800	1.00	0.0435	768.80	481.00	3946.6	0.3421	0
65	55	55	30	30	3600	0.85	0.1224	1758.44	479.96	4702.2	0.1042	0
65	55	55	30	30	3600	1.00	0.1215	1745.74	479.85	4559.7	0.1020	0
65	55	55	40	20	1800	0.85	0.0422	761.99	481.05	4208.9	0.3117	0
65	55	55	40	20	1800	1.00	0.0417	742.31	482.75	3800.7	0.3377	0
65	55	55	40	20	3600	0.85	0.1170	1697.80	481.28	4620.7	0.1224	0
65	55	55	40	20	3600	1.00	0.1205	1750.09	480.22	4736.7	0.1333	0
65	55	55	40	30	1800	0.85	0.0364	688.51	481.58	3588.0	0.2907	0
65	55	55	40	30	1800	1.00	0.0379	707.27	482.12	3515.4	0.3125	0
65	55	55	40	30	3600	0.85	0.1122	1611.14	480.37	4716.2	0.1304	0
65	55	55	40	30	3600	1.00	0.1162	1656.39	479.36	4562.5	0.1200	0
65	55	55	50	20	1800	0.85	0.0399	757.20	481.64	3925.7	0.2927	0
65	55	55	50	20	1800	1.00	0.0345	683.86	481.74	3564.1	0.2927	0
65	55	55	50	20	3600	0.85	0.1125	1629.47	479.49	4788.8	0.1042	0
65	55	55	50	20	3600	1.00	0.1160	1675.80	479.73	4483.1	0.1333	0
65	55	55	50	30	1800	0.85	0.0377	718.20	481.11	3679.3	0.3095	0
65	55	55	50	30	1800	1.00	0.0370	708.50	481.43	4046.5	0.3012	0
65	55	55	50	30	3600	0.85	0.1101	1589.54	480.35	4739.2	0.1000	0
65	55	55	50	30	3600	1.00	0.1094	1591.28	479.54	4481.1	0.0980	0
65	65	45	30	20	1800	0.85	0.0456	793.02	482.16	4182.7	0.3611	0
65	65	45	30	20	1800	1.00	0.0440	773.17	481.03	4472.5	0.3562	0
65	65	45	30	20	3600	0.85	0.1318	1894.89	480.43	4520.5	0.1395	0
65	65	45	30	20	3600	1.00	0.1298	1876.26	479.28	4651.8	0.1628	0
65	65	45	30	30	1800	0.85	0.0413	757.67	481.81	4236.4	0.4189	0
65	65	45	30	30	1800	1.00	0.0429	775.36	481.33	4390.2	0.3553	0
65	65	45	30	30	3600	0.85	0.1253	1780.90	480.63	4770.9	0.1042	0
65	65	45	30	30	3600	1.00	0.1257	1803.97	480.55	4636.1	0.1591	0
65	65	45	40	20	1800	0.85	0.0389	723.96	481.59	3673.1	0.3117	0
65	65	45	40	20	1800	1.00	0.0426	752.15	481.71	3742.1	0.3467	0
65	65	45	40	20	3600	0.85	0.1135	1657.43	480.00	4918.4	0.1400	0
65	65	45	40	20	3600	1.00	0.1156	1684.43	479.47	4650.4	0.1489	0
65	65	45	40	30	1800	0.85	0.0432	778.13	481.85	3794.9	0.3684	0
65	65	45	40	30	1800	1.00	0.0408	750.12	482.05	3931.5	0.3377	0
65	65	45	40	30	3600	0.85	0.1126	1619.54	480.91	4791.0	0.1400	0
65	65	45	40	30	3600	1.00	0.1119	1615.38	479.81	4650.3	0.1458	0
65	65	45	50	20	1800	0.85	0.0411	764.65	481.15	4227.2	0.3377	0
65	65	45	50	20	1800	1.00	0.0397	739.20	481.86	4037.9	0.3086	0
65	65	45	50	20	3600	0.85	0.1154	1671.45	480.65	4853.9	0.1064	0
65	65	45	50	20	3600	1.00	0.1179	1717.60	479.58	4558.4	0.1224	0
65	65	45	50	30	1800	0.85	0.0387	740.22	481.54	3923.1	0.3373	0
65	65	45	50	30	1800	1.00	0.0368	717.94	481.99	3469.4	0.3210	0
65	65	45	50	30	3600	0.85	0.1120	1626.89	480.32	4739.2	0.1000	0
65	65	45	50	30	3600	1.00	0.1145	1648.18	480.24	4737.9	0.1400	0
65	65	55	30	20	1800	0.85	0.0420	767.45	481.38	4151.0	0.3165	0
65	65	55	30	20	1800	1.00	0.0424	761.58	481.16	4169.2	0.3784	0
65	65	55	30	20	3600	0.85	0.1318	1894.89	480.43	4520.5	0.1395	0
65	65	55	30	20	3600	1.00	0.1306	1887.75	479.69	4730.3	0.1395	0
65	65	55	30	30	1800	0.85	0.0403	750.99	480.35	4313.9	0.2927	0
65	65	55	30	30	1800	1.00	0.0420	768.89	481.27	4180.6	0.3205	0
65	65	55	30	30	3600	0.85	0.1224	1758.44	479.96	4702.2	0.1042	0
65	65	55	30	30	3600	1.00	0.1250	1788.20	480.51	4649.4	0.1250	0
65	65	55	40	20	1800	0.85	0.0379	707.41	481.99	3660.3	0.2857	0
65	65	55	40	20	1800	1.00	0.0390	717.42	481.37	3800.7	0.2963	0
65	65	55	40	20	3600	0.85	0.1170	1697.80	481.28	4620.7	0.1224	0
65	65	55	40	20	3600	1.00	0.1204	1748.57	480.30	4519.1	0.1333	0
65	65	55	40	30	1800	0.85	0.0395	746.89	481.51	3719.9	0.3294	0
65	65	55	40	30	1800	1.00	0.0339	675.70	481.21	3535.2	0.2857	0
65	65	55	40	30	3600	0.85	0.1122	1611.14	480.37	4716.2	0.1304	0
65	65	55	40	30	3600	1.00	0.1143	1651.10	480.23	4705.6	0.1224	0
65	65	55	50	20	1800	0.85	0.0385	743.79	481.88	3989.6	0.2857	0
65	65	55	50	20	1800	1.00	0.0415	772.36	482.16	3631.0	0.3457	0
65	65	55	50	20	3600	0.85	0.1125	1629.47	479.49	4788.8	0.1042	0
65	65	55	50	20	3600	1.00	0.1210	1754.09	480.31	4726.3	0.1458	0
65	65	55	50	30	1800	0.85	0.0354	710.00	480.83	3335.1	0.2697	0
65	65	55	50	30	1800	1.00	0.0339	686.44	480.75	3945.0	0.3140	0
65	65	55	50	30	3600	0.85	0.1101	1589.54	480.35	4739.2	0.1000	0
65	65	55	50	30	3600	1.00	0.1126	1625.26	480.34	4915.5	0.0962	0
75	45	45	30	20	1800	0.85	0.0527	879.38	482.48	3721.3	0.4000	0
75	45	45	30	20	1800	1.00	0.0445	777.14	481.16	4282.1	0.4143	0
75	45	45	30	20	3600	0.85	0.1338	1892.89	479.47	4651.3	0.1429	0
75	45	45	30	20	3600	1.00	0.1335	1891.88	478.80	4579.2	0.1395	0
75	45	45	30	30	1800	0.85	0.0478	802.80	481.91	4107.0	0.4627	0
75	45	45	30	30	1800	1.00	0.0481	798.31	481.41	3874.2	0.4848	0
75	45	45	30	30	3600	0.85	0.1271	1810.60	479.95	4689.7	0.1224	0
75	45	45	30	30	3600	1.00	0.1312	1856.59	479.73	4813.9	0.1304	0
75	45	45	40	20	1800	0.85	0.0466	809.13	481.62	3761.9	0.3662	0
75	45	45	40	20	1800	1.00	0.0494	836.45	482.19	4086.3	0.4394	0
75	45	45	40	20	3600	0.85	0.1198	1708.72	480.72	4798.2	0.1277	0
75	45	45	40	20	3600	1.00	0.1222	1753.87	480.79	4553.7	0.1136	0
75	45	45	40	30	1800	0.85	0.0459	784.86	481.73	3984.2	0.4167	0
75	45	45	40	30	1800	1.00	0.0477	820.92	481.22	4237.0	0.4366	0
75	45	45	40	30	3600	0.85	0.1184	1675.11	480.23	4698.2	0.1429	0
75	45	45	40	30	3600	1.00	0.1224	1715.58	479.79	4571.9	0.1304	0
75	45	45	50	20	1800	0.85	0.0458	812.77	480.95	3999.5	0.3889	0
75	45	45	50	20	1800	1.00	0.0450	769.66	480.94	3651.2	0.4348	0
75	45	45	50	20	3600	0.85	0.1213	1741.26	480.78	4708.4	0.1277	0
75	45	45	50	20	3600	1.00	0.1262	1785.82	479.75	4601.6	0.1556	0
75	45	45	50	30	1800	0.85	0.0467	820.49	481.37	3923.4	0.4133	0
75	45	45	50	30	1800	1.00	0.0450	788.27	481.20	3795.8	0.3684	0
75	45	45	50	30	3600	0.85	0.1162	1643.39	480.82	4821.5	0.1200	0
75	45	45	50	30	3600	1.00	0.1189	1681.27	479.98	4700.4	0.1429	0
75	45	55	30	20	1800	0.85	0.0510	843.49	482.30	4212.9	0.4118	0
75	45	55	30	20	1800	1.00	0.0468	799.95	482.61	3934.8	0.4638	0
75	45	55	30	20	3600	0.85	0.1353	1923.21	480.40	4626.8	0.1429	0
75	45	55	30	20	3600	1.00	0.1334	1913.40	479.90	4820.6	0.1591	0
75	45	55	30	30	1800	0.85	0.0467	821.96	481.37	3801.2	0.3421	0
75	45	55	30	30	1800	1.00	0.0477	823.63	481.33	3991.5	0.3919	0
75	45	55	30	30	3600	0.85	0.1263	1786.06	480.12	4629.7	0.1429	0
75	45	55	30	30	3600	1.00	0.1318	1853.54	479.86	4670.8	0.1739	0
75	45	55	40	20	1800	0.85	0.0437	790.49	481.23	3812.5	0.3562	0
75	45	55	40	20	1800	1.00	0.0448	776.39	481.77	3960.9	0.3699	0
75	45	55	40	20	3600	0.85	0.1180	1677.09	480.47	4491.3	0.1064	0
75	45	55	40	20	3600	1.00	0.1212	1724.94	480.30	4945.4	0.1087	0
75	45	55	40	30	1800	0.85	0.0452	798.81	481.16	3738.8	0.4054	0
75	45	55	40	30	1800	1.00	0.0432	771.78	480.99	4028.6	0.4789	0
75	45	55	40	30	3600	0.85	0.1188	1698.27	480.58	5140.8	0.1042	0
75	45	55	40	30	3600	1.00	0.1171	1666.72	479.66	4503.1	0.1250	0
75	45	55	50	20	1800	0.85	0.0437	789.01	482.00	4065.3	0.3919	0
75	45	55	50	20	1800	1.00	0.0455	804.95	481.18	3848.6	0.3421	0
75	45	55	50	20	3600	0.85	0.1211	1738.52	481.03	4809.4	0.1277	0
75	45	55	50	20	3600	1.00	0.1214	1742.99	479.89	4643.7	0.1333	0
75	45	55	50	30	1800	0.85	0.0441	793.68	481.50	4132.1	0.3457	0
75	45	55	50	30	1800	1.00	0.0452	790.27	481.55	3972.0	0.3896	0
75	45	55	50	30	3600	0.85	0.1148	1625.64	479.58	4876.8	0.1400	0
75	45	55	50	30	3600	1.00	0.1163	1652.30	479.68	5158.5	0.1429	0
75	55	45	30	20	1800	0.85	0.0422	738.89	481.54	3591.7	0.3151	0
75	55	45	30	20	1800	1.00	0.0430	761.04	482.18	3959.6	0.3194	0
75	55	45	30	20	3600	0.85	0.1318	1894.89	480.43	4520.5	0.1395	0
75	55	45	30	20	3600	1.00	0.1308	1887.09	479.52	4629.1	0.1489	0
75	55	45	30	30	1800	0.85	0.0424	771.34	481.90	4534.3	0.3553	0
75	55	45	30	30	1800	1.00	0.0434	758.72	480.98	4119.6	0.3514	0
75	55	45	30	30	3600	0.85	0.1253	1780.90	480.63	4770.9	0.1042	0
75	55	45	30	30	3600	1.00	0.1245	1796.24	479.93	4664.9	0.1087	0
75	55	45	40	20	1800	0.85	0.0397	724.89	482.05	3942.1	0.4054	0
75	55	45	40	20	1800	1.00	0.0420	760.93	481.24	3909.5	0.3194	0
75	55	45	40	20	3600	0.85	0.1135	1657.43	480.00	4918.4	0.1400	0
75	55	45	40	20	3600	1.00	0.1227	1768.68	479.78	4768.6	0.1136	0
75	55	45	40	30	1800	0.85	0.0420	746.69	482.18	3518.1	0.3875	0
75	55	45	40	30	1800	1.00	0.0354	673.08	481.55	3683.5	0.3421	0
75	55	45	40	30	3600	0.85	0.1126	1619.54	480.91	4791.0	0.1400	0
75	55	45	40	30	3600	1.00	0.1145	1627.10	480.63	5256.1	0.1400	0
75	55	45	50	20	1800	0.85	0.0404	738.71	481.29	3812.7	0.2875	0
75	55	45	50	20	1800	1.00	0.0436	802.19	481.92	3745.9	0.3117	0
75	55	45	50	20	3600	0.85	0.1154	1671.45	480.65	4853.9	0.1064	0
75	55	45	50	20	3600	1.00	0.1202	1747.25	479.97	4467.4	0.1333	0
75	55	45	50	30	1800	0.85	0.0380	715.38	481.73	3513.0	0.3012	0
75	55	45	50	30	1800	1.00	0.0399	742.88	481.33	4062.8	0.3086	0
75	55	45	50	30	3600	0.85	0.1120	1626.89	480.32	4739.2	0.1000	0
75	55	45	50	30	3600	1.00	0.1120	1611.15	480.99	4672.3	0.1400	0
75	55	55	30	20	1800	0.85	0.0429	772.19	481.61	3985.6	0.2911	0
75	55	55	30	20	1800	1.00	0.0428	773.55	482.38	4169.2	0.3038	0
75	55	55	30	20	3600	0.85	0.1318	1894.89	480.43	4520.5	0.1395	0
75	55	55	30	20	3600	1.00	0.1248	1806.40	479.78	4740.9	0.1489	0
75	55	55	30	30	1800	0.85	0.0417	754.68	482.10	4287.1	0.3250	0
75	55	55	30	30	1800	1.00	0.0409	733.37	480.98	3409.8	0.3000	0
75	55	55	30	30	3600	0.85	0.1224	1758.44	479.96	4702.2	0.1042	0
75	55	55	30	30	3600	1.00	0.1257	1800.04	479.84	4652.8	0.1250	0
75	55	55	40	20	1800	0.85	0.0404	751.92	482.17	3829.1	0.3289	0
75	55	55	40	20	1800	1.00	0.0360	698.44	481.78	3800.7	0.3205	0
75	55	55	40	20	3600	0.85	0.1170	1697.80	481.28	4620.7	0.1224	0
75	55	55	40	20	3600	1.00	0.1173	1702.19	479.44	4602.5	0.1277	0
75	55	55	40	30	1800	0.85	0.0376	725.53	481.68	4048.3	0.3494	0
75	55	55	40	30	1800	1.00	0.0348	670.83	481.54	3775.2	0.3250	0
75	55	55	40	30	3600	0.85	0.1122	1611.14	480.37	4716.2	0.1304	0
75	55	55	40	30	3600	1.00	0.1162	1671.39	479.93	4492.9	0.1087	0
75	55	55	50	20	1800	0.85	0.0368	696.46	481.74	3960.5	0.2529	0
75	55	55	50	20	1800	1.00	0.0372	737.26	481.42	4190.1	0.2644	0
75	55	55	50	20	3600	0.85	0.1125	1629.47	479.49	4788.8	0.1042	0
75	55	55	50	20	3600	1.00	0.1189	1719.19	481.13	4687.9	0.1333	0
75	55	55	50	30	1800	0.85	0.0387	719.32	481.78	3892.8	0.2989	0
75	55	55	50	30	1800	1.00	0.0337	670.43	480.79	4362.6	0.2841	0
75	55	55	50	30	3600	0.85	0.1101	1589.54	480.35	4739.2	0.1000	0
75	55	55	50	30	3600	1.00	0.1130	1631.27	479.58	5002.7	0.1000	0
75	65	45	30	20	1800	0.85	0.0433	781.34	480.73	4826.8	0.3067	0
75	65	45	30	20	1800	1.00	0.0451	777.65	481.89	4298.5	0.3506	0
75	65	45	30	20	3600	0.85	0.1318	1894.89	480.43	4520.5	0.1395	0
75	65	45	30	20	3600	1.00	0.1280	1844.94	479.18	4693.8	0.1042	0
75	65	45	30	30	1800	0.85	0.0438	796.75	481.23	4519.2	0.3247	0
75	65	45	30	30	1800	1.00	0.0445	779.68	480.59	4738.9	0.3289	0
75	65	45	30	30	3600	0.85	0.1253	1780.90	480.63	4770.9	0.1042	0
75	65	45	30	30	3600	1.00	0.1260	1816.92	480.10	4593.3	0.1042	0
75	65	45	40	20	1800	0.85	0.0398	731.47	482.33	3475.0	0.3289	0
75	65	45	40	20	1800	1.00	0.0415	755.81	482.56	4033.6	0.3165	0
75	65	45	40	20	3600	0.85	0.1135	1657.43	480.00	4918.4	0.1400	0
75	65	45	40	20	3600	1.00	0.1119	1636.69	480.46	4383.7	0.1489	0
75	65	45	40	30	1800	0.85	0.0374	735.85	482.33	3735.7	0.3462	0
75	65	45	40	30	1800	1.00	0.0387	739.59	482.39	3611.4	0.3250	0
75	65	45	40	30	3600	0.85	0.1126	1619.54	480.91	4791.0	0.1400	0
75	65	45	40	30	3600	1.00	0.1125	1624.63	479.83	4704.2	0.1400	0
75	65	45	50	20	1800	0.85	0.0371	711.48	482.57	3659.4	0.3012	0
75	65	45	50	20	1800	1.00	0.0399	757.20	481.95	3599.1	0.2963	0
75	65	45	50	20	3600	0.85	0.1154	1671.45	480.65	4853.9	0.1064	0
75	65	45	50	20	3600	1.00	0.1209	1755.65	479.68	4900.3	0.1250	0
75	65	45	50	30	1800	0.85	0.0381	730.23	481.68	3721.9	0.2907	0
75	65	45	50	30	1800	1.00	0.0376	730.86	480.16	4288.7	0.2674	0
75	65	45	50	30	3600	0.85	0.1120	1626.89	480.32	4739.2	0.1000	0
75	65	45	50	30	3600	1.00	0.1102	1604.90	479.61	4608.2	0.1176	0
75	65	55	30	20	1800	0.85	0.0444	805.71	480.65	3908.6	0.2805	0
75	65	55	30	20	1800	1.00	0.0417	768.26	480.74	4169.2	0.2716	0
75	65	55	30	20	3600	0.85	0.1318	1894.89	480.43	4520.5	0.1395	0
75	65	55	30	20	3600	1.00	0.1306	1888.27	479.48	4740.1	0.1395	0
75	65	55	30	30	1800	0.85	0.0394	735.28	480.67	3719.3	0.3214	0
75	65	55	30	30	1800	1.00	0.0408	765.11	481.01	4360.9	0.2976	0
75	65	55	30	30	3600	0.85	0.1224	1758.44	479.96	4702.2	0.1042	0
75	65	55	30	30	3600	1.00	0.1247	1787.46	479.88	4649.2	0.1224	0
75	65	55	40	20	1800	0.85	0.0369	708.10	481.80	3296.3	0.2738	0
75	65	55	40	20	1800	1.00	0.0393	734.59	481.09	3800.7	0.2892	0
75	65	55	40	20	3600	0.85	0.1170	1697.80	481.28	4620.7	0.1224	0
75	65	55	40	20	3600	1.00	0.1208	1764.37	480.42	4540.5	0.1333	0
75	65	55	40	30	1800	0.85	0.0395	750.94	482.07	3641.5	0.2778	0
75	65	55	40	30	1800	1.00	0.0336	675.06	481.41	3521.8	0.2500	0
75	65	55	40	30	3600	0.85	0.1122	1611.14	480.37	4716.2	0.1304	0
75	65	55	40	30	3600	1.00	0.1153	1664.86	480.25	4575.2	0.1633	0
75	65	55	50	20	1800	0.85	0.0339	688.84	480.89	3804.3	0.2759	0
75	65	55	50	20	1800	1.00	0.0360	710.14	481.40	3564.1	0.2472	0
75	65	55	50	20	3600	0.85	0.1125	1629.47	479.49	4788.8	0.1042	0
75	65	55	50	20	3600	1.00	0.1137	1670.51	480.24	4560.8	0.1042	0
75	65	55	50	30	1800	0.85	0.0365	721.33	481.51	3672.7	0.2637	0
75	65	55	50	30	1800	1.00	0.0342	679.04	481.76	3423.1	0.2747	0
75	65	55	50	30	3600	0.85	0.1101	1589.54	480.35	4739.2	0.1000	0
75	65	55	50	30	3600	1.00	0.1115	1602.67	480.09	4672.3	0.1373	0
