# completamenti	seed_123456789	seed_2010924726	seed_417893401	seed_281668658	seed_1918141768
20	3,4160	3,9309	2,9003	6,0339	4,2885
40	4,2652	3,5777	3,6041	5,2977	4,1546
60	7,3098	4,0741	4,4891	5,6879	5,4706
80	8,5142	4,4980	5,3013	5,5338	5,5227
100	8,1076	4,3341	5,2992	5,0488	5,3728
120	7,2984	4,5199	5,2438	5,9794	5,6618
140	7,3034	4,6009	5,6065	6,1369	5,9788
160	7,3354	4,5894	6,0428	6,5618	6,7549
180	7,0364	5,1589	6,2382	6,5227	7,2896
200	7,0782	5,7684	6,2665	6,6924	7,5519
220	7,2949	5,9213	6,3868	6,5175	7,4532
240	7,0950	5,8190	6,0983	6,6172	7,4153
260	6,9704	5,8990	6,3217	6,7524	7,7179
280	6,9157	6,0479	6,4398	6,7298	7,5805
300	6,8630	6,1366	6,3832	6,7157	7,5285
320	6,7937	6,1857	6,6125	6,8031	7,2618
340	6,8533	6,5641	6,6183	6,9143	7,2258
360	6,6395	7,1032	6,7857	6,8018	7,2504
380	6,6558	7,6150	6,7717	6,7895	7,1676
400	6,7199	7,6908	6,7767	6,9023	6,9963
420	6,5154	7,5868	6,6529	6,8448	7,0417
440	6,6802	7,8554	6,5466	6,8472	6,8693
460	6,6994	8,5176	6,5162	6,9193	6,8332
480	6,9307	8,6175	6,4754	6,9132	6,9327
500	6,9907	8,5155	6,3911	6,8065	7,1259
520	6,9816	8,4166	6,3533	6,8964	7,1721
540	7,0217	8,4771	6,3702	6,8821	7,1406
560	7,0399	8,4258	6,2950	6,9116	7,1062
580	6,9720	8,5774	6,2922	6,9884	6,9983
600	6,9814	8,6709	6,5573	7,0572	6,9523
620	6,9908	8,6663	6,6550	6,9915	7,0002
640	6,9316	8,6599	6,6904	6,9051	7,0521
660	7,0147	8,6401	6,7276	6,9306	7,1080
680	7,0780	8,5850	6,7476	6,9669	7,0957
700	6,9569	8,4801	6,7374	6,9828	7,1054
720	7,0274	8,4207	6,6982	6,9999	7,1439
740	7,0947	8,3656	6,6898	7,0066	7,1212
760	7,0791	8,3263	6,6616	6,9611	7,0570
780	7,1663	8,3107	6,6195	6,8681	7,0508
800	7,2145	8,2159	6,6054	6,8526	7,1466
820	7,2672	8,1172	6,6862	6,8222	7,0868
840	7,2753	7,9660	6,6173	6,7551	6,9812
860	7,2450	7,8990	6,5848	7,0052	6,8935
880	7,2139	7,8925	6,6395	7,2381	6,8218
900	7,2600	7,9247	6,6552	7,3358	6,8135
920	7,2969	7,9321	6,6052	7,3496	6,7843
940	7,2856	7,9357	6,6029	7,3064	6,9070
960	7,2883	7,8745	6,6354	7,2962	6,9516
980	7,2928	7,8738	6,5432	7,3650	6,9238
1000	7,2441	7,9136	6,5255	7,3219	6,8709
1020	7,2346	7,8903	6,6843	7,3141	6,8529
1040	7,2926	7,8723	6,6600	7,4473	6,8255
1060	7,2220	7,8590	6,6299	7,5387	6,8431
1080	7,2002	7,8146	6,6694	7,5323	6,9064
1100	7,1900	7,7991	6,6688	7,5053	6,8902
1120	7,1656	7,7446	6,6903	7,5779	6,8198
1140	7,1193	7,7050	6,6503	7,7049	6,7677
1160	7,0682	7,6691	6,6930	7,7279	6,7145
1180	7,0272	7,6097	6,7037	7,6979	6,7199
1200	7,0503	7,5394	6,6658	7,7662	6,7471
1220	7,0080	7,4850	6,7072	7,8264	6,7741
1240	7,0315	7,4746	6,7192	7,8215	6,7508
1260	6,9852	7,4989	6,7150	7,7932	6,7672
1280	6,9490	7,4756	6,7470	7,8015	6,8038
1300	6,9871	7,4555	6,7825	7,7570	6,8486
1320	6,9554	7,4253	6,8157	7,8016	6,8850
1340	6,9392	7,4173	6,8329	7,7509	6,9013
1360	6,9877	7,4533	6,8376	7,6951	6,8726
1380	7,0035	7,4211	6,9434	7,6748	6,8662
1400	7,0232	7,3362	7,0279	7,6362	6,8485
1420	7,1042	7,2908	7,0495	7,6203	6,8734
1440	7,1550	7,2935	7,0392	7,6199	6,8993
1460	7,1647	7,2573	7,0221	7,6500	6,8481
1480	7,1399	7,1692	6,9378	7,6256	6,8656
1500	7,1929	7,1479	6,9020	7,6653	6,9098
1520	7,2256	7,1073	6,8646	7,6683	6,8842
1540	7,2066	7,1124	6,9194	7,6593	6,8864
1560	7,1917	7,1267	6,9442	7,6383	6,9267
1580	7,1633	7,1123	6,9409	7,6317	6,9717
1600	7,1319	7,1157	6,8884	7,6499	6,9805
1620	7,0983	7,1451	6,8753	7,6160	6,9754
1640	7,1040	7,2070	6,8515	7,5840	6,9339
1660	7,0840	7,2245	6,8412	7,6016	6,8960
1680	7,0792	7,2091	6,8192	7,6424	6,8556
1700	7,0826	7,2384	6,7966	7,5987	6,8118
1720	7,1055	7,3061	6,7748	7,6039	6,7823
1740	7,1074	7,2970	6,7371	7,5789	6,7772
1760	7,0886	7,2956	6,6937	7,5419	6,7767
1780	7,0859	7,3022	6,6392	7,5156	6,7633
1800	7,0498	7,3213	6,6266	7,5788	6,7516
1820	7,0250	7,2978	6,6177	7,6436	6,7621
1840	7,0060	7,2915	6,6073	7,6450	6,7925
1860	6,9746	7,3218	6,5859	7,6661	6,7681
1880	6,9867	7,3293	6,5842	7,7069	6,7748
1900	6,9677	7,2963	6,6005	7,7015	6,7629
1920	6,9693	7,2953	6,5637	7,6926	6,7419
1940	6,9597	7,2539	6,5711	7,6892	6,7578
1960	6,9459	7,3139	6,5679	7,6930	6,7597
1980	6,9106	7,3425	6,5377	7,7410	6,7353
2000	6,8776	7,3811	6,5365	7,7700	6,7252
2020	6,8642	7,3734	6,5654	7,7576	6,7087
2040	6,9214	7,3526	6,6047	7,7627	6,6987
2060	6,9287	7,3820	6,6621	7,7764	6,6788
2080	6,9257	7,3859	6,7217	7,7691	6,6589
2100	6,9266	7,3542	6,7436	7,7714	6,6562
2120	6,9549	7,3464	6,7444	7,7739	6,6811
2140	6,9805	7,3351	6,7419	7,7514	6,7249
2160	6,9965	7,3008	6,7486	7,7470	6,7481
2180	6,9695	7,3114	6,7367	7,7655	6,7444
2200	6,9933	7,2949	6,7218	7,7869	6,7383
2220	6,9590	7,2628	6,7283	7,7532	6,7494
2240	6,9824	7,2553	6,7302	7,7263	6,7055
2260	7,0067	7,2612	6,7110	7,7554	6,7151
2280	6,9794	7,2533	6,7431	7,7118	6,7109
2300	7,0010	7,2489	6,7512	7,7028	6,7041
2320	6,9981	7,2105	6,7326	7,7133	6,7916
2340	6,9912	7,2145	6,7565	7,7224	6,8209
2360	6,9872	7,2155	6,7989	7,7090	6,8668
2380	6,9872	7,1930	6,8253	7,7296	6,8940
2400	6,9542	7,1681	6,8896	7,8008	6,8736
2420	6,9509	7,1413	6,9370	7,8028	6,8628
2440	6,9455	7,1107	7,0556	7,8195	6,8761
2460	6,9259	7,0843	7,1294	7,8615	6,9029
2480	6,9070	7,0959	7,1370	7,8612	6,8886
2500	6,9582	7,0956	7,1075	7,8573	6,8901
2520	6,9775	7,0931	7,1150	7,8721	6,8951
2540	6,9662	7,1033	7,1414	7,8694	6,8711
2560	6,9815	7,0868	7,1533	7,8752	6,8698
2580	7,0150	7,0681	7,1548	7,8474	6,8587
2600	7,0346	7,0590	7,1631	7,8203	6,8339
2620	7,0340	7,0692	7,1809	7,8020	6,8171
2640	7,0321	7,0631	7,1948	7,7769	6,8000
2660	7,0257	7,0338	7,2190	7,7848	6,8026
2680	7,0356	7,0278	7,2220	7,7695	6,8016
2700	7,0451	7,0431	7,2273	7,7463	6,8133
2720	7,0519	7,0518	7,2365	7,7333	6,8206
2740	7,0345	7,0485	7,2573	7,7373	6,8200
2760	7,0338	7,0373	7,2724	7,7119	6,8097
2780	7,0009	7,0452	7,2870	7,6984	6,7985
2800	6,9961	7,0343	7,2616	7,6950	6,7871
2820	6,9755	7,0170	7,2614	7,6996	6,8000
2840	6,9562	7,0099	7,2599	7,6740	6,8154
2860	6,9387	7,0163	7,2276	7,6664	6,7937
2880	6,9236	7,0775	7,2014	7,6804	6,7826
2900	6,9299	7,0804	7,1947	7,6724	6,7917
2920	6,9143	7,0674	7,1726	7,6905	6,8055
2940	6,8987	7,0640	7,1782	7,6857	6,8118
2960	6,8951	7,0452	7,1946	7,6861	6,8328
2980	6,8811	7,0351	7,2100	7,6924	6,8312
3000	6,8817	7,0536	7,1999	7,7039	6,8302
3020	6,8862	7,0546	7,2198	7,6862	6,8326
3040	6,8824	7,0260	7,1972	7,6858	6,8370
3060	6,8630	7,0314	7,1899	7,6793	6,8386
3080	6,8750	7,0314	7,1973	7,6700	6,8500
3100	6,8796	7,0410	7,2125	7,7046	6,8497
3120	6,8708	7,0222	7,2316	7,7308	6,8686
3140	6,8576	7,0349	7,2193	7,8199	6,8598
3160	6,8529	7,0482	7,2478	7,8433	6,8481
3180	6,8600	7,0470	7,2751	7,8581	6,8409
3200	6,8584	7,0433	7,2817	7,8807	6,8377
3220	6,8599	7,0532	7,2800	7,9235	6,8310
3240	6,8755	7,0872	7,2857	7,9438	6,8390
3260	6,8904	7,1161	7,2715	7,9748	6,8350
3280	6,8985	7,1254	7,2630	7,9806	6,8075
3300	6,8968	7,1204	7,2363	8,0102	6,8028
3320	6,8905	7,1331	7,2376	8,0550	6,8383
3340	6,8636	7,1408	7,2426	8,0864	6,8280
3360	6,8753	7,1395	7,2504	8,0906	6,8397
3380	6,9006	7,1465	7,2395	8,0975	6,8832
3400	6,9016	7,1330	7,2567	8,1011	6,9023
3420	6,9008	7,1304	7,2593	8,0995	6,9092
3440	6,9173	7,1387	7,2272	8,1178	6,9212
3460	6,9362	7,1174	7,2201	8,1161	6,9384
3480	6,9339	7,1230	7,2371	8,1037	6,9468
3500	6,9318	7,1221	7,2741	8,1214	6,9735
3520	6,9324	7,1264	7,3598	8,1184	6,9788
3540	6,9281	7,1208	7,3988	8,1054	6,9877
3560	6,9275	7,1012	7,4395	8,0764	7,0018
3580	6,9250	7,1163	7,5134	8,0804	7,0138
3600	6,9153	7,1204	7,5394	8,1001	7,0151
3620	6,9013	7,1029	7,5441	8,0957	7,0191
3640	6,8855	7,1061	7,5654	8,1052	7,0236
3660	6,8882	7,1304	7,6018	8,0971	7,0342
3680	6,9042	7,1489	7,6090	8,0660	7,0269
3700	6,9119	7,1459	7,6179	8,0647	7,0314
3720	6,9264	7,1439	7,6026	8,0799	7,0452
3740	6,9875	7,1495	7,6137	8,0921	7,0467
3760	7,0188	7,1546	7,6176	8,0759	7,0352
3780	7,0538	7,1523	7,6162	8,0651	7,0353
3800	7,0614	7,1605	7,5945	8,0865	7,0439
3820	7,1263	7,1580	7,6118	8,0966	7,0597
3840	7,1464	7,1496	7,6127	8,1084	7,0744
3860	7,1461	7,1641	7,5981	8,1523	7,0673
3880	7,1542	7,1931	7,5845	8,1628	7,1130
3900	7,1442	7,1975	7,5984	8,1548	7,1455
3920	7,1623	7,2049	7,5879	8,1576	7,1586
3940	7,1555	7,2095	7,5923	8,1666	7,1613
3960	7,1335	7,2231	7,6006	8,1722	7,1584
3980	7,1453	7,2167	7,6121	8,1713	7,1503
4000	7,1556	7,2280	7,5841	8,1585	7,1442
4020	7,1452	7,2260	7,5864	8,1483	7,1535
4040	7,1391	7,2181	7,5871	8,1370	7,1472
4060	7,1366	7,2160	7,5788	8,1253	7,1419
4080	7,1251	7,2377	7,5766	8,1105	7,1347
4100	7,1413	7,2427	7,5855	8,1089	7,1356
4120	7,1392	7,2356	7,5979	8,0783	7,1444
4140	7,1266	7,2312	7,6128	8,0603	7,1340
4160	7,1194	7,2440	7,6300	8,0540	7,1663
4180	7,1043	7,2376	7,6302	8,0511	7,1716
4200	7,0959	7,2409	7,6213	8,0334	7,1588
4220	7,0768	7,2283	7,6041	8,0390	7,1756
4240	7,0728	7,2195	7,5998	8,0376	7,1740
4260	7,0739	7,2097	7,5819	8,0266	7,1616
4280	7,0891	7,2077	7,5806	8,0177	7,1571
4300	7,0910	7,2070	7,5804	8,0054	7,1454
4320	7,0778	7,1981	7,5645	8,0122	7,1701
4340	7,0818	7,1885	7,5688	8,0085	7,1900
4360	7,0877	7,1862	7,5836	7,9903	7,1950
4380	7,0777	7,2058	7,5895	7,9997	7,2027
4400	7,0725	7,2017	7,5742	8,0069	7,2036
4420	7,0657	7,2144	7,5747	7,9970	7,1953
4440	7,0762	7,2455	7,5632	7,9758	7,1949
4460	7,0849	7,2498	7,5499	7,9745	7,2257
4480	7,0870	7,2357	7,5594	7,9545	7,2335
4500	7,0999	7,2305	7,5621	7,9434	7,2275
4520	7,1132	7,2311	7,5598	7,9434	7,2360
4540	7,1121	7,2136	7,5773	7,9464	7,2246
4560	7,1161	7,2081	7,5949	7,9416	7,2274
4580	7,1212	7,2108	7,6018	7,9504	7,2203
4600	7,1247	7,2162	7,5954	7,9647	7,2161
4620	7,1398	7,2075	7,5816	8,0304	7,2087
4640	7,1571	7,2129	7,6874	8,0455	7,2014
4660	7,1509	7,2141	7,7455	8,0563	7,1862
4680	7,1478	7,2070	7,7846	8,0678	7,1754
4700	7,1487	7,2047	7,8154	8,0686	7,1687
4720	7,1507	7,2046	7,8290	8,0552	7,1585
4740	7,1448	7,2109	7,8567	8,0511	7,1675
4760	7,1265	7,1993	7,8657	8,0469	7,1642
4780	7,1143	7,1829	7,8652	8,0480	7,1533
4800	7,1038	7,1745	7,8528	8,0378	7,1343
4820	7,0912	7,1720	7,8506	8,0222	7,1309
4840	7,1215	7,1795	7,8494	8,0182	7,1392
4860	7,1438	7,1893	7,8414	8,0226	7,1322
4880	7,1702	7,1929	7,8360	8,0026	7,1296
4900	7,1827	7,1959	7,8439	7,9952	7,1271
4920	7,1954	7,1954	7,8425	7,9982	7,1165
4940	7,1965	7,1853	7,8239	7,9819	7,1178
4960	7,2343	7,1738	7,8256	7,9656	7,1223
4980	7,2388	7,1708	7,8308	7,9719	7,1086
5000	7,2441	7,1604	7,8315	7,9669	7,1007
5020	7,2457	7,1466	7,8437	7,9468	7,1060
5040	7,2373	7,1447	7,8481	7,9332	7,1036
5060	7,2308	7,1532	7,8410	7,9305	7,1035
5080	7,2324	7,1485	7,8391	7,9122	7,1075
5100	7,2294	7,1732	7,8531	7,9122	7,1113
5120	7,2146	7,1801	7,8536	7,9120	7,0989
5140	7,2029	7,1845	7,8589	7,8952	7,1025
5160	7,1925	7,1980	7,8668	7,8837	7,1007
5180	7,1844	7,2017	7,8632	7,8865	7,0862
5200	7,1880	7,2164	7,8593	7,8807	7,0889
5220	7,1893	7,2070	7,8461	7,8771	7,0945
5240	7,1825	7,2002	7,8428	7,8758	7,0982
5260	7,1787	7,2093	7,8268	7,8700	7,0883
5280	7,1893	7,1980	7,8228	7,8578	7,0930
5300	7,1781	7,1941	7,8016	7,8388	7,0926
5320	7,1826	7,1958	7,7746	7,8464	7,0940
5340	7,1765	7,2030	7,7698	7,8258	7,0958
5360	7,1794	7,1932	7,7654	7,8297	7,0860
5380	7,1858	7,2042	7,7458	7,8280	7,0847
5400	7,2007	7,2024	7,7455	7,8103	7,0971
5420	7,1999	7,1893	7,7398	7,8084	7,0978
5440	7,2002	7,1825	7,7389	7,8148	7,1030
5460	7,2298	7,1920	7,7337	7,8106	7,1123
5480	7,2316	7,2004	7,7295	7,7866	7,1237
5500	7,2330	7,2053	7,7355	7,7777	7,1192
5520	7,2305	7,2102	7,7400	7,7784	7,1088
5540	7,2318	7,2179	7,7386	7,7667	7,1009
5560	7,2659	7,2099	7,7203	7,7750	7,0984
5580	7,3040	7,1956	7,7133	7,7770	7,0867
5600	7,3361	7,1984	7,7053	7,7974	7,0751
5620	7,3525	7,1883	7,6990	7,7831	7,0771
5640	7,3487	7,1799	7,7075	7,8042	7,0668
5660	7,3470	7,1806	7,7203	7,8137	7,0587
5680	7,3522	7,1843	7,7151	7,8081	7,0516
5700	7,3366	7,1723	7,6956	7,8220	7,0445
5720	7,3475	7,1750	7,7034	7,8286	7,0497
5740	7,3501	7,1738	7,7120	7,8178	7,0676
5760	7,3433	7,1699	7,7075	7,8021	7,0614
5780	7,3310	7,1624	7,6990	7,8275	7,0650
5800	7,3348	7,1655	7,6875	7,8306	7,0663
5820	7,3418	7,1632	7,6877	7,8162	7,0610
5840	7,3360	7,1646	7,6841	7,8155	7,0564
5860	7,3405	7,1672	7,7158	7,8222	7,0699
5880	7,3506	7,1642	7,7331	7,8251	7,0835
5900	7,3537	7,1670	7,7314	7,8033	7,0841
5920	7,3409	7,1388	7,7255	7,8169	7,0910
5940	7,3480	7,1454	7,7302	7,8224	7,0997
5960	7,3675	7,1479	7,7282	7,8047	7,1200
5980	7,3750	7,1517	7,7157	7,8049	7,1156
6000	7,3825	7,1385	7,7168	7,8016	7,1371
6020	7,4108	7,1413	7,7182	7,7873	7,1573
6040	7,4353	7,1485	7,7087	7,7841	7,1715
6060	7,4621	7,1325	7,7108	7,7822	7,1768
6080	7,4924	7,1253	7,7084	7,7663	7,1845
6100	7,5062	7,1298	7,7058	7,7594	7,1827
6120	7,5209	7,1517	7,6914	7,7538	7,1866
6140	7,5278	7,1761	7,6953	7,7498	7,1977
6160	7,5308	7,1747	7,7080	7,7470	7,2081
6180	7,5291	7,1760	7,7207	7,7504	7,2030
6200	7,5182	7,1790	7,7221	7,7480	7,2009
6220	7,5178	7,1739	7,7309	7,7433	7,2003
6240	7,5197	7,1694	7,7326	7,7388	7,1929
6260	7,5211	7,1706	7,7282	7,7384	7,1821
6280	7,5196	7,1650	7,7295	7,7241	7,1881
6300	7,5138	7,1536	7,7420	7,7133	7,1866
6320	7,4979	7,1573	7,7489	7,7082	7,1930
6340	7,4961	7,1742	7,7499	7,7051	7,1939
6360	7,4894	7,1864	7,7491	7,7096	7,2029
6380	7,4789	7,1790	7,7581	7,7096	7,2010
6400	7,4661	7,1751	7,7674	7,6946	7,1979
6420	7,4621	7,1744	7,7664	7,6874	7,1900
6440	7,4632	7,1671	7,7661	7,6851	7,1922
6460	7,4520	7,1674	7,7646	7,6807	7,1880
6480	7,4580	7,1769	7,7700	7,6701	7,1803
6500	7,4599	7,1827	7,7625	7,6825	7,1755
6520	7,4515	7,1748	7,7588	7,6810	7,1700
6540	7,4481	7,1745	7,7537	7,6722	7,1727
6560	7,4520	7,1769	7,7435	7,6661	7,1707
6580	7,4506	7,1946	7,7457	7,6705	7,1623
6600	7,4457	7,1891	7,7377	7,6740	7,1709
6620	7,4566	7,1855	7,7325	7,6809	7,1775
6640	7,4560	7,1943	7,7327	7,6739	7,1790
6660	7,4475	7,1871	7,7258	7,6676	7,1693
6680	7,4560	7,1888	7,7242	7,6649	7,1772
6700	7,4574	7,1871	7,7236	7,6693	7,1887
6720	7,4383	7,1840	7,7228	7,6598	7,1840
6740	7,4528	7,1731	7,7159	7,6616	7,1859
6760	7,4565	7,1720	7,7158	7,6641	7,1895
6780	7,4483	7,1693	7,7436	7,6540	7,1866
6800	7,4446	7,1657	7,7538	7,6413	7,1804
6820	7,4472	7,1801	7,7559	7,6403	7,1742
6840	7,4604	7,1773	7,7525	7,6322	7,1733
6860	7,4507	7,1743	7,7768	7,6338	7,1743
6880	7,4478	7,1731	7,7996	7,6348	7,1846
6900	7,4358	7,1588	7,8515	7,6318	7,1876
6920	7,4284	7,1594	7,8900	7,6306	7,1849
6940	7,4198	7,1620	7,9251	7,6357	7,1921
6960	7,4070	7,1612	7,9522	7,6386	7,1955
6980	7,4132	7,1538	7,9701	7,6249	7,1990
7000	7,4117	7,1571	7,9804	7,6177	7,1944
7020	7,4092	7,1601	7,9836	7,6140	7,1959
7040	7,3995	7,1559	7,9853	7,6308	7,1970
7060	7,3982	7,1447	7,9835	7,6423	7,2206
7080	7,4026	7,1465	7,9892	7,6542	7,2335
7100	7,4016	7,1410	7,9907	7,6636	7,2295
7120	7,4029	7,1350	8,0145	7,6604	7,2346
7140	7,3969	7,1361	8,0147	7,6519	7,2483
7160	7,4082	7,1394	8,0151	7,6575	7,2433
7180	7,4073	7,1494	8,0141	7,6623	7,2429
7200	7,4024	7,1452	8,0130	7,6506	7,2451
7220	7,4003	7,1393	8,0158	7,6611	7,2427
7240	7,3974	7,1373	8,0126	7,6618	7,2398
7260	7,4069	7,1572	8,0135	7,6467	7,2291
7280	7,4179	7,1764	7,9952	7,6564	7,2302
7300	7,4170	7,1842	7,9984	7,6586	7,2335
7320	7,4148	7,1759	7,9992	7,6498	7,2452
7340	7,4162	7,1878	7,9921	7,6519	7,2347
7360	7,4143	7,1896	7,9918	7,6481	7,2328
7380	7,4141	7,1793	7,9899	7,6482	7,2286
7400	7,4077	7,1719	7,9851	7,6415	7,2109
7420	7,4135	7,1710	7,9844	7,6409	7,2032
7440	7,4110	7,1646	7,9846	7,6470	7,1946
7460	7,4088	7,1695	7,9941	7,6470	7,1853
7480	7,4136	7,1628	7,9946	7,6453	7,1891
7500	7,4114	7,1614	7,9877	7,6428	7,2032
7520	7,4040	7,1603	8,0002	7,6492	7,2062
7540	7,4064	7,1519	8,0049	7,6460	7,2011
7560	7,4134	7,1455	8,0027	7,6362	7,2044
7580	7,4070	7,1383	7,9990	7,6412	7,1945
7600	7,4017	7,1330	8,0032	7,6412	7,1893
7620	7,4022	7,1356	8,0027	7,6354	7,1905
7640	7,4098	7,1301	7,9862	7,6328	7,1952
7660	7,4079	7,1229	7,9799	7,6261	7,1904
7680	7,4107	7,1165	7,9735	7,6039	7,1886
7700	7,4175	7,1198	7,9693	7,6009	7,1801
7720	7,4219	7,1335	7,9719	7,6144	7,1832
7740	7,4117	7,1576	7,9722	7,6040	7,1903
7760	7,4096	7,1658	7,9766	7,5975	7,1888
7780	7,4177	7,1688	7,9788	7,5909	7,1838
7800	7,4138	7,1881	7,9791	7,5814	7,1786
7820	7,4226	7,1953	7,9830	7,5863	7,1757
7840	7,4282	7,1855	7,9777	7,5837	7,1762
7860	7,4307	7,1915	7,9766	7,5829	7,1644
7880	7,4279	7,1905	7,9766	7,5780	7,1576
7900	7,4313	7,1823	7,9726	7,5797	7,1557
7920	7,4410	7,1797	7,9693	7,5739	7,1543
7940	7,4413	7,1771	7,9691	7,5610	7,1580
7960	7,4350	7,1748	7,9699	7,5589	7,1589
7980	7,4395	7,1608	7,9710	7,5623	7,1485
8000	7,4546	7,1560	7,9647	7,5619	7,1531
8020	7,4580	7,1468	7,9656	7,5572	7,1553
8040	7,4521	7,1478	7,9737	7,5559	7,1510
8060	7,4647	7,1390	7,9935	7,5500	7,1524
8080	7,4671	7,1324	7,9858	7,5424	7,1638
8100	7,4615	7,1325	7,9890	7,5353	7,1702
8120	7,4645	7,1278	7,9927	7,5313	7,1664
8140	7,4806	7,1342	7,9786	7,5422	7,1614
8160	7,4799	7,1334	7,9756	7,5456	7,1628
8180	7,4759	7,1369	7,9694	7,5459	7,1618
8200	7,4658	7,1516	7,9575	7,5376	7,1571
8220	7,4708	7,1735	7,9428	7,5303	7,1567
8240	7,4645	7,1865	7,9341	7,5237	7,1408
8260	7,4572	7,1880	7,9259	7,5170	7,1378
8280	7,4549	7,1973	7,9223	7,5061	7,1401
8300	7,4548	7,2068	7,9237	7,5111	7,1293
8320	7,4631	7,2063	7,9197	7,5160	7,1232
8340	7,4632	7,2020	7,9233	7,5132	7,1183
8360	7,4617	7,2015	7,9230	7,5164	7,1057
8380	7,4679	7,2064	7,9161	7,5100	7,1037
8400	7,4707	7,2098	7,9101	7,5121	7,1022
8420	7,4695	7,2233	7,9020	7,5162	7,0986
8440	7,4630	7,2309	7,9083	7,5213	7,0976
8460	7,4674	7,2241	7,9174	7,5182	7,1013
8480	7,4683	7,2218	7,9172	7,5267	7,1033
8500	7,4848	7,2147	7,9180	7,5329	7,1074
8520	7,4934	7,2074	7,9183	7,5393	7,1053
8540	7,4885	7,2007	7,9102	7,5571	7,1078
8560	7,4837	7,1923	7,9056	7,5652	7,1094
8580	7,4750	7,1919	7,9003	7,5652	7,0977
8600	7,4755	7,1878	7,9027	7,5596	7,1186
8620	7,4767	7,1837	7,9037	7,5648	7,1235
8640	7,4823	7,1854	7,8945	7,5686	7,1212
8660	7,4776	7,1821	7,8954	7,5641	7,1183
8680	7,4801	7,1768	7,9040	7,5598	7,1242
8700	7,4987	7,1741	7,9024	7,5638	7,1370
8720	7,5069	7,1715	7,8920	7,5592	7,1558
8740	7,5076	7,1647	7,8885	7,5512	7,1572
8760	7,4997	7,1603	7,8912	7,5527	7,1570
8780	7,4996	7,1756	7,8973	7,5503	7,1671
8800	7,4928	7,1803	7,8975	7,5473	7,1668
8820	7,4860	7,1813	7,8954	7,5370	7,1687
8840	7,4862	7,1824	7,8886	7,5318	7,1751
8860	7,4909	7,1758	7,8856	7,5290	7,1743
8880	7,4901	7,1748	7,8800	7,5183	7,1744
8900	7,4837	7,1758	7,8699	7,5126	7,1737
8920	7,4890	7,1787	7,8637	7,5093	7,1661
8940	7,5107	7,1830	7,8600	7,5090	7,1634
8960	7,5296	7,1892	7,8603	7,5100	7,1585
8980	7,5413	7,1909	7,8626	7,5015	7,1591
9000	7,5451	7,1919	7,8580	7,4906	7,1568
9020	7,5477	7,1962	7,8548	7,4835	7,1527
9040	7,5442	7,1956	7,8563	7,4813	7,1548
9060	7,5513	7,1878	7,8576	7,4825	7,1561
9080	7,5543	7,1839	7,8479	7,4804	7,1531
9100	7,5464	7,1887	7,8443	7,4824	7,1545
9120	7,5456	7,1811	7,8430	7,4893	7,1531
9140	7,5436	7,1861	7,8380	7,4895	7,1558
9160	7,5377	7,1849	7,8386	7,4968	7,1647
9180	7,5360	7,1770	7,8366	7,4991	7,1666
9200	7,5349	7,1710	7,8377	7,5006	7,1666
9220	7,5246	7,1681	7,8387	7,5016	7,1747
9240	7,5286	7,1661	7,8353	7,5051	7,1679
9260	7,5289	7,1610	7,8323	7,5029	7,1649
9280	7,5274	7,1617	7,8291	7,4907	7,1714
9300	7,5408	7,1602	7,8254	7,4833	7,1717
9320	7,5459	7,1563	7,8174	7,4783	7,1643
9340	7,5382	7,1475	7,8096	7,4826	7,1626
9360	7,5311	7,1504	7,8106	7,4851	7,1670
9380	7,5214	7,1542	7,8071	7,4844	7,1606
9400	7,5209	7,1472	7,8029	7,4853	7,1630
9420	7,5266	7,1533	7,8031	7,4866	7,1620
9440	7,5305	7,1673	7,7991	7,4760	7,1582
9460	7,5316	7,1633	7,7962	7,4657	7,1553
9480	7,5267	7,1564	7,7995	7,4602	7,1620
9500	7,5257	7,1551	7,7919	7,4608	7,1679
9520	7,5228	7,1594	7,7890	7,4582	7,1739
9540	7,5125	7,1522	7,7818	7,4600	7,1727
9560	7,5054	7,1488	7,7696	7,4564	7,1990
9580	7,5043	7,1497	7,7614	7,4594	7,2235
9600	7,4995	7,1490	7,7547	7,4547	7,2552
9620	7,4952	7,1444	7,7507	7,4644	7,2699
9640	7,4948	7,1434	7,7478	7,4761	7,2907
9660	7,4905	7,1313	7,7382	7,4738	7,3006
9680	7,4959	7,1281	7,7334	7,4792	7,3191
9700	7,4926	7,1225	7,7318	7,4799	7,3345
9720	7,4916	7,1098	7,7166	7,4742	7,3528
9740	7,4974	7,1056	7,7125	7,4775	7,3549
9760	7,5006	7,1042	7,7069	7,4729	7,3665
9780	7,4900	7,1019	7,7052	7,4597	7,3703
9800	7,4895	7,0958	7,6985	7,4570	7,3754
9820	7,4951	7,0982	7,6965	7,4434	7,3713
9840	7,5174	7,0928	7,7005	7,4407	7,3689
9860	7,5239	7,0951	7,6958	7,4383	7,3648
9880	7,5240	7,0978	7,6894	7,4364	7,3677
9900	7,5293	7,0889	7,6828	7,4291	7,3669
9920	7,5315	7,0854	7,6747	7,4313	7,3745
9940	7,5321	7,0840	7,6708	7,4330	7,3746
9960	7,5317	7,0824	7,6681	7,4301	7,3686
9980	7,5391	7,0853	7,6690	7,4312	7,3688
10000	7,5374	7,0925	7,6756	7,4315	7,3684
10020	7,5373	7,0894	7,6793	7,4252	7,3643
10040	7,5439	7,0901	7,6704	7,4141	7,3549
10060	7,5402	7,0884	7,6703	7,4138	7,3516
10080	7,5358	7,0923	7,6675	7,4152	7,3431
10100	7,5353	7,0903	7,6671	7,4092	7,3405
10120	7,5299	7,0905	7,6629	7,4056	7,3320
10140	7,5278	7,0910	7,6601	7,3989	7,3339
10160	7,5303	7,0907	7,6501	7,3884	7,3340
10180	7,5259	7,0888	7,6393	7,3861	7,3342
10200	7,5254	7,0848	7,6357	7,3816	7,3399
10220	7,5183	7,0831	7,6335	7,3720	7,3418
10240	7,5109	7,0799	7,6371	7,3649	7,3420
10260	7,5200	7,0740	7,6355	7,3562	7,3457
10280	7,5272	7,0801	7,6347	7,3458	7,3427
10300	7,5241	7,1048	7,6307	7,3422	7,3424
10320	7,5198	7,1112	7,6270	7,3377	7,3415
10340	7,5230	7,1089	7,6285	7,3356	7,3386
10360	7,5253	7,1116	7,6253	7,3289	7,3399
10380	7,5212	7,1184	7,6228	7,3326	7,3287
10400	7,5238	7,1196	7,6242	7,3321	7,3330
10420	7,5233	7,1131	7,6325	7,3293	7,3274
10440	7,5214	7,1076	7,6547	7,3282	7,3199
10460	7,5197	7,1012	7,6932	7,3327	7,3226
10480	7,5223	7,1003	7,7149	7,3367	7,3263
10500	7,5201	7,0959	7,7260	7,3304	7,3294
10520	7,5191	7,0957	7,7254	7,3287	7,3284
10540	7,5252	7,1083	7,7212	7,3305	7,3262
10560	7,5294	7,1097	7,7157	7,3301	7,3286
10580	7,5299	7,1152	7,7134	7,3201	7,3243
10600	7,5306	7,1073	7,7208	7,3182	7,3298
10620	7,5309	7,1077	7,7207	7,3151	7,3394
10640	7,5162	7,1107	7,7163	7,3120	7,3395
10660	7,5075	7,1033	7,7202	7,3199	7,3395
10680	7,5093	7,1054	7,7194	7,3276	7,3413
10700	7,5055	7,1060	7,7224	7,3245	7,3442
10720	7,5063	7,1011	7,7201	7,3221	7,3412
10740	7,5053	7,1014	7,7212	7,3325	7,3387
10760	7,5021	7,1112	7,7238	7,3352	7,3433
10780	7,5020	7,1130	7,7269	7,3314	7,3371
10800	7,5030	7,1096	7,7216	7,3281	7,3434
10820	7,4905	7,1124	7,7238	7,3309	7,3463
10840	7,4856	7,1103	7,7178	7,3304	7,3434
10860	7,4799	7,1112	7,7156	7,3357	7,3419
10880	7,4756	7,1032	7,7095	7,3353	7,3409
10900	7,4695	7,0955	7,6993	7,3340	7,3439
10920	7,4654	7,0956	7,6959	7,3288	7,3415
10940	7,4624	7,0988	7,6902	7,3231	7,3472
10960	7,4716	7,1008	7,6833	7,3204	7,3502
10980	7,4689	7,1006	7,6744	7,3193	7,3516
11000	7,4685	7,0938	7,6728	7,3168	7,3464
11020	7,4702	7,0887	7,6678	7,3154	7,3406
11040	7,4749	7,0823	7,6618	7,3112	7,3394
11060	7,4722	7,0977	7,6603	7,3094	7,3376
11080	7,4623	7,1086	7,6585	7,3075	7,3366
11100	7,4689	7,1105	7,6599	7,3053	7,3342
11120	7,4890	7,1109	7,6598	7,3023	7,3245
11140	7,5061	7,1240	7,6690	7,3061	7,3276
11160	7,5375	7,1218	7,6652	7,3103	7,3293
11180	7,5613	7,1144	7,6640	7,3071	7,3239
11200	7,5952	7,1101	7,6588	7,3057	7,3236
11220	7,6178	7,1169	7,6708	7,3059	7,3300
11240	7,6247	7,1153	7,6715	7,2975	7,3229
11260	7,6249	7,1130	7,6678	7,3107	7,3181
11280	7,6248	7,1146	7,6614	7,3205	7,3237
11300	7,6249	7,1185	7,6637	7,3280	7,3196
11320	7,6196	7,1217	7,6637	7,3322	7,3166
11340	7,6280	7,1180	7,6542	7,3251	7,3217
11360	7,6264	7,1217	7,6549	7,3237	7,3230
11380	7,6223	7,1245	7,6544	7,3239	7,3198
11400	7,6187	7,1258	7,6485	7,3218	7,3223
11420	7,6149	7,1276	7,6467	7,3211	7,3258
11440	7,6154	7,1288	7,6472	7,3219	7,3212
11460	7,6216	7,1284	7,6485	7,3234	7,3211
11480	7,6268	7,1350	7,6460	7,3235	7,3169
11500	7,6280	7,1495	7,6489	7,3205	7,3124
11520	7,6304	7,1702	7,6529	7,3275	7,3132
11540	7,6304	7,1761	7,6612	7,3387	7,3059
11560	7,6299	7,1777	7,6649	7,3444	7,3006
11580	7,6293	7,1801	7,6638	7,3421	7,2979
11600	7,6277	7,1820	7,6590	7,3416	7,2955
11620	7,6342	7,1901	7,6631	7,3493	7,2999
11640	7,6277	7,1985	7,6676	7,3511	7,2982
11660	7,6312	7,2007	7,6694	7,3706	7,2933
11680	7,6332	7,2057	7,6639	7,3751	7,2937
11700	7,6327	7,2126	7,6579	7,3788	7,2940
11720	7,6315	7,2095	7,6565	7,3747	7,2913
11740	7,6313	7,2055	7,6603	7,3755	7,2875
11760	7,6260	7,2094	7,6586	7,3727	7,2806
11780	7,6215	7,2110	7,6594	7,3652	7,2733
11800	7,6233	7,2117	7,6608	7,3677	7,2662
11820	7,6238	7,2188	7,6640	7,3784	7,2641
11840	7,6199	7,2228	7,6668	7,3805	7,2604
11860	7,6220	7,2224	7,6646	7,3774	7,2577
11880	7,6264	7,2229	7,6639	7,3774	7,2582
11900	7,6235	7,2335	7,6636	7,3746	7,2579
11920	7,6206	7,2382	7,6621	7,3669	7,2570
11940	7,6235	7,2333	7,6672	7,3601	7,2558
11960	7,6289	7,2297	7,6642	7,3587	7,2689
11980	7,6302	7,2322	7,6644	7,3522	7,2783
12000	7,6274	7,2283	7,6601	7,3488	7,2780
12020	7,6311	7,2247	7,6579	7,3465	7,2755
12040	7,6274	7,2217	7,6586	7,3465	7,2782
12060	7,6232	7,2192	7,6667	7,3453	7,2820
12080	7,6205	7,2184	7,6665	7,3471	7,2814
12100	7,6157	7,2181	7,6590	7,3502	7,2788
12120	7,6130	7,2139	7,6549	7,3508	7,2810
12140	7,6100	7,2134	7,6535	7,3506	7,2823
12160	7,6035	7,2161	7,6468	7,3486	7,2774
12180	7,5993	7,2186	7,6519	7,3462	7,2774
12200	7,5958	7,2176	7,6600	7,3433	7,2745
12220	7,5879	7,2180	7,6628	7,3410	7,2687
12240	7,5913	7,2159	7,6605	7,3410	7,2621
12260	7,5965	7,2195	7,6603	7,3364	7,2566
12280	7,5983	7,2169	7,6563	7,3379	7,2512
12300	7,5985	7,2096	7,6476	7,3381	7,2483
12320	7,6012	7,2096	7,6493	7,3287	7,2472
12340	7,5987	7,2112	7,6497	7,3267	7,2439
12360	7,5883	7,2076	7,6509	7,3248	7,2448
12380	7,5949	7,2081	7,6487	7,3259	7,2381
12400	7,6036	7,2092	7,6451	7,3195	7,2399
12420	7,6066	7,2074	7,6429	7,3172	7,2404
12440	7,6087	7,2099	7,6435	7,3140	7,2427
12460	7,6097	7,2100	7,6533	7,3120	7,2418
12480	7,6062	7,2173	7,6569	7,3159	7,2425
12500	7,6031	7,2171	7,6617	7,3134	7,2496
12520	7,6051	7,2195	7,6581	7,3128	7,2531
12540	7,6064	7,2196	7,6561	7,3121	7,2616
12560	7,6032	7,2221	7,6620	7,3083	7,2595
12580	7,6126	7,2176	7,6549	7,3054	7,2619
12600	7,6212	7,2177	7,6498	7,3016	7,2586
12620	7,6352	7,2188	7,6523	7,3026	7,2606
12640	7,6365	7,2101	7,6522	7,2990	7,2609
12660	7,6401	7,2096	7,6476	7,2968	7,2594
12680	7,6354	7,2135	7,6539	7,2962	7,2568
12700	7,6330	7,2137	7,6520	7,2928	7,2562
12720	7,6310	7,2127	7,6551	7,2889	7,2578
12740	7,6252	7,2146	7,6618	7,2943	7,2547
12760	7,6251	7,2182	7,6592	7,2911	7,2542
12780	7,6249	7,2147	7,6556	7,2934	7,2557
12800	7,6287	7,2209	7,6570	7,2916	7,2575
12820	7,6258	7,2335	7,6556	7,2859	7,2586
12840	7,6174	7,2354	7,6523	7,2898	7,2613
12860	7,6128	7,2426	7,6503	7,2854	7,2601
12880	7,6123	7,2458	7,6488	7,2863	7,2540
12900	7,6085	7,2434	7,6518	7,2844	7,2567
12920	7,6047	7,2442	7,6502	7,2769	7,2643
12940	7,6053	7,2437	7,6450	7,2792	7,2642
12960	7,6053	7,2448	7,6444	7,2851	7,2606
12980	7,6016	7,2404	7,6433	7,2869	7,2623
13000	7,6039	7,2319	7,6403	7,2796	7,2629
13020	7,6064	7,2287	7,6528	7,2757	7,2678
13040	7,6143	7,2256	7,6677	7,2744	7,2678
13060	7,6167	7,2261	7,6788	7,2703	7,2714
13080	7,6175	7,2231	7,6802	7,2711	7,2771
13100	7,6097	7,2226	7,6798	7,2711	7,2779
13120	7,6065	7,2263	7,6911	7,2680	7,2751
13140	7,6094	7,2265	7,6899	7,2671	7,2759
13160	7,6098	7,2247	7,6891	7,2653	7,2752
13180	7,6105	7,2191	7,6912	7,2647	7,2744
13200	7,6107	7,2172	7,6972	7,2603	7,2728
13220	7,6133	7,2115	7,7049	7,2580	7,2742
13240	7,6073	7,2096	7,7082	7,2595	7,2744
13260	7,6033	7,2012	7,7174	7,2560	7,2845
13280	7,5974	7,1967	7,7254	7,2546	7,2926
13300	7,6014	7,1936	7,7314	7,2566	7,2894
13320	7,5993	7,1899	7,7384	7,2587	7,2899
13340	7,5959	7,1870	7,7353	7,2568	7,2865
13360	7,5946	7,1805	7,7360	7,2600	7,2832
13380	7,5896	7,1769	7,7413	7,2576	7,2806
13400	7,5831	7,1742	7,7446	7,2536	7,2751
13420	7,5831	7,1758	7,7510	7,2519	7,2711
13440	7,5759	7,1799	7,7620	7,2534	7,2771
13460	7,5784	7,1786	7,7633	7,2507	7,2793
13480	7,5744	7,1762	7,7604	7,2490	7,2747
13500	7,5661	7,1812	7,7577	7,2464	7,2757
13520	7,5632	7,1753	7,7563	7,2441	7,2774
13540	7,5608	7,1746	7,7505	7,2432	7,2759
13560	7,5552	7,1782	7,7530	7,2454	7,2757
13580	7,5584	7,1744	7,7630	7,2452	7,2760
13600	7,5619	7,1752	7,7694	7,2408	7,2779
13620	7,5575	7,1802	7,7709	7,2414	7,2725
13640	7,5535	7,1781	7,7672	7,2425	7,2744
13660	7,5534	7,1735	7,7643	7,2389	7,2731
13680	7,5482	7,1738	7,7669	7,2454	7,2675
13700	7,5496	7,1734	7,7663	7,2456	7,2644
13720	7,5480	7,1741	7,7688	7,2405	7,2640
13740	7,5525	7,1713	7,7683	7,2324	7,2605
13760	7,5502	7,1706	7,7682	7,2304	7,2608
13780	7,5488	7,1696	7,7632	7,2265	7,2639
13800	7,5499	7,1668	7,7641	7,2248	7,2669
13820	7,5518	7,1680	7,7686	7,2211	7,2623
13840	7,5503	7,1664	7,7684	7,2142	7,2604
13860	7,5447	7,1669	7,7668	7,2237	7,2579
13880	7,5406	7,1633	7,7699	7,2180	7,2579
13900	7,5357	7,1655	7,7830	7,2128	7,2595
13920	7,5334	7,1673	7,7889	7,2103	7,2587
13940	7,5278	7,1645	7,7951	7,2054	7,2592
13960	7,5205	7,1612	7,7988	7,2047	7,2619
13980	7,5230	7,1566	7,7998	7,2068	7,2594
14000	7,5191	7,1571	7,7961	7,2042	7,2549
14020	7,5218	7,1568	7,7929	7,2017	7,2519
14040	7,5202	7,1584	7,7942	7,2060	7,2467
14060	7,5175	7,1567	7,7980	7,2108	7,2422
14080	7,5156	7,1549	7,8005	7,2094	7,2378
14100	7,5143	7,1481	7,8126	7,2141	7,2338
14120	7,5133	7,1510	7,8325	7,2163	7,2262
14140	7,5118	7,1558	7,8397	7,2216	7,2169
14160	7,5075	7,1563	7,8367	7,2190	7,2178
14180	7,5087	7,1546	7,8288	7,2191	7,2206
14200	7,5089	7,1542	7,8245	7,2182	7,2182
14220	7,5112	7,1532	7,8194	7,2191	7,2173
14240	7,5044	7,1571	7,8171	7,2237	7,2175
14260	7,5159	7,1649	7,8139	7,2239	7,2135
14280	7,5234	7,1692	7,8160	7,2262	7,2123
14300	7,5251	7,1624	7,8161	7,2243	7,2111
14320	7,5247	7,1628	7,8161	7,2247	7,2064
14340	7,5247	7,1614	7,8181	7,2259	7,2101
14360	7,5241	7,1564	7,8127	7,2285	7,2135
14380	7,5240	7,1536	7,8099	7,2249	7,2214
14400	7,5236	7,1571	7,8088	7,2254	7,2220
14420	7,5252	7,1545	7,8056	7,2269	7,2251
14440	7,5253	7,1560	7,8070	7,2217	7,2219
14460	7,5244	7,1615	7,8039	7,2208	7,2228
14480	7,5242	7,1633	7,7996	7,2214	7,2213
14500	7,5203	7,1608	7,7889	7,2272	7,2154
14520	7,5175	7,1620	7,7836	7,2292	7,2126
14540	7,5178	7,1596	7,7745	7,2294	7,2144
14560	7,5205	7,1570	7,7774	7,2293	7,2105
14580	7,5165	7,1542	7,7763	7,2299	7,2150
14600	7,5214	7,1532	7,7729	7,2293	7,2203
14620	7,5215	7,1531	7,7749	7,2282	7,2219
14640	7,5225	7,1513	7,7791	7,2307	7,2194
14660	7,5220	7,1495	7,7764	7,2343	7,2197
14680	7,5164	7,1494	7,7708	7,2346	7,2278
14700	7,5174	7,1443	7,7727	7,2295	7,2336
14720	7,5197	7,1428	7,7700	7,2300	7,2321
14740	7,5154	7,1440	7,7711	7,2251	7,2315
14760	7,5103	7,1402	7,7724	7,2243	7,2344
14780	7,5099	7,1402	7,7727	7,2246	7,2289
14800	7,5054	7,1411	7,7751	7,2218	7,2300
14820	7,5015	7,1466	7,7689	7,2159	7,2265
14840	7,5027	7,1485	7,7620	7,2158	7,2176
14860	7,4998	7,1490	7,7577	7,2163	7,2132
14880	7,5038	7,1509	7,7608	7,2197	7,2147
14900	7,5103	7,1601	7,7604	7,2217	7,2126
14920	7,5077	7,1593	7,7557	7,2230	7,2105
14940	7,5087	7,1600	7,7578	7,2260	7,2093
14960	7,5132	7,1626	7,7624	7,2210	7,2069
14980	7,5104	7,1708	7,7597	7,2202	7,2055
15000	7,5072	7,1688	7,7736	7,2310	7,2052
15020	7,5053	7,1722	7,7754	7,2401	7,2036
15040	7,5019	7,1730	7,7791	7,2525	7,1975
15060	7,4996	7,1863	7,7736	7,2593	7,1937
15080	7,4982	7,1944	7,7714	7,2623	7,1872
15100	7,4942	7,1990	7,7730	7,2587	7,1879
15120	7,4966	7,2013	7,7752	7,2559	7,1902
15140	7,4929	7,2023	7,7775	7,2606	7,1894
15160	7,4868	7,2003	7,7821	7,2566	7,1876
15180	7,4879	7,2025	7,7886	7,2550	7,1869
15200	7,4862	7,1998	7,8031	7,2533	7,1882
15220	7,4808	7,2009	7,8098	7,2532	7,1859
15240	7,4797	7,2043	7,8108	7,2532	7,1891
15260	7,4824	7,2124	7,8131	7,2589	7,1933
15280	7,4851	7,2184	7,8106	7,2694	7,1986
15300	7,4843	7,2183	7,8088	7,2796	7,1956
15320	7,4929	7,2205	7,8070	7,2847	7,1935
15340	7,4977	7,2214	7,8054	7,2904	7,1951
15360	7,4925	7,2161	7,8069	7,2966	7,1972
15380	7,4941	7,2142	7,8055	7,2975	7,2039
15400	7,4940	7,2115	7,8091	7,2972	7,2041
15420	7,4898	7,2081	7,8076	7,2957	7,2006
15440	7,4929	7,2089	7,8030	7,2937	7,2003
15460	7,4942	7,2089	7,7977	7,2913	7,2045
15480	7,4914	7,2092	7,7923	7,2859	7,2075
15500	7,4891	7,2085	7,7902	7,2893	7,2091
15520	7,4888	7,2095	7,7930	7,2890	7,2078
15540	7,4877	7,2104	7,7896	7,2877	7,2080
15560	7,4808	7,2120	7,7842	7,2900	7,2136
15580	7,4811	7,2154	7,7802	7,2910	7,2122
15600	7,4768	7,2179	7,7724	7,2923	7,2183
15620	7,4743	7,2196	7,7711	7,2911	7,2207
15640	7,4710	7,2171	7,7770	7,2925	7,2205
15660	7,4711	7,2157	7,7857	7,2922	7,2247
15680	7,4683	7,2142	7,7895	7,2968	7,2337
15700	7,4719	7,2132	7,7944	7,2969	7,2351
15720	7,4638	7,2105	7,8103	7,2967	7,2358
15740	7,4625	7,2108	7,8265	7,2937	7,2317
15760	7,4612	7,2100	7,8396	7,2934	7,2341
15780	7,4632	7,2054	7,8438	7,2918	7,2377
15800	7,4614	7,2046	7,8470	7,2891	7,2380
15820	7,4605	7,1976	7,8504	7,2880	7,2375
15840	7,4554	7,1934	7,8437	7,2886	7,2437
15860	7,4519	7,1880	7,8419	7,2885	7,2431
15880	7,4487	7,1905	7,8458	7,2854	7,2385
15900	7,4515	7,1897	7,8534	7,2859	7,2387
15920	7,4602	7,1882	7,8604	7,2845	7,2430
15940	7,4609	7,1889	7,8655	7,2849	7,2518
15960	7,4582	7,1896	7,8703	7,2846	7,2515
15980	7,4573	7,1832	7,8681	7,2827	7,2503
16000	7,4572	7,1838	7,8684	7,2889	7,2490
16020	7,4540	7,1836	7,8712	7,2915	7,2466
16040	7,4658	7,1814	7,8715	7,2918	7,2420
16060	7,4699	7,1791	7,8720	7,2908	7,2390
16080	7,4683	7,1777	7,8704	7,2915	7,2329
16100	7,4700	7,1704	7,8677	7,2879	7,2341
16120	7,4770	7,1739	7,8681	7,2888	7,2333
16140	7,4784	7,1757	7,8665	7,2884	7,2437
16160	7,4785	7,1769	7,8625	7,2937	7,2471
16180	7,4723	7,1779	7,8630	7,2886	7,2486
16200	7,4716	7,1800	7,8600	7,2882	7,2494
16220	7,4710	7,1795	7,8586	7,2850	7,2477
16240	7,4699	7,1779	7,8549	7,2799	7,2468
16260	7,4687	7,1748	7,8539	7,2838	7,2472
16280	7,4709	7,1720	7,8540	7,2832	7,2473
16300	7,4666	7,1701	7,8512	7,2840	7,2412
16320	7,4706	7,1657	7,8514	7,2813	7,2384
16340	7,4718	7,1669	7,8481	7,2817	7,2399
16360	7,4733	7,1641	7,8434	7,2936	7,2385
16380	7,4750	7,1706	7,8436	7,3089	7,2374
16400	7,4770	7,1717	7,8418	7,3178	7,2353
16420	7,4789	7,1700	7,8390	7,3199	7,2353
16440	7,4851	7,1638	7,8316	7,3252	7,2363
16460	7,4927	7,1629	7,8318	7,3252	7,2383
16480	7,5052	7,1659	7,8266	7,3234	7,2366
16500	7,5084	7,1659	7,8256	7,3181	7,2359
16520	7,5075	7,1677	7,8217	7,3220	7,2318
16540	7,5104	7,1685	7,8189	7,3242	7,2324
16560	7,5142	7,1643	7,8158	7,3245	7,2353
16580	7,5173	7,1619	7,8153	7,3266	7,2361
16600	7,5152	7,1630	7,8102	7,3283	7,2324
16620	7,5124	7,1604	7,8068	7,3266	7,2245
16640	7,5092	7,1578	7,8041	7,3307	7,2240
16660	7,5042	7,1610	7,7998	7,3315	7,2192
16680	7,4999	7,1649	7,8014	7,3324	7,2171
16700	7,4967	7,1649	7,8022	7,3324	7,2186
16720	7,4996	7,1634	7,7997	7,3324	7,2153
16740	7,5030	7,1619	7,7940	7,3341	7,2150
16760	7,5002	7,1640	7,7926	7,3346	7,2149
16780	7,5025	7,1611	7,7895	7,3361	7,2141
16800	7,5036	7,1637	7,7893	7,3409	7,2092
16820	7,5027	7,1632	7,7846	7,3465	7,2095
16840	7,4991	7,1609	7,7836	7,3504	7,2111
16860	7,5001	7,1597	7,7852	7,3479	7,2055
16880	7,4990	7,1562	7,7828	7,3490	7,2073
16900	7,4988	7,1554	7,7862	7,3479	7,2064
16920	7,4963	7,1550	7,7880	7,3459	7,2047
16940	7,4983	7,1556	7,7882	7,3466	7,2024
16960	7,4946	7,1520	7,7858	7,3528	7,2036
16980	7,4949	7,1506	7,7947	7,3511	7,2041
17000	7,4952	7,1507	7,7955	7,3522	7,2075
17020	7,4923	7,1461	7,8004	7,3551	7,2085
17040	7,4877	7,1474	7,8046	7,3549	7,2067
17060	7,4805	7,1484	7,8182	7,3530	7,2058
17080	7,4784	7,1452	7,8277	7,3536	7,2044
17100	7,4787	7,1424	7,8415	7,3510	7,2017
17120	7,4785	7,1418	7,8569	7,3481	7,2028
17140	7,4775	7,1436	7,8653	7,3492	7,2044
17160	7,4771	7,1403	7,8710	7,3520	7,2032
17180	7,4769	7,1398	7,8711	7,3498	7,2009
17200	7,4744	7,1374	7,8672	7,3451	7,2010
17220	7,4723	7,1339	7,8650	7,3447	7,1998
17240	7,4733	7,1319	7,8617	7,3464	7,2011
17260	7,4740	7,1291	7,8578	7,3481	7,2136
17280	7,4678	7,1301	7,8540	7,3519	7,2165
17300	7,4614	7,1325	7,8592	7,3512	7,2180
17320	7,4571	7,1313	7,8584	7,3518	7,2170
17340	7,4577	7,1318	7,8549	7,3538	7,2191
17360	7,4590	7,1294	7,8529	7,3524	7,2235
17380	7,4560	7,1256	7,8571	7,3527	7,2273
17400	7,4539	7,1213	7,8539	7,3554	7,2261
17420	7,4563	7,1205	7,8507	7,3524	7,2258
17440	7,4606	7,1166	7,8480	7,3527	7,2254
17460	7,4583	7,1167	7,8471	7,3533	7,2256
17480	7,4569	7,1177	7,8473	7,3548	7,2293
17500	7,4571	7,1172	7,8494	7,3563	7,2324
17520	7,4563	7,1140	7,8512	7,3570	7,2297
17540	7,4620	7,1126	7,8453	7,3533	7,2301
17560	7,4705	7,1082	7,8440	7,3549	7,2298
17580	7,4764	7,1070	7,8433	7,3550	7,2263
17600	7,4799	7,1059	7,8421	7,3538	7,2247
17620	7,4826	7,1036	7,8398	7,3513	7,2266
17640	7,4828	7,1031	7,8385	7,3556	7,2312
17660	7,4823	7,1026	7,8358	7,3617	7,2311
17680	7,4811	7,1011	7,8332	7,3640	7,2297
17700	7,4829	7,0992	7,8325	7,3695	7,2293
17720	7,4829	7,0966	7,8285	7,3774	7,2278
17740	7,4810	7,0924	7,8212	7,3822	7,2245
17760	7,4859	7,0887	7,8125	7,3815	7,2253
17780	7,4845	7,0865	7,8097	7,3825	7,2284
17800	7,4782	7,0850	7,8043	7,3847	7,2279
17820	7,4803	7,0838	7,8021	7,3878	7,2249
17840	7,4821	7,0768	7,7992	7,3907	7,2258
17860	7,4792	7,0730	7,7939	7,3922	7,2227
17880	7,4786	7,0745	7,7910	7,3918	7,2252
17900	7,4746	7,0717	7,7913	7,3924	7,2252
17920	7,4720	7,0714	7,7885	7,3954	7,2239
17940	7,4682	7,0708	7,7852	7,3997	7,2253
17960	7,4698	7,0674	7,7817	7,3991	7,2370
17980	7,4688	7,0618	7,7759	7,4014	7,2395
18000	7,4651	7,0621	7,7766	7,4062	7,2404
18020	7,4614	7,0628	7,7771	7,4079	7,2381
18040	7,4642	7,0625	7,7736	7,4064	7,2405
18060	7,4689	7,0638	7,7721	7,4060	7,2384
18080	7,4653	7,0646	7,7729	7,4090	7,2373
18100	7,4670	7,0690	7,7711	7,4095	7,2366
18120	7,4684	7,0684	7,7734	7,4148	7,2330
18140	7,4677	7,0676	7,7746	7,4169	7,2286
18160	7,4623	7,0725	7,7836	7,4160	7,2248
18180	7,4615	7,0756	7,7863	7,4128	7,2234
18200	7,4641	7,0743	7,7845	7,4139	7,2221
18220	7,4670	7,0759	7,7864	7,4211	7,2176
18240	7,4757	7,0752	7,7811	7,4276	7,2192
18260	7,4821	7,0751	7,7795	7,4299	7,2251
18280	7,4850	7,0746	7,7812	7,4313	7,2243
18300	7,4860	7,0744	7,7817	7,4351	7,2235
18320	7,4913	7,0740	7,7805	7,4333	7,2253
18340	7,4919	7,0829	7,7806	7,4355	7,2237
18360	7,4938	7,0893	7,7817	7,4354	7,2252
18380	7,4902	7,0878	7,7799	7,4358	7,2272
18400	7,4886	7,0870	7,7789	7,4351	7,2298
18420	7,4888	7,0876	7,7843	7,4354	7,2302
18440	7,4881	7,0863	7,7942	7,4355	7,2306
18460	7,4866	7,0870	7,7991	7,4374	7,2298
18480	7,4856	7,0869	7,7993	7,4380	7,2276
18500	7,4892	7,0861	7,8006	7,4375	7,2260
18520	7,4915	7,0881	7,8008	7,4367	7,2265
18540	7,4932	7,0956	7,8039	7,4359	7,2266
18560	7,4915	7,0950	7,8041	7,4332	7,2271
18580	7,4865	7,0962	7,8051	7,4337	7,2266
18600	7,4857	7,0972	7,8047	7,4388	7,2224
18620	7,4813	7,0960	7,8010	7,4452	7,2222
18640	7,4850	7,0976	7,7977	7,4461	7,2255
18660	7,4809	7,0970	7,7952	7,4457	7,2256
18680	7,4754	7,0969	7,7923	7,4458	7,2230
18700	7,4716	7,0952	7,7920	7,4485	7,2221
18720	7,4682	7,0946	7,7901	7,4516	7,2239
18740	7,4634	7,0897	7,7864	7,4519	7,2234
18760	7,4631	7,0873	7,7885	7,4538	7,2294
18780	7,4610	7,0876	7,7922	7,4558	7,2349
18800	7,4583	7,0873	7,7933	7,4535	7,2340
18820	7,4580	7,0818	7,7878	7,4529	7,2322
18840	7,4556	7,0824	7,7867	7,4500	7,2342
18860	7,4520	7,0814	7,7874	7,4523	7,2397
18880	7,4515	7,0776	7,7870	7,4587	7,2393
18900	7,4487	7,0794	7,7853	7,4675	7,2428
18920	7,4481	7,0763	7,7864	7,4684	7,2461
18940	7,4443	7,0748	7,7880	7,4660	7,2500
18960	7,4423	7,0779	7,7836	7,4670	7,2480
18980	7,4392	7,0744	7,7815	7,4662	7,2484
19000	7,4372	7,0718	7,7842	7,4635	7,2492
19020	7,4398	7,0700	7,7829	7,4640	7,2520
19040	7,4392	7,0667	7,7827	7,4654	7,2516
19060	7,4385	7,0698	7,7822	7,4641	7,2521
19080	7,4389	7,0714	7,7848	7,4610	7,2513
19100	7,4363	7,0717	7,7805	7,4554	7,2498
19120	7,4325	7,0650	7,7882	7,4526	7,2496
19140	7,4288	7,0666	7,7919	7,4522	7,2513
19160	7,4276	7,0656	7,7932	7,4460	7,2545
19180	7,4285	7,0651	7,7969	7,4432	7,2551
19200	7,4285	7,0635	7,7958	7,4384	7,2535
19220	7,4249	7,0608	7,7946	7,4369	7,2581
19240	7,4239	7,0606	7,7978	7,4333	7,2579
19260	7,4292	7,0588	7,7987	7,4314	7,2645
19280	7,4288	7,0598	7,8007	7,4359	7,2715
19300	7,4262	7,0590	7,8009	7,4356	7,2772
19320	7,4265	7,0544	7,8029	7,4305	7,2791
19340	7,4324	7,0515	7,7995	7,4344	7,2785
19360	7,4376	7,0494	7,7995	7,4335	7,2804
19380	7,4372	7,0486	7,7981	7,4346	7,2788
19400	7,4375	7,0469	7,7979	7,4460	7,2749
19420	7,4400	7,0474	7,7969	7,4546	7,2738
19440	7,4386	7,0522	7,7956	7,4577	7,2748
19460	7,4399	7,0510	7,7914	7,4575	7,2728
19480	7,4383	7,0514	7,7908	7,4568	7,2699
19500	7,4376	7,0534	7,7855	7,4599	7,2705
19520	7,4373	7,0530	7,7815	7,4632	7,2705
19540	7,4353	7,0519	7,7792	7,4613	7,2706
19560	7,4340	7,0530	7,7712	7,4613	7,2712
19580	7,4326	7,0553	7,7745	7,4632	7,2695
19600	7,4308	7,0505	7,7758	7,4646	7,2679
19620	7,4291	7,0474	7,7758	7,4670	7,2724
19640	7,4266	7,0460	7,7723	7,4719	7,2753
19660	7,4233	7,0417	7,7635	7,4747	7,2761
19680	7,4209	7,0420	7,7622	7,4751	7,2726
19700	7,4183	7,0423	7,7582	7,4787	7,2769
19720	7,4128	7,0418	7,7589	7,4818	7,2769
19740	7,4103	7,0397	7,7558	7,4839	7,2772
19760	7,4086	7,0379	7,7550	7,4855	7,2756
19780	7,4069	7,0322	7,7599	7,4846	7,2752
19800	7,4034	7,0276	7,7623	7,4846	7,2751
19820	7,4009	7,0254	7,7673	7,4842	7,2720
19840	7,3989	7,0273	7,7738	7,4804	7,2717
19860	7,3985	7,0369	7,7814	7,4790	7,2730
19880	7,3950	7,0426	7,7953	7,4755	7,2702
19900	7,3956	7,0505	7,8016	7,4701	7,2700
19920	7,3965	7,0521	7,8018	7,4692	7,2720
19940	7,3946	7,0486	7,8016	7,4684	7,2718
19960	7,3954	7,0524	7,8032	7,4671	7,2681
19980	7,3980	7,0567	7,7979	7,4627	7,2679
20000	7,3953	7,0560	7,7978	7,4637	7,2685
20020	7,3927	7,0548	7,7974	7,4627	7,2662
20040	7,3907	7,0569	7,7952	7,4568	7,2651
20060	7,3881	7,0569	7,7932	7,4560	7,2657
20080	7,3902	7,0553	7,7933	7,4545	7,2655
20100	7,3929	7,0550	7,7978	7,4567	7,2653
20120	7,3930	7,0570	7,7983	7,4539	7,2658
20140	7,3917	7,0572	7,7984	7,4523	7,2624
20160	7,3868	7,0581	7,8029	7,4489	7,2620
20180	7,3869	7,0584	7,8124	7,4460	7,2613
20200	7,3859	7,0588	7,8180	7,4439	7,2572
20220	7,3801	7,0595	7,8173	7,4489	7,2569
20240	7,3777	7,0596	7,8169	7,4483	7,2547
20260	7,3709	7,0607	7,8180	7,4527	7,2524
20280	7,3711	7,0570	7,8178	7,4537	7,2506
20300	7,3686	7,0583	7,8197	7,4550	7,2510
20320	7,3643	7,0593	7,8262	7,4577	7,2527
20340	7,3598	7,0566	7,8282	7,4587	7,2508
20360	7,3557	7,0560	7,8271	7,4579	7,2519
20380	7,3542	7,0563	7,8250	7,4548	7,2512
20400	7,3519	7,0600	7,8243	7,4507	7,2503
20420	7,3545	7,0599	7,8261	7,4497	7,2500
20440	7,3551	7,0600	7,8242	7,4562	7,2529
20460	7,3535	7,0629	7,8274	7,4554	7,2548
20480	7,3497	7,0650	7,8318	7,4544	7,2560
20500	7,3541	7,0660	7,8356	7,4532	7,2606
20520	7,3635	7,0650	7,8442	7,4502	7,2650
20540	7,3709	7,0635	7,8491	7,4478	7,2679
20560	7,3736	7,0599	7,8524	7,4427	7,2699
20580	7,3736	7,0586	7,8539	7,4408	7,2682
20600	7,3712	7,0609	7,8585	7,4390	7,2688
20620	7,3714	7,0555	7,8602	7,4402	7,2692
20640	7,3704	7,0544	7,8581	7,4424	7,2688
20660	7,3715	7,0570	7,8576	7,4415	7,2656
20680	7,3660	7,0538	7,8551	7,4396	7,2655
20700	7,3671	7,0551	7,8554	7,4418	7,2644
20720	7,3650	7,0576	7,8558	7,4374	7,2650
20740	7,3635	7,0567	7,8598	7,4400	7,2691
20760	7,3648	7,0537	7,8580	7,4485	7,2713
20780	7,3643	7,0526	7,8569	7,4484	7,2711
20800	7,3638	7,0519	7,8618	7,4469	7,2711
20820	7,3618	7,0514	7,8689	7,4500	7,2707
20840	7,3638	7,0477	7,8762	7,4527	7,2741
20860	7,3653	7,0481	7,8907	7,4533	7,2783
20880	7,3656	7,0461	7,8996	7,4516	7,2777
20900	7,3690	7,0422	7,9086	7,4505	7,2781
20920	7,3688	7,0417	7,9105	7,4483	7,2802
20940	7,3680	7,0404	7,9115	7,4462	7,2785
20960	7,3660	7,0371	7,9130	7,4460	7,2783
20980	7,3659	7,0334	7,9137	7,4437	7,2817
21000	7,3641	7,0310	7,9139	7,4440	7,2822
21020	7,3641	7,0312	7,9118	7,4419	7,2848
21040	7,3689	7,0301	7,9079	7,4430	7,2854
21060	7,3678	7,0275	7,9057	7,4432	7,2879
21080	7,3674	7,0248	7,9070	7,4423	7,2832
21100	7,3709	7,0230	7,9066	7,4400	7,2851
21120	7,3668	7,0209	7,9069	7,4376	7,2842
21140	7,3670	7,0208	7,9037	7,4359	7,2874
21160	7,3659	7,0198	7,8995	7,4337	7,2868
21180	7,3683	7,0199	7,8991	7,4340	7,2857
21200	7,3671	7,0216	7,8934	7,4343	7,2857
21220	7,3702	7,0211	7,8934	7,4336	7,2817
21240	7,3718	7,0199	7,8969	7,4384	7,2830
21260	7,3719	7,0213	7,8946	7,4413	7,2813
21280	7,3716	7,0221	7,8946	7,4431	7,2820
21300	7,3725	7,0283	7,8968	7,4460	7,2817
21320	7,3700	7,0280	7,8961	7,4444	7,2807
21340	7,3687	7,0317	7,8941	7,4456	7,2811
21360	7,3671	7,0285	7,9000	7,4449	7,2851
21380	7,3634	7,0257	7,9021	7,4461	7,2877
21400	7,3642	7,0240	7,9022	7,4468	7,2881
21420	7,3660	7,0219	7,9043	7,4489	7,2934
21440	7,3639	7,0194	7,9057	7,4503	7,2954
21460	7,3620	7,0195	7,9090	7,4504	7,2953
21480	7,3633	7,0179	7,9043	7,4525	7,2967
21500	7,3632	7,0178	7,9016	7,4505	7,2984
21520	7,3617	7,0154	7,8987	7,4480	7,3007
21540	7,3604	7,0189	7,8980	7,4511	7,3004
21560	7,3574	7,0234	7,8992	7,4540	7,2994
21580	7,3534	7,0249	7,8984	7,4557	7,3009
21600	7,3579	7,0249	7,8951	7,4568	7,3009
21620	7,3602	7,0245	7,8918	7,4554	7,2978
21640	7,3621	7,0231	7,8899	7,4556	7,2939
21660	7,3663	7,0286	7,8891	7,4569	7,2921
21680	7,3661	7,0323	7,8891	7,4569	7,2889
21700	7,3630	7,0306	7,8876	7,4552	7,2829
21720	7,3645	7,0288	7,8847	7,4561	7,2834
21740	7,3659	7,0286	7,8801	7,4568	7,2823
21760	7,3670	7,0268	7,8791	7,4567	7,2796
21780	7,3669	7,0300	7,8800	7,4547	7,2811
21800	7,3688	7,0326	7,8799	7,4598	7,2844
21820	7,3667	7,0316	7,8793	7,4611	7,2842
21840	7,3719	7,0304	7,8815	7,4586	7,2831
21860	7,3819	7,0274	7,8803	7,4575	7,2791
21880	7,3875	7,0301	7,8817	7,4564	7,2826
21900	7,3886	7,0300	7,8825	7,4523	7,2875
21920	7,3890	7,0279	7,8823	7,4504	7,2873
21940	7,3925	7,0286	7,8855	7,4497	7,2860
21960	7,3909	7,0317	7,8889	7,4499	7,2860
21980	7,3916	7,0338	7,8942	7,4490	7,2862
22000	7,3975	7,0328	7,8942	7,4478	7,2826
22020	7,4003	7,0321	7,8938	7,4464	7,2814
22040	7,4005	7,0319	7,8911	7,4449	7,2861
22060	7,4027	7,0297	7,8919	7,4491	7,2857
22080	7,4072	7,0276	7,8886	7,4468	7,2841
22100	7,4109	7,0262	7,8853	7,4456	7,2828
22120	7,4123	7,0252	7,8794	7,4452	7,2835
22140	7,4150	7,0243	7,8736	7,4439	7,2798
22160	7,4166	7,0253	7,8715	7,4449	7,2785
22180	7,4199	7,0256	7,8709	7,4407	7,2733
22200	7,4188	7,0228	7,8699	7,4388	7,2726
22220	7,4177	7,0240	7,8662	7,4378	7,2731
22240	7,4170	7,0252	7,8633	7,4356	7,2682
22260	7,4145	7,0257	7,8620	7,4338	7,2647
22280	7,4157	7,0244	7,8591	7,4340	7,2619
22300	7,4235	7,0245	7,8578	7,4306	7,2593
22320	7,4261	7,0227	7,8574	7,4277	7,2572
22340	7,4261	7,0289	7,8602	7,4249	7,2566
22360	7,4283	7,0340	7,8585	7,4225	7,2519
22380	7,4278	7,0357	7,8567	7,4229	7,2491
22400	7,4240	7,0334	7,8542	7,4248	7,2464
22420	7,4205	7,0345	7,8499	7,4251	7,2438
22440	7,4171	7,0354	7,8456	7,4223	7,2415
22460	7,4161	7,0354	7,8486	7,4262	7,2387
22480	7,4151	7,0364	7,8506	7,4249	7,2328
22500	7,4100	7,0352	7,8501	7,4263	7,2289
22520	7,4099	7,0357	7,8492	7,4252	7,2262
22540	7,4107	7,0369	7,8490	7,4257	7,2259
22560	7,4069	7,0390	7,8486	7,4299	7,2250
22580	7,4135	7,0393	7,8510	7,4319	7,2215
22600	7,4152	7,0406	7,8507	7,4320	7,2204
22620	7,4158	7,0478	7,8486	7,4319	7,2204
22640	7,4134	7,0525	7,8445	7,4335	7,2182
22660	7,4147	7,0526	7,8420	7,4331	7,2169
22680	7,4208	7,0537	7,8376	7,4314	7,2147
22700	7,4211	7,0569	7,8322	7,4308	7,2124
22720	7,4188	7,0603	7,8284	7,4279	7,2130
22740	7,4170	7,0618	7,8264	7,4269	7,2116
22760	7,4143	7,0603	7,8243	7,4249	7,2091
22780	7,4118	7,0590	7,8219	7,4293	7,2106
22800	7,4110	7,0587	7,8207	7,4315	7,2103
22820	7,4085	7,0575	7,8187	7,4330	7,2083
22840	7,4078	7,0572	7,8196	7,4327	7,2078
22860	7,4099	7,0552	7,8207	7,4340	7,2092
22880	7,4109	7,0536	7,8203	7,4332	7,2129
22900	7,4093	7,0515	7,8264	7,4326	7,2130
22920	7,4182	7,0493	7,8281	7,4342	7,2145
22940	7,4294	7,0463	7,8282	7,4324	7,2188
22960	7,4353	7,0468	7,8246	7,4329	7,2185
22980	7,4344	7,0459	7,8211	7,4290	7,2213
23000	7,4329	7,0444	7,8147	7,4264	7,2227
23020	7,4361	7,0416	7,8146	7,4240	7,2252
23040	7,4365	7,0423	7,8137	7,4219	7,2252
23060	7,4380	7,0396	7,8118	7,4233	7,2287
23080	7,4374	7,0399	7,8113	7,4221	7,2336
23100	7,4382	7,0423	7,8085	7,4184	7,2357
23120	7,4404	7,0402	7,8054	7,4183	7,2351
23140	7,4411	7,0420	7,8036	7,4143	7,2324
23160	7,4404	7,0428	7,8031	7,4128	7,2338
23180	7,4406	7,0441	7,8030	7,4188	7,2345
23200	7,4395	7,0501	7,8012	7,4187	7,2355
23220	7,4387	7,0537	7,7998	7,4158	7,2339
23240	7,4380	7,0538	7,7945	7,4158	7,2371
23260	7,4373	7,0527	7,7922	7,4204	7,2397
23280	7,4344	7,0492	7,7928	7,4224	7,2392
23300	7,4336	7,0481	7,7913	7,4240	7,2357
23320	7,4355	7,0488	7,7935	7,4236	7,2341
23340	7,4370	7,0464	7,7956	7,4236	7,2334
23360	7,4386	7,0466	7,7962	7,4242	7,2322
23380	7,4374	7,0468	7,7958	7,4242	7,2297
23400	7,4342	7,0443	7,7936	7,4244	7,2254
23420	7,4308	7,0420	7,7934	7,4288	7,2318
23440	7,4305	7,0452	7,7917	7,4267	7,2351
23460	7,4286	7,0462	7,7903	7,4254	7,2357
23480	7,4264	7,0478	7,7894	7,4260	7,2349
23500	7,4236	7,0461	7,7931	7,4275	7,2348
23520	7,4226	7,0473	7,7978	7,4275	7,2347
23540	7,4212	7,0486	7,8029	7,4268	7,2378
23560	7,4189	7,0450	7,8064	7,4258	7,2390
23580	7,4176	7,0439	7,8058	7,4254	7,2460
23600	7,4134	7,0466	7,8006	7,4264	7,2485
23620	7,4118	7,0480	7,7984	7,4242	7,2473
23640	7,4106	7,0468	7,7972	7,4237	7,2456
23660	7,4071	7,0463	7,7958	7,4234	7,2520
23680	7,4045	7,0464	7,7955	7,4186	7,2541
23700	7,4017	7,0448	7,7942	7,4184	7,2572
23720	7,3997	7,0465	7,7910	7,4163	7,2616
23740	7,3981	7,0474	7,7889	7,4140	7,2593
23760	7,3996	7,0482	7,8001	7,4171	7,2591
23780	7,3987	7,0489	7,8017	7,4220	7,2602
23800	7,4004	7,0515	7,8016	7,4268	7,2632
23820	7,3994	7,0618	7,8041	7,4277	7,2598
23840	7,4005	7,0690	7,8068	7,4281	7,2609
23860	7,3970	7,0735	7,8080	7,4281	7,2620
23880	7,3982	7,0738	7,8098	7,4273	7,2611
23900	7,3995	7,0734	7,8092	7,4281	7,2585
23920	7,3971	7,0728	7,8074	7,4291	7,2615
23940	7,3981	7,0708	7,8085	7,4308	7,2615
23960	7,3998	7,0707	7,8041	7,4297	7,2597
23980	7,4002	7,0702	7,8077	7,4387	7,2577
24000	7,3961	7,0678	7,8080	7,4435	7,2579
24020	7,3969	7,0684	7,8075	7,4439	7,2568
24040	7,3964	7,0670	7,8091	7,4411	7,2552
24060	7,3927	7,0670	7,8143	7,4388	7,2574
24080	7,3928	7,0697	7,8142	7,4374	7,2561
24100	7,3905	7,0685	7,8131	7,4350	7,2537
24120	7,3861	7,0662	7,8121	7,4370	7,2538
24140	7,3839	7,0675	7,8172	7,4400	7,2541
24160	7,3819	7,0709	7,8174	7,4382	7,2531
24180	7,3768	7,0694	7,8137	7,4403	7,2517
24200	7,3719	7,0712	7,8204	7,4437	7,2526
24220	7,3739	7,0706	7,8210	7,4458	7,2503
24240	7,3733	7,0694	7,8211	7,4456	7,2459
24260	7,3704	7,0674	7,8220	7,4455	7,2454
24280	7,3695	7,0698	7,8220	7,4471	7,2430
24300	7,3679	7,0708	7,8222	7,4461	7,2409
24320	7,3648	7,0704	7,8221	7,4464	7,2425
24340	7,3612	7,0744	7,8305	7,4444	7,2393
24360	7,3577	7,0776	7,8358	7,4431	7,2390
24380	7,3571	7,0804	7,8399	7,4409	7,2414
24400	7,3582	7,0804	7,8432	7,4397	7,2424
24420	7,3583	7,0785	7,8419	7,4413	7,2418
24440	7,3587	7,0821	7,8456	7,4381	7,2441
24460	7,3583	7,0857	7,8483	7,4382	7,2458
24480	7,3584	7,0875	7,8515	7,4383	7,2433
24500	7,3563	7,0857	7,8528	7,4404	7,2438
24520	7,3529	7,0891	7,8558	7,4349	7,2448
24540	7,3528	7,0898	7,8566	7,4342	7,2480
24560	7,3494	7,0933	7,8578	7,4301	7,2498
24580	7,3460	7,0942	7,8551	7,4302	7,2525
24600	7,3434	7,0940	7,8551	7,4307	7,2529
24620	7,3429	7,0951	7,8557	7,4311	7,2524
24640	7,3450	7,0976	7,8522	7,4287	7,2502
24660	7,3454	7,0959	7,8496	7,4299	7,2491
24680	7,3430	7,0970	7,8487	7,4299	7,2481
24700	7,3407	7,1048	7,8451	7,4322	7,2465
24720	7,3417	7,1078	7,8450	7,4333	7,2463
24740	7,3403	7,1094	7,8456	7,4338	7,2480
24760	7,3399	7,1078	7,8429	7,4373	7,2506
24780	7,3395	7,1080	7,8445	7,4376	7,2563
24800	7,3412	7,1065	7,8450	7,4345	7,2592
24820	7,3368	7,1066	7,8428	7,4329	7,2615
24840	7,3387	7,1073	7,8396	7,4346	7,2627
24860	7,3436	7,1046	7,8410	7,4324	7,2618
24880	7,3428	7,1032	7,8395	7,4284	7,2639
24900	7,3387	7,1050	7,8399	7,4267	7,2643
24920	7,3384	7,1090	7,8415	7,4242	7,2629
24940	7,3371	7,1050	7,8452	7,4219	7,2626
24960	7,3343	7,1058	7,8439	7,4202	7,2606
24980	7,3362	7,1068	7,8436	7,4209	7,2602
25000	7,3400	7,1082	7,8454	7,4186	7,2625
25020	7,3382	7,1068	7,8484	7,4193	7,2629
25040	7,3349	7,1117	7,8493	7,4201	7,2630
25060	7,3374	7,1165	7,8472	7,4195	7,2614
25080	7,3399	7,1149	7,8483	7,4172	7,2594
25100	7,3401	7,1197	7,8453	7,4154	7,2608
25120	7,3409	7,1224	7,8444	7,4159	7,2640
25140	7,3419	7,1220	7,8423	7,4138	7,2696
25160	7,3423	7,1197	7,8409	7,4142	7,2708
25180	7,3418	7,1189	7,8443	7,4118	7,2708
25200	7,3424	7,1178	7,8421	7,4160	7,2684
25220	7,3425	7,1191	7,8412	7,4162	7,2670
25240	7,3465	7,1210	7,8396	7,4155	7,2674
25260	7,3543	7,1231	7,8365	7,4135	7,2664
25280	7,3552	7,1240	7,8362	7,4108	7,2652
25300	7,3551	7,1219	7,8356	7,4090	7,2628
25320	7,3554	7,1209	7,8353	7,4097	7,2592
25340	7,3604	7,1197	7,8346	7,4087	7,2586
25360	7,3671	7,1199	7,8340	7,4069	7,2561
25380	7,3728	7,1186	7,8332	7,4037	7,2542
25400	7,3752	7,1199	7,8316	7,4041	7,2517
25420	7,3764	7,1213	7,8276	7,4056	7,2492
25440	7,3799	7,1187	7,8282	7,4035	7,2518
25460	7,3785	7,1186	7,8243	7,4024	7,2538
25480	7,3781	7,1242	7,8207	7,4026	7,2526
25500	7,3779	7,1277	7,8191	7,4007	7,2521
25520	7,3776	7,1298	7,8153	7,3975	7,2516
25540	7,3779	7,1296	7,8141	7,3984	7,2525
25560	7,3795	7,1307	7,8117	7,3972	7,2553
25580	7,3789	7,1366	7,8106	7,3932	7,2568
25600	7,3775	7,1389	7,8082	7,3919	7,2562
25620	7,3806	7,1382	7,8077	7,3927	7,2565
25640	7,3789	7,1381	7,8032	7,3904	7,2555
25660	7,3764	7,1405	7,8024	7,3870	7,2563
25680	7,3764	7,1432	7,8005	7,3852	7,2563
25700	7,3779	7,1442	7,7959	7,3816	7,2574
25720	7,3787	7,1441	7,7949	7,3815	7,2583
25740	7,3779	7,1445	7,7967	7,3844	7,2615
25760	7,3778	7,1444	7,7969	7,3859	7,2619
25780	7,3744	7,1439	7,7947	7,3854	7,2615
25800	7,3717	7,1447	7,8018	7,3852	7,2632
25820	7,3713	7,1455	7,8060	7,3878	7,2666
25840	7,3730	7,1455	7,8050	7,3895	7,2661
25860	7,3712	7,1439	7,8033	7,3890	7,2668
25880	7,3710	7,1456	7,8053	7,3902	7,2656
25900	7,3723	7,1433	7,8073	7,3959	7,2664
25920	7,3712	7,1427	7,8044	7,4037	7,2674
25940	7,3704	7,1387	7,8049	7,4114	7,2642
25960	7,3737	7,1354	7,8050	7,4205	7,2645
25980	7,3764	7,1340	7,8028	7,4274	7,2634
26000	7,3743	7,1357	7,8020	7,4285	7,2611
26020	7,3734	7,1329	7,8022	7,4260	7,2608
26040	7,3707	7,1314	7,8030	7,4254	7,2599
26060	7,3673	7,1278	7,8004	7,4237	7,2591
26080	7,3656	7,1266	7,8002	7,4225	7,2576
26100	7,3651	7,1317	7,8005	7,4232	7,2558
26120	7,3657	7,1345	7,7979	7,4214	7,2513
26140	7,3642	7,1324	7,8009	7,4193	7,2506
26160	7,3639	7,1317	7,8018	7,4164	7,2529
26180	7,3637	7,1337	7,8033	7,4141	7,2509
26200	7,3631	7,1342	7,8014	7,4124	7,2520
26220	7,3635	7,1329	7,8021	7,4126	7,2505
26240	7,3652	7,1356	7,8006	7,4102	7,2514
26260	7,3642	7,1385	7,8001	7,4112	7,2498
26280	7,3635	7,1440	7,8016	7,4093	7,2492
26300	7,3613	7,1476	7,8016	7,4094	7,2478
26320	7,3629	7,1471	7,7984	7,4131	7,2463
26340	7,3650	7,1469	7,7980	7,4138	7,2470
26360	7,3646	7,1469	7,7969	7,4132	7,2488
26380	7,3674	7,1466	7,7954	7,4132	7,2488
26400	7,3703	7,1477	7,7958	7,4147	7,2471
26420	7,3718	7,1456	7,7969	7,4129	7,2465
26440	7,3712	7,1446	7,7994	7,4127	7,2473
26460	7,3718	7,1456	7,7957	7,4123	7,2481
26480	7,3732	7,1465	7,7964	7,4112	7,2449
26500	7,3692	7,1452	7,7972	7,4087	7,2454
26520	7,3662	7,1466	7,7960	7,4060	7,2469
26540	7,3645	7,1449	7,7929	7,4051	7,2525
26560	7,3642	7,1459	7,7893	7,4032	7,2567
26580	7,3665	7,1471	7,7863	7,4020	7,2579
26600	7,3652	7,1458	7,7855	7,4010	7,2588
26620	7,3627	7,1468	7,7844	7,3978	7,2554
26640	7,3626	7,1463	7,7828	7,3961	7,2594
26660	7,3636	7,1456	7,7809	7,3954	7,2630
26680	7,3639	7,1466	7,7834	7,3975	7,2620
26700	7,3644	7,1489	7,7814	7,3985	7,2642
26720	7,3651	7,1458	7,7814	7,3957	7,2678
26740	7,3639	7,1458	7,7802	7,3941	7,2681
26760	7,3624	7,1454	7,7790	7,3963	7,2658
26780	7,3637	7,1424	7,7770	7,3961	7,2673
26800	7,3640	7,1418	7,7762	7,3967	7,2705
26820	7,3638	7,1382	7,7757	7,3962	7,2688
26840	7,3622	7,1354	7,7743	7,3929	7,2694
26860	7,3641	7,1347	7,7743	7,3918	7,2704
26880	7,3649	7,1309	7,7744	7,3921	7,2771
26900	7,3648	7,1300	7,7745	7,3939	7,2780
26920	7,3655	7,1315	7,7782	7,3922	7,2797
26940	7,3644	7,1310	7,7802	7,3905	7,2822
26960	7,3663	7,1301	7,7806	7,3897	7,2856
26980	7,3686	7,1275	7,7781	7,3868	7,2852
27000	7,3704	7,1292	7,7763	7,3863	7,2862
27020	7,3689	7,1315	7,7757	7,3831	7,2876
27040	7,3683	7,1331	7,7733	7,3791	7,2889
27060	7,3666	7,1317	7,7715	7,3775	7,2882
27080	7,3661	7,1303	7,7705	7,3773	7,2862
27100	7,3660	7,1296	7,7717	7,3769	7,2861
27120	7,3665	7,1329	7,7715	7,3752	7,2854
27140	7,3683	7,1369	7,7709	7,3742	7,2828
27160	7,3698	7,1361	7,7704	7,3741	7,2814
27180	7,3673	7,1343	7,7699	7,3708	7,2842
27200	7,3671	7,1352	7,7679	7,3712	7,2860
27220	7,3680	7,1361	7,7644	7,3710	7,2892
27240	7,3665	7,1339	7,7624	7,3681	7,2896
27260	7,3638	7,1336	7,7628	7,3659	7,2896
27280	7,3631	7,1314	7,7667	7,3646	7,2903
27300	7,3620	7,1286	7,7716	7,3637	7,2912
27320	7,3627	7,1290	7,7767	7,3630	7,2902
27340	7,3604	7,1320	7,7794	7,3672	7,2876
27360	7,3592	7,1383	7,7792	7,3714	7,2878
27380	7,3575	7,1388	7,7798	7,3769	7,2885
27400	7,3535	7,1374	7,7812	7,3810	7,2869
27420	7,3522	7,1338	7,7847	7,3816	7,2856
27440	7,3520	7,1341	7,7863	7,3829	7,2853
27460	7,3527	7,1321	7,7902	7,3827	7,2840
27480	7,3519	7,1311	7,7899	7,3823	7,2831
27500	7,3506	7,1315	7,7887	7,3823	7,2817
27520	7,3494	7,1303	7,7888	7,3821	7,2799
27540	7,3473	7,1318	7,7878	7,3836	7,2805
27560	7,3465	7,1313	7,7895	7,3814	7,2795
27580	7,3481	7,1314	7,7903	7,3824	7,2790
27600	7,3513	7,1314	7,7909	7,3805	7,2791
27620	7,3514	7,1298	7,7873	7,3794	7,2799
27640	7,3505	7,1316	7,7866	7,3791	7,2862
27660	7,3507	7,1327	7,7878	7,3772	7,2879
27680	7,3509	7,1321	7,7881	7,3769	7,2896
27700	7,3501	7,1338	7,7882	7,3754	7,2885
27720	7,3481	7,1366	7,7884	7,3762	7,2887
27740	7,3486	7,1385	7,7909	7,3761	7,2889
27760	7,3472	7,1364	7,7939	7,3756	7,2905
27780	7,3454	7,1368	7,7948	7,3767	7,2928
27800	7,3446	7,1354	7,7976	7,3776	7,2941
27820	7,3450	7,1372	7,7969	7,3768	7,2926
27840	7,3500	7,1358	7,7976	7,3779	7,2917
27860	7,3553	7,1361	7,8022	7,3788	7,2934
27880	7,3600	7,1348	7,8025	7,3784	7,2970
27900	7,3610	7,1340	7,8032	7,3769	7,2952
27920	7,3586	7,1341	7,8007	7,3759	7,2959
27940	7,3584	7,1335	7,8021	7,3730	7,2962
27960	7,3596	7,1337	7,8038	7,3727	7,2945
27980	7,3592	7,1412	7,8010	7,3729	7,2940
28000	7,3582	7,1486	7,8012	7,3705	7,2966
28020	7,3583	7,1544	7,8015	7,3689	7,3005
28040	7,3577	7,1601	7,8021	7,3676	7,2998
28060	7,3590	7,1596	7,8014	7,3666	7,3000
28080	7,3634	7,1631	7,8010	7,3685	7,2989
28100	7,3635	7,1629	7,8033	7,3659	7,2976
28120	7,3624	7,1637	7,8028	7,3659	7,2959
28140	7,3608	7,1741	7,8024	7,3654	7,2964
28160	7,3614	7,1829	7,8024	7,3659	7,2953
28180	7,3642	7,1918	7,8025	7,3649	7,2952
28200	7,3638	7,1981	7,8012	7,3645	7,2929
28220	7,3658	7,2007	7,8029	7,3630	7,2916
28240	7,3678	7,2016	7,8009	7,3637	7,2906
28260	7,3693	7,2020	7,7968	7,3640	7,2894
28280	7,3705	7,2034	7,7949	7,3624	7,2934
28300	7,3736	7,2040	7,7952	7,3603	7,2944
28320	7,3749	7,2009	7,7946	7,3580	7,2969
28340	7,3733	7,2020	7,7935	7,3583	7,2964
28360	7,3727	7,2004	7,7927	7,3581	7,2978
28380	7,3726	7,2003	7,7894	7,3609	7,2980
28400	7,3755	7,1986	7,7908	7,3605	7,2967
28420	7,3779	7,1987	7,7910	7,3612	7,2960
28440	7,3761	7,1972	7,7905	7,3628	7,2980
28460	7,3747	7,1968	7,7904	7,3646	7,3002
28480	7,3750	7,1974	7,7900	7,3645	7,3004
28500	7,3744	7,1953	7,7870	7,3637	7,2982
28520	7,3730	7,1950	7,7851	7,3656	7,2989
28540	7,3754	7,1950	7,7875	7,3640	7,3004
28560	7,3731	7,1935	7,7844	7,3636	7,3033
28580	7,3722	7,1936	7,7861	7,3654	7,3007
28600	7,3750	7,1927	7,7906	7,3637	7,3016
28620	7,3791	7,1922	7,7915	7,3621	7,3021
28640	7,3804	7,1900	7,7879	7,3641	7,3020
28660	7,3828	7,1892	7,7878	7,3658	7,3052
28680	7,3817	7,1860	7,7898	7,3652	7,3051
28700	7,3843	7,1858	7,7889	7,3654	7,3068
28720	7,3840	7,1889	7,7916	7,3663	7,3074
28740	7,3839	7,1879	7,7935	7,3665	7,3092
28760	7,3824	7,1832	7,7941	7,3655	7,3110
28780	7,3823	7,1825	7,7922	7,3642	7,3131
28800	7,3862	7,1808	7,7912	7,3643	7,3116
28820	7,3932	7,1802	7,7914	7,3659	7,3109
28840	7,3952	7,1779	7,7932	7,3642	7,3105
28860	7,3953	7,1769	7,7929	7,3617	7,3077
28880	7,3949	7,1724	7,7936	7,3609	7,3039
28900	7,3936	7,1702	7,7953	7,3605	7,2985
28920	7,3959	7,1677	7,7934	7,3572	7,2965
28940	7,3970	7,1680	7,7918	7,3559	7,2942
28960	7,3962	7,1672	7,7938	7,3564	7,2926
28980	7,3947	7,1648	7,7901	7,3539	7,2911
29000	7,3945	7,1641	7,7888	7,3539	7,2918
29020	7,3957	7,1669	7,7875	7,3571	7,2908
29040	7,3952	7,1673	7,7862	7,3564	7,2870
29060	7,3938	7,1664	7,7822	7,3549	7,2868
29080	7,3906	7,1684	7,7807	7,3546	7,2859
29100	7,3891	7,1700	7,7794	7,3547	7,2849
29120	7,3882	7,1685	7,7794	7,3556	7,2844
29140	7,3889	7,1673	7,7810	7,3543	7,2846
29160	7,3863	7,1684	7,7790	7,3542	7,2848
29180	7,3837	7,1694	7,7765	7,3512	7,2839
29200	7,3829	7,1691	7,7744	7,3497	7,2840
29220	7,3826	7,1715	7,7732	7,3485	7,2843
29240	7,3838	7,1720	7,7727	7,3467	7,2821
29260	7,3836	7,1770	7,7695	7,3452	7,2823
29280	7,3837	7,1811	7,7673	7,3442	7,2832
29300	7,3841	7,1827	7,7679	7,3450	7,2839
29320	7,3831	7,1822	7,7691	7,3445	7,2822
29340	7,3821	7,1837	7,7697	7,3440	7,2810
29360	7,3825	7,1873	7,7671	7,3445	7,2829
29380	7,3857	7,1855	7,7676	7,3449	7,2841
29400	7,3871	7,1860	7,7706	7,3447	7,2849
29420	7,3896	7,1864	7,7706	7,3455	7,2862
29440	7,3920	7,1849	7,7689	7,3450	7,2851
29460	7,3951	7,1852	7,7659	7,3430	7,2847
29480	7,3966	7,1846	7,7658	7,3436	7,2844
29500	7,3978	7,1818	7,7642	7,3424	7,2835
29520	7,3994	7,1804	7,7624	7,3411	7,2834
29540	7,3986	7,1816	7,7624	7,3404	7,2827
29560	7,3955	7,1791	7,7601	7,3373	7,2839
29580	7,3956	7,1791	7,7580	7,3359	7,2856
29600	7,3925	7,1787	7,7590	7,3345	7,2863
29620	7,3931	7,1788	7,7600	7,3349	7,2884
29640	7,3930	7,1779	7,7597	7,3363	7,2877
29660	7,3900	7,1764	7,7575	7,3325	7,2887
29680	7,3887	7,1738	7,7579	7,3328	7,2890
29700	7,3887	7,1715	7,7566	7,3315	7,2891
29720	7,3893	7,1707	7,7548	7,3289	7,2891
29740	7,3888	7,1702	7,7541	7,3297	7,2909
29760	7,3902	7,1661	7,7553	7,3283	7,2887
29780	7,3913	7,1643	7,7596	7,3291	7,2915
29800	7,3915	7,1662	7,7593	7,3268	7,2917
29820	7,3924	7,1651	7,7581	7,3265	7,2937
29840	7,3923	7,1654	7,7571	7,3248	7,2930
29860	7,3932	7,1666	7,7564	7,3229	7,2921
29880	7,3930	7,1664	7,7568	7,3222	7,2914
29900	7,3928	7,1644	7,7564	7,3181	7,2913
29920	7,3925	7,1619	7,7553	7,3195	7,2930
29940	7,3927	7,1625	7,7530	7,3177	7,2906
29960	7,3923	7,1643	7,7530	7,3166	7,2946
29980	7,3913	7,1627	7,7518	7,3150	7,2966
30000	7,3911	7,1605	7,7498	7,3170	7,2951
30020	7,3919	7,1605	7,7504	7,3206	7,2937
30040	7,3927	7,1593	7,7491	7,3196	7,2900
30060	7,3967	7,1584	7,7479	7,3189	7,2926
30080	7,4006	7,1570	7,7472	7,3193	7,2925
30100	7,4093	7,1569	7,7437	7,3185	7,2912
30120	7,4116	7,1566	7,7420	7,3174	7,2900
30140	7,4110	7,1557	7,7407	7,3182	7,2886
30160	7,4096	7,1542	7,7381	7,3184	7,2889
30180	7,4100	7,1528	7,7361	7,3190	7,2885
30200	7,4085	7,1499	7,7368	7,3200	7,2888
30220	7,4046	7,1490	7,7348	7,3197	7,2882
30240	7,4016	7,1488	7,7323	7,3181	7,2879
30260	7,4004	7,1497	7,7351	7,3163	7,2869
30280	7,4002	7,1483	7,7353	7,3130	7,2878
30300	7,3994	7,1523	7,7370	7,3104	7,2884
30320	7,3975	7,1554	7,7347	7,3082	7,2885
30340	7,3974	7,1535	7,7318	7,3065	7,2862
30360	7,3958	7,1538	7,7301	7,3063	7,2858
30380	7,3931	7,1548	7,7292	7,3069	7,2861
30400	7,3909	7,1545	7,7277	7,3063	7,2842
30420	7,3889	7,1522	7,7262	7,3046	7,2841
30440	7,3872	7,1532	7,7224	7,3030	7,2840
30460	7,3870	7,1582	7,7208	7,3015	7,2844
30480	7,3865	7,1612	7,7212	7,2990	7,2821
30500	7,3887	7,1657	7,7238	7,2976	7,2833
30520	7,3869	7,1678	7,7230	7,2968	7,2855
30540	7,3861	7,1678	7,7239	7,2955	7,2830
30560	7,3847	7,1698	7,7223	7,2976	7,2838
30580	7,3835	7,1705	7,7205	7,2975	7,2854
30600	7,3821	7,1719	7,7200	7,2954	7,2858
30620	7,3822	7,1727	7,7194	7,2928	7,2838
30640	7,3804	7,1730	7,7193	7,2928	7,2835
30660	7,3794	7,1739	7,7183	7,2965	7,2840
30680	7,3786	7,1735	7,7168	7,2997	7,2823
30700	7,3768	7,1717	7,7154	7,3000	7,2817
30720	7,3742	7,1715	7,7162	7,2991	7,2797
30740	7,3738	7,1704	7,7135	7,2995	7,2775
30760	7,3757	7,1690	7,7131	7,3006	7,2777
30780	7,3760	7,1715	7,7134	7,2988	7,2761
30800	7,3765	7,1726	7,7159	7,3002	7,2737
30820	7,3785	7,1732	7,7161	7,3016	7,2721
30840	7,3774	7,1710	7,7130	7,3027	7,2688
30860	7,3750	7,1723	7,7146	7,3037	7,2683
30880	7,3755	7,1718	7,7190	7,3018	7,2654
30900	7,3759	7,1705	7,7197	7,3020	7,2656
30920	7,3764	7,1710	7,7203	7,3037	7,2639
30940	7,3765	7,1715	7,7234	7,3039	7,2607
30960	7,3746	7,1715	7,7272	7,3020	7,2607
30980	7,3739	7,1711	7,7273	7,3023	7,2599
31000	7,3757	7,1730	7,7247	7,3014	7,2571
31020	7,3726	7,1739	7,7231	7,2997	7,2577
31040	7,3706	7,1756	7,7246	7,2979	7,2590
31060	7,3710	7,1741	7,7228	7,2968	7,2566
31080	7,3704	7,1750	7,7217	7,2954	7,2558
31100	7,3670	7,1772	7,7205	7,2949	7,2573
31120	7,3655	7,1756	7,7196	7,2926	7,2564
31140	7,3623	7,1778	7,7236	7,2916	7,2544
31160	7,3629	7,1773	7,7230	7,2914	7,2536
31180	7,3620	7,1776	7,7201	7,2921	7,2508
31200	7,3595	7,1767	7,7189	7,2915	7,2505
31220	7,3568	7,1780	7,7186	7,2930	7,2485
31240	7,3552	7,1770	7,7169	7,2927	7,2472
31260	7,3529	7,1757	7,7151	7,2916	7,2456
31280	7,3506	7,1754	7,7131	7,2903	7,2444
31300	7,3491	7,1747	7,7119	7,2883	7,2432
31320	7,3493	7,1741	7,7109	7,2862	7,2419
31340	7,3489	7,1749	7,7086	7,2849	7,2403
31360	7,3468	7,1767	7,7083	7,2813	7,2385
31380	7,3462	7,1764	7,7072	7,2793	7,2383
31400	7,3452	7,1761	7,7051	7,2770	7,2385
31420	7,3434	7,1765	7,7054	7,2761	7,2358
31440	7,3427	7,1788	7,7071	7,2749	7,2363
31460	7,3438	7,1802	7,7075	7,2745	7,2385
31480	7,3450	7,1813	7,7055	7,2740	7,2466
31500	7,3518	7,1859	7,7060	7,2731	7,2493
31520	7,3587	7,1891	7,7073	7,2764	7,2577
31540	7,3619	7,1878	7,7058	7,2799	7,2632
31560	7,3608	7,1860	7,7058	7,2844	7,2629
31580	7,3605	7,1851	7,7051	7,2846	7,2610
31600	7,3614	7,1834	7,7066	7,2863	7,2615
31620	7,3614	7,1846	7,7039	7,2871	7,2625
31640	7,3623	7,1851	7,7048	7,2852	7,2605
31660	7,3630	7,1838	7,7060	7,2850	7,2607
31680	7,3645	7,1821	7,7057	7,2844	7,2610
31700	7,3640	7,1817	7,7087	7,2839	7,2623
31720	7,3641	7,1811	7,7114	7,2822	7,2606
31740	7,3631	7,1857	7,7161	7,2822	7,2611
31760	7,3652	7,1862	7,7168	7,2836	7,2600
31780	7,3694	7,1846	7,7153	7,2832	7,2566
31800	7,3688	7,1840	7,7160	7,2833	7,2559
31820	7,3695	7,1832	7,7189	7,2835	7,2549
31840	7,3691	7,1839	7,7277	7,2840	7,2595
31860	7,3667	7,1870	7,7321	7,2840	7,2596
31880	7,3670	7,1866	7,7309	7,2851	7,2597
31900	7,3651	7,1865	7,7295	7,2887	7,2589
31920	7,3619	7,1848	7,7286	7,2939	7,2601
31940	7,3601	7,1837	7,7268	7,2956	7,2597
31960	7,3584	7,1842	7,7244	7,2929	7,2586
31980	7,3550	7,1857	7,7253	7,2919	7,2586
32000	7,3527	7,1879	7,7263	7,2973	7,2571
32020	7,3508	7,1893	7,7239	7,2991	7,2561
32040	7,3490	7,1887	7,7235	7,2994	7,2550
32060	7,3493	7,1884	7,7267	7,2990	7,2541
32080	7,3492	7,1891	7,7294	7,3000	7,2536
32100	7,3475	7,1897	7,7340	7,2972	7,2512
32120	7,3473	7,1908	7,7423	7,2992	7,2496
32140	7,3453	7,1921	7,7443	7,3028	7,2478
32160	7,3447	7,1917	7,7440	7,3020	7,2453
32180	7,3428	7,1898	7,7427	7,3010	7,2445
32200	7,3413	7,1886	7,7432	7,3018	7,2428
32220	7,3407	7,1868	7,7455	7,3059	7,2408
32240	7,3403	7,1888	7,7452	7,3036	7,2403
32260	7,3396	7,1889	7,7442	7,3026	7,2407
32280	7,3381	7,1883	7,7452	7,3054	7,2400
32300	7,3372	7,1882	7,7468	7,3072	7,2400
32320	7,3374	7,1852	7,7459	7,3079	7,2412
32340	7,3389	7,1853	7,7447	7,3085	7,2414
32360	7,3399	7,1848	7,7436	7,3079	7,2410
32380	7,3409	7,1824	7,7427	7,3112	7,2419
32400	7,3422	7,1806	7,7405	7,3139	7,2415
32420	7,3440	7,1789	7,7403	7,3185	7,2413
32440	7,3457	7,1776	7,7392	7,3164	7,2419
32460	7,3460	7,1788	7,7381	7,3158	7,2399
32480	7,3468	7,1802	7,7379	7,3133	7,2398
32500	7,3480	7,1799	7,7368	7,3119	7,2398
32520	7,3465	7,1800	7,7354	7,3134	7,2377
32540	7,3456	7,1803	7,7349	7,3141	7,2357
32560	7,3450	7,1788	7,7370	7,3142	7,2365
32580	7,3428	7,1810	7,7359	7,3127	7,2350
32600	7,3433	7,1807	7,7385	7,3132	7,2348
32620	7,3451	7,1798	7,7421	7,3143	7,2345
32640	7,3447	7,1814	7,7409	7,3132	7,2370
32660	7,3478	7,1821	7,7388	7,3111	7,2382
32680	7,3518	7,1834	7,7398	7,3127	7,2385
32700	7,3545	7,1855	7,7378	7,3134	7,2389
32720	7,3557	7,1851	7,7360	7,3126	7,2396
32740	7,3547	7,1867	7,7316	7,3111	7,2372
32760	7,3542	7,1893	7,7281	7,3111	7,2360
32780	7,3540	7,1910	7,7242	7,3112	7,2354
32800	7,3524	7,1916	7,7223	7,3102	7,2331
32820	7,3506	7,1908	7,7209	7,3088	7,2346
32840	7,3514	7,1897	7,7207	7,3085	7,2351
32860	7,3520	7,1911	7,7203	7,3078	7,2346
32880	7,3517	7,1911	7,7194	7,3063	7,2337
32900	7,3509	7,1915	7,7189	7,3034	7,2322
32920	7,3488	7,1922	7,7213	7,3029	7,2325
32940	7,3460	7,1917	7,7214	7,3006	7,2307
32960	7,3440	7,1910	7,7196	7,3011	7,2299
32980	7,3425	7,1893	7,7202	7,3018	7,2280
33000	7,3435	7,1888	7,7199	7,3005	7,2259
33020	7,3433	7,1881	7,7183	7,2982	7,2254
33040	7,3419	7,1854	7,7163	7,3017	7,2222
33060	7,3423	7,1870	7,7133	7,3040	7,2211
33080	7,3434	7,1935	7,7122	7,3046	7,2200
33100	7,3440	7,1940	7,7115	7,3035	7,2189
33120	7,3433	7,1933	7,7105	7,3105	7,2171
33140	7,3438	7,1939	7,7100	7,3159	7,2156
33160	7,3436	7,1946	7,7072	7,3162	7,2137
33180	7,3421	7,1943	7,7041	7,3174	7,2129
33200	7,3412	7,1948	7,7015	7,3193	7,2151
33220	7,3389	7,1954	7,7018	7,3199	7,2155
33240	7,3391	7,1950	7,7018	7,3212	7,2147
33260	7,3407	7,1945	7,7015	7,3222	7,2145
33280	7,3403	7,1964	7,7000	7,3247	7,2118
33300	7,3393	7,1959	7,6981	7,3234	7,2106
33320	7,3400	7,1948	7,6993	7,3234	7,2099
33340	7,3407	7,1956	7,7021	7,3254	7,2090
33360	7,3411	7,2005	7,7009	7,3291	7,2067
33380	7,3422	7,2015	7,6994	7,3342	7,2067
33400	7,3437	7,2003	7,6988	7,3401	7,2061
33420	7,3447	7,2008	7,6961	7,3451	7,2044
33440	7,3485	7,2009	7,6946	7,3484	7,2048
33460	7,3516	7,2013	7,6901	7,3566	7,2061
33480	7,3540	7,2043	7,6898	7,3617	7,2060
33500	7,3542	7,2063	7,6895	7,3623	7,2042
33520	7,3537	7,2072	7,6884	7,3630	7,2047
33540	7,3526	7,2076	7,6867	7,3627	7,2076
33560	7,3505	7,2063	7,6837	7,3597	7,2072
33580	7,3483	7,2063	7,6841	7,3580	7,2074
33600	7,3468	7,2066	7,6826	7,3558	7,2093
33620	7,3449	7,2067	7,6800	7,3529	7,2092
33640	7,3430	7,2128	7,6813	7,3519	7,2082
33660	7,3432	7,2159	7,6788	7,3497	7,2072
33680	7,3438	7,2184	7,6818	7,3494	7,2072
33700	7,3428	7,2197	7,6843	7,3484	7,2060
33720	7,3454	7,2197	7,6845	7,3468	7,2059
33740	7,3483	7,2194	7,6854	7,3465	7,2063
33760	7,3465	7,2188	7,6845	7,3469	7,2066
33780	7,3455	7,2187	7,6842	7,3459	7,2047
33800	7,3451	7,2193	7,6821	7,3450	7,2071
33820	7,3439	7,2192	7,6826	7,3469	7,2070
33840	7,3437	7,2203	7,6825	7,3502	7,2056
33860	7,3438	7,2192	7,6812	7,3533	7,2064
33880	7,3450	7,2188	7,6798	7,3578	7,2081
33900	7,3450	7,2168	7,6807	7,3609	7,2057
33920	7,3452	7,2161	7,6799	7,3643	7,2047
33940	7,3444	7,2157	7,6788	7,3622	7,2051
33960	7,3467	7,2156	7,6817	7,3605	7,2051
33980	7,3467	7,2146	7,6838	7,3605	7,2044
34000	7,3455	7,2127	7,6858	7,3616	7,2054
34020	7,3450	7,2137	7,6854	7,3615	7,2054
34040	7,3443	7,2132	7,6854	7,3609	7,2054
34060	7,3432	7,2124	7,6857	7,3612	7,2066
34080	7,3456	7,2117	7,6858	7,3609	7,2077
34100	7,3498	7,2107	7,6852	7,3602	7,2071
34120	7,3588	7,2103	7,6878	7,3592	7,2055
34140	7,3620	7,2137	7,6906	7,3563	7,2056
34160	7,3629	7,2119	7,6903	7,3546	7,2052
34180	7,3624	7,2130	7,6879	7,3519	7,2056
34200	7,3621	7,2119	7,6854	7,3486	7,2049
34220	7,3594	7,2127	7,6837	7,3465	7,2061
34240	7,3584	7,2121	7,6850	7,3454	7,2075
34260	7,3570	7,2122	7,6848	7,3439	7,2084
34280	7,3558	7,2126	7,6831	7,3447	7,2074
34300	7,3542	7,2112	7,6835	7,3462	7,2063
34320	7,3546	7,2109	7,6836	7,3466	7,2061
34340	7,3539	7,2140	7,6825	7,3460	7,2098
34360	7,3550	7,2174	7,6823	7,3473	7,2121
34380	7,3531	7,2197	7,6820	7,3492	7,2112
34400	7,3524	7,2194	7,6827	7,3479	7,2109
34420	7,3525	7,2209	7,6807	7,3472	7,2130
34440	7,3523	7,2256	7,6799	7,3477	7,2142
34460	7,3514	7,2261	7,6795	7,3514	7,2150
34480	7,3499	7,2254	7,6791	7,3537	7,2137
34500	7,3498	7,2250	7,6776	7,3532	7,2141
34520	7,3487	7,2256	7,6789	7,3529	7,2141
34540	7,3465	7,2253	7,6782	7,3532	7,2178
34560	7,3434	7,2278	7,6764	7,3539	7,2198
34580	7,3419	7,2292	7,6748	7,3573	7,2212
34600	7,3381	7,2301	7,6747	7,3562	7,2206
34620	7,3376	7,2291	7,6755	7,3566	7,2192
34640	7,3376	7,2296	7,6752	7,3573	7,2203
34660	7,3355	7,2285	7,6769	7,3545	7,2196
34680	7,3338	7,2281	7,6758	7,3523	7,2192
34700	7,3327	7,2263	7,6758	7,3499	7,2170
34720	7,3314	7,2249	7,6743	7,3478	7,2143
34740	7,3294	7,2237	7,6747	7,3462	7,2134
34760	7,3295	7,2257	7,6758	7,3449	7,2123
34780	7,3286	7,2255	7,6766	7,3445	7,2111
34800	7,3275	7,2287	7,6760	7,3465	7,2091
34820	7,3292	7,2290	7,6762	7,3473	7,2085
34840	7,3288	7,2291	7,6775	7,3484	7,2081
34860	7,3282	7,2286	7,6780	7,3476	7,2097
34880	7,3293	7,2253	7,6772	7,3466	7,2107
34900	7,3318	7,2240	7,6782	7,3465	7,2110
34920	7,3327	7,2225	7,6778	7,3463	7,2116
34940	7,3339	7,2223	7,6781	7,3462	7,2107
34960	7,3345	7,2213	7,6782	7,3455	7,2129
34980	7,3348	7,2226	7,6757	7,3458	7,2147
35000	7,3350	7,2235	7,6749	7,3443	7,2153
35020	7,3337	7,2237	7,6740	7,3443	7,2138
35040	7,3357	7,2256	7,6718	7,3438	7,2136
35060	7,3390	7,2261	7,6717	7,3425	7,2149
35080	7,3422	7,2249	7,6715	7,3417	7,2151
35100	7,3446	7,2215	7,6716	7,3422	7,2161
35120	7,3445	7,2190	7,6716	7,3393	7,2192
35140	7,3440	7,2219	7,6727	7,3376	7,2220
35160	7,3430	7,2271	7,6726	7,3351	7,2250
35180	7,3432	7,2294	7,6734	7,3339	7,2263
35200	7,3433	7,2309	7,6736	7,3338	7,2275
35220	7,3411	7,2298	7,6728	7,3334	7,2308
35240	7,3412	7,2279	7,6726	7,3341	7,2341
35260	7,3435	7,2274	7,6728	7,3407	7,2346
35280	7,3442	7,2261	7,6705	7,3482	7,2327
35300	7,3442	7,2237	7,6676	7,3502	7,2306
35320	7,3457	7,2230	7,6700	7,3484	7,2277
35340	7,3466	7,2223	7,6698	7,3475	7,2273
35360	7,3450	7,2221	7,6688	7,3447	7,2267
35380	7,3451	7,2202	7,6693	7,3441	7,2257
35400	7,3459	7,2210	7,6695	7,3409	7,2245
35420	7,3433	7,2212	7,6686	7,3387	7,2245
35440	7,3423	7,2180	7,6662	7,3381	7,2243
35460	7,3417	7,2182	7,6682	7,3401	7,2244
35480	7,3417	7,2192	7,6684	7,3418	7,2259
35500	7,3410	7,2177	7,6670	7,3466	7,2276
35520	7,3410	7,2149	7,6681	7,3495	7,2273
35540	7,3404	7,2156	7,6687	7,3505	7,2281
35560	7,3405	7,2145	7,6701	7,3509	7,2271
35580	7,3406	7,2123	7,6696	7,3508	7,2299
35600	7,3398	7,2118	7,6692	7,3498	7,2325
35620	7,3392	7,2120	7,6702	7,3494	7,2340
35640	7,3383	7,2089	7,6694	7,3494	7,2350
35660	7,3386	7,2070	7,6724	7,3473	7,2376
35680	7,3362	7,2057	7,6729	7,3458	7,2392
35700	7,3339	7,2041	7,6737	7,3445	7,2390
35720	7,3314	7,2057	7,6741	7,3451	7,2382
35740	7,3302	7,2059	7,6737	7,3442	7,2383
35760	7,3275	7,2071	7,6739	7,3419	7,2369
35780	7,3292	7,2069	7,6731	7,3396	7,2394
35800	7,3295	7,2058	7,6733	7,3362	7,2421
35820	7,3293	7,2054	7,6726	7,3355	7,2435
35840	7,3327	7,2045	7,6707	7,3346	7,2432
35860	7,3354	7,2034	7,6699	7,3351	7,2429
35880	7,3381	7,2021	7,6707	7,3377	7,2415
35900	7,3384	7,2010	7,6689	7,3382	7,2423
35920	7,3376	7,2005	7,6662	7,3379	7,2422
35940	7,3372	7,1995	7,6653	7,3383	7,2421
35960	7,3384	7,1994	7,6626	7,3392	7,2409
35980	7,3380	7,1990	7,6630	7,3378	7,2399
36000	7,3386	7,1986	7,6620	7,3355	7,2406
36020	7,3392	7,1970	7,6605	7,3372	7,2384
36040	7,3391	7,1982	7,6627	7,3395	7,2395
36060	7,3391	7,1964	7,6654	7,3394	7,2396
36080	7,3407	7,1952	7,6637	7,3433	7,2381
36100	7,3417	7,1927	7,6623	7,3440	7,2353
36120	7,3418	7,1906	7,6607	7,3444	7,2333
36140	7,3407	7,1922	7,6596	7,3437	7,2333
36160	7,3412	7,1917	7,6592	7,3439	7,2313
36180	7,3425	7,1907	7,6562	7,3443	7,2293
36200	7,3412	7,1908	7,6550	7,3444	7,2260
36220	7,3416	7,1940	7,6531	7,3434	7,2253
36240	7,3421	7,1942	7,6522	7,3415	7,2249
36260	7,3442	7,1945	7,6498	7,3422	7,2246
36280	7,3500	7,1936	7,6476	7,3435	7,2258
36300	7,3511	7,1930	7,6466	7,3397	7,2255
36320	7,3513	7,1930	7,6468	7,3408	7,2244
36340	7,3504	7,1932	7,6464	7,3405	7,2225
36360	7,3487	7,1924	7,6459	7,3394	7,2207
36380	7,3485	7,1923	7,6465	7,3389	7,2205
36400	7,3484	7,1918	7,6471	7,3387	7,2220
36420	7,3484	7,1886	7,6487	7,3376	7,2223
36440	7,3479	7,1865	7,6490	7,3369	7,2210
36460	7,3463	7,1840	7,6482	7,3361	7,2201
36480	7,3462	7,1835	7,6472	7,3372	7,2188
36500	7,3490	7,1855	7,6471	7,3371	7,2190
36520	7,3492	7,1840	7,6459	7,3369	7,2170
36540	7,3497	7,1823	7,6444	7,3361	7,2159
36560	7,3511	7,1838	7,6422	7,3358	7,2152
36580	7,3511	7,1855	7,6425	7,3365	7,2134
36600	7,3490	7,1868	7,6418	7,3348	7,2137
36620	7,3470	7,1866	7,6433	7,3355	7,2141
36640	7,3458	7,1875	7,6436	7,3358	7,2130
36660	7,3463	7,1880	7,6449	7,3361	7,2118
36680	7,3465	7,1891	7,6444	7,3354	7,2132
36700	7,3480	7,1887	7,6422	7,3353	7,2120
36720	7,3469	7,1903	7,6420	7,3359	7,2156
36740	7,3468	7,1922	7,6415	7,3356	7,2178
36760	7,3472	7,1917	7,6392	7,3349	7,2215
36780	7,3445	7,1912	7,6382	7,3338	7,2231
36800	7,3428	7,1894	7,6372	7,3332	7,2241
36820	7,3404	7,1877	7,6361	7,3338	7,2276
36840	7,3383	7,1847	7,6336	7,3325	7,2290
36860	7,3387	7,1833	7,6342	7,3305	7,2337
36880	7,3400	7,1828	7,6340	7,3307	7,2386
36900	7,3393	7,1827	7,6318	7,3320	7,2426
36920	7,3413	7,1834	7,6310	7,3310	7,2447
36940	7,3430	7,1848	7,6286	7,3296	7,2452
36960	7,3429	7,1831	7,6265	7,3317	7,2433
36980	7,3417	7,1844	7,6257	7,3328	7,2433
37000	7,3417	7,1855	7,6245	7,3311	7,2427
37020	7,3426	7,1832	7,6223	7,3319	7,2412
37040	7,3426	7,1818	7,6208	7,3331	7,2414
37060	7,3416	7,1840	7,6172	7,3315	7,2421
37080	7,3426	7,1826	7,6171	7,3300	7,2398
37100	7,3453	7,1811	7,6160	7,3316	7,2375
37120	7,3457	7,1821	7,6140	7,3331	7,2371
37140	7,3458	7,1872	7,6148	7,3322	7,2374
37160	7,3450	7,1883	7,6152	7,3316	7,2350
37180	7,3452	7,1900	7,6154	7,3323	7,2338
37200	7,3446	7,1907	7,6148	7,3311	7,2325
37220	7,3437	7,1910	7,6153	7,3296	7,2296
37240	7,3410	7,1898	7,6145	7,3281	7,2288
37260	7,3425	7,1888	7,6115	7,3299	7,2277
37280	7,3463	7,1892	7,6100	7,3282	7,2251
37300	7,3463	7,1912	7,6097	7,3277	7,2233
37320	7,3474	7,1952	7,6079	7,3288	7,2242
37340	7,3471	7,1998	7,6089	7,3286	7,2266
37360	7,3468	7,2042	7,6100	7,3271	7,2258
37380	7,3458	7,2073	7,6111	7,3272	7,2253
37400	7,3441	7,2095	7,6119	7,3296	7,2246
37420	7,3457	7,2098	7,6140	7,3329	7,2239
37440	7,3438	7,2113	7,6142	7,3344	7,2248
37460	7,3442	7,2141	7,6150	7,3342	7,2237
37480	7,3435	7,2161	7,6152	7,3341	7,2226
37500	7,3437	7,2182	7,6140	7,3319	7,2229
37520	7,3412	7,2177	7,6134	7,3300	7,2214
37540	7,3396	7,2163	7,6121	7,3276	7,2211
37560	7,3390	7,2164	7,6132	7,3271	7,2220
37580	7,3374	7,2184	7,6130	7,3286	7,2205
37600	7,3393	7,2191	7,6156	7,3315	7,2194
37620	7,3375	7,2201	7,6159	7,3363	7,2195
37640	7,3378	7,2197	7,6142	7,3383	7,2189
37660	7,3373	7,2205	7,6132	7,3376	7,2179
37680	7,3359	7,2206	7,6136	7,3371	7,2163
37700	7,3356	7,2202	7,6115	7,3365	7,2152
37720	7,3344	7,2221	7,6128	7,3372	7,2145
37740	7,3339	7,2220	7,6187	7,3368	7,2154
37760	7,3400	7,2230	7,6236	7,3341	7,2165
37780	7,3406	7,2215	7,6291	7,3336	7,2163
37800	7,3412	7,2222	7,6298	7,3317	7,2149
37820	7,3419	7,2227	7,6292	7,3325	7,2166
37840	7,3418	7,2225	7,6277	7,3324	7,2179
37860	7,3400	7,2240	7,6289	7,3325	7,2160
37880	7,3398	7,2240	7,6289	7,3318	7,2144
37900	7,3394	7,2246	7,6264	7,3308	7,2130
37920	7,3399	7,2267	7,6295	7,3304	7,2148
37940	7,3422	7,2250	7,6313	7,3319	7,2181
37960	7,3413	7,2256	7,6304	7,3312	7,2200
37980	7,3410	7,2265	7,6282	7,3314	7,2207
38000	7,3405	7,2262	7,6315	7,3324	7,2213
38020	7,3406	7,2262	7,6355	7,3311	7,2214
38040	7,3393	7,2274	7,6367	7,3291	7,2239
38060	7,3384	7,2282	7,6368	7,3274	7,2227
38080	7,3361	7,2272	7,6378	7,3266	7,2218
38100	7,3356	7,2267	7,6384	7,3260	7,2212
38120	7,3342	7,2259	7,6362	7,3274	7,2211
38140	7,3345	7,2269	7,6360	7,3289	7,2200
38160	7,3341	7,2298	7,6352	7,3258	7,2194
38180	7,3330	7,2301	7,6341	7,3236	7,2200
38200	7,3337	7,2300	7,6356	7,3220	7,2186
38220	7,3355	7,2295	7,6421	7,3197	7,2174
38240	7,3360	7,2292	7,6447	7,3199	7,2173
38260	7,3369	7,2299	7,6444	7,3195	7,2160
38280	7,3380	7,2284	7,6445	7,3190	7,2155
38300	7,3391	7,2289	7,6451	7,3205	7,2168
38320	7,3387	7,2266	7,6453	7,3234	7,2159
38340	7,3393	7,2262	7,6450	7,3241	7,2161
38360	7,3451	7,2274	7,6491	7,3228	7,2173
38380	7,3487	7,2320	7,6498	7,3234	7,2161
38400	7,3510	7,2364	7,6496	7,3229	7,2165
38420	7,3508	7,2392	7,6503	7,3205	7,2184
38440	7,3521	7,2415	7,6525	7,3205	7,2187
38460	7,3571	7,2420	7,6519	7,3244	7,2199
38480	7,3608	7,2454	7,6510	7,3252	7,2199
38500	7,3640	7,2462	7,6527	7,3250	7,2215
38520	7,3647	7,2472	7,6563	7,3245	7,2230
38540	7,3658	7,2449	7,6605	7,3254	7,2222
38560	7,3658	7,2449	7,6620	7,3249	7,2195
38580	7,3653	7,2449	7,6651	7,3255	7,2163
38600	7,3661	7,2424	7,6648	7,3257	7,2139
38620	7,3655	7,2428	7,6651	7,3259	7,2126
38640	7,3645	7,2459	7,6649	7,3238	7,2129
38660	7,3634	7,2451	7,6651	7,3225	7,2120
38680	7,3641	7,2427	7,6628	7,3202	7,2104
38700	7,3626	7,2424	7,6620	7,3195	7,2107
38720	7,3628	7,2413	7,6633	7,3191	7,2116
38740	7,3628	7,2416	7,6629	7,3170	7,2102
38760	7,3631	7,2426	7,6592	7,3147	7,2094
38780	7,3613	7,2433	7,6595	7,3134	7,2088
38800	7,3607	7,2423	7,6590	7,3122	7,2100
38820	7,3579	7,2419	7,6571	7,3112	7,2128
38840	7,3540	7,2408	7,6578	7,3094	7,2134
38860	7,3514	7,2399	7,6575	7,3091	7,2138
38880	7,3543	7,2404	7,6562	7,3098	7,2122
38900	7,3544	7,2404	7,6565	7,3088	7,2124
38920	7,3526	7,2397	7,6575	7,3069	7,2146
38940	7,3512	7,2391	7,6591	7,3062	7,2147
38960	7,3516	7,2404	7,6574	7,3054	7,2143
38980	7,3513	7,2409	7,6568	7,3059	7,2153
39000	7,3503	7,2404	7,6543	7,3057	7,2157
39020	7,3493	7,2395	7,6522	7,3066	7,2155
39040	7,3482	7,2415	7,6514	7,3049	7,2176
39060	7,3475	7,2426	7,6503	7,3043	7,2180
39080	7,3478	7,2417	7,6495	7,3040	7,2171
39100	7,3477	7,2431	7,6488	7,3024	7,2181
39120	7,3474	7,2437	7,6490	7,3038	7,2231
39140	7,3476	7,2475	7,6519	7,3047	7,2251
39160	7,3504	7,2503	7,6550	7,3040	7,2264
39180	7,3498	7,2512	7,6656	7,3030	7,2258
39200	7,3512	7,2494	7,6692	7,3019	7,2252
39220	7,3511	7,2502	7,6712	7,3005	7,2239
39240	7,3511	7,2538	7,6692	7,3009	7,2218
39260	7,3517	7,2578	7,6712	7,2997	7,2215
39280	7,3519	7,2589	7,6724	7,2995	7,2200
39300	7,3504	7,2608	7,6735	7,3018	7,2178
39320	7,3486	7,2620	7,6725	7,3053	7,2183
39340	7,3473	7,2644	7,6710	7,3047	7,2177
39360	7,3453	7,2648	7,6703	7,3043	7,2161
39380	7,3442	7,2651	7,6707	7,3049	7,2132
39400	7,3432	7,2666	7,6709	7,3045	7,2131
39420	7,3413	7,2681	7,6705	7,3044	7,2128
39440	7,3408	7,2680	7,6712	7,3067	7,2122
39460	7,3402	7,2729	7,6711	7,3106	7,2117
39480	7,3404	7,2760	7,6703	7,3109	7,2126
39500	7,3403	7,2764	7,6686	7,3093	7,2122
39520	7,3410	7,2745	7,6700	7,3095	7,2165
39540	7,3410	7,2752	7,6722	7,3081	7,2187
39560	7,3397	7,2763	7,6740	7,3070	7,2187
39580	7,3389	7,2750	7,6723	7,3069	7,2191
39600	7,3381	7,2739	7,6721	7,3079	7,2193
39620	7,3365	7,2751	7,6721	7,3084	7,2202
39640	7,3374	7,2788	7,6711	7,3079	7,2255
39660	7,3378	7,2788	7,6696	7,3071	7,2270
39680	7,3376	7,2816	7,6703	7,3039	7,2274
39700	7,3361	7,2836	7,6681	7,3032	7,2278
39720	7,3365	7,2836	7,6673	7,3031	7,2297
39740	7,3369	7,2833	7,6668	7,3000	7,2340
39760	7,3398	7,2842	7,6655	7,2988	7,2381
39780	7,3413	7,2853	7,6638	7,2981	7,2417
39800	7,3430	7,2833	7,6638	7,2973	7,2463
39820	7,3428	7,2832	7,6621	7,2991	7,2491
39840	7,3433	7,2846	7,6597	7,2991	7,2520
39860	7,3458	7,2841	7,6586	7,2993	7,2532
39880	7,3447	7,2838	7,6582	7,2996	7,2558
39900	7,3435	7,2846	7,6585	7,2989	7,2568
39920	7,3414	7,2853	7,6572	7,2980	7,2565
39940	7,3417	7,2836	7,6571	7,2977	7,2548
39960	7,3441	7,2834	7,6569	7,2989	7,2545
39980	7,3445	7,2842	7,6554	7,2984	7,2549
40000	7,3435	7,2848	7,6522	7,2976	7,2587
