# completamenti	seed_123456789	seed_2010924726	seed_417893401	seed_281668658	seed_1918141768
20	0,3012	0,5669	0,3372	0,5981	0,4805
40	0,3760	0,4642	0,4974	0,5232	0,5222
60	0,4627	0,4453	0,5181	0,4291	0,5718
80	0,4760	0,3888	0,4511	0,3737	0,4858
100	0,4318	0,3872	0,4251	0,3785	0,4849
120	0,4167	0,3794	0,4652	0,4700	0,5025
140	0,4344	0,3848	0,4476	0,4428	0,4911
160	0,4350	0,3765	0,4646	0,4628	0,5159
180	0,4290	0,4152	0,4697	0,4706	0,5235
200	0,4540	0,4094	0,4580	0,4506	0,5183
220	0,4646	0,3975	0,4563	0,4151	0,4978
240	0,4622	0,4038	0,4465	0,4286	0,4818
260	0,4700	0,4226	0,4407	0,4316	0,5067
280	0,4755	0,4285	0,4556	0,4402	0,4874
300	0,4705	0,4224	0,4574	0,4522	0,4924
320	0,4779	0,4242	0,4679	0,4518	0,4693
340	0,4821	0,4449	0,4636	0,4572	0,4725
360	0,4730	0,4561	0,4671	0,4520	0,4761
380	0,4677	0,4719	0,4603	0,4413	0,4793
400	0,4672	0,4639	0,4547	0,4456	0,4697
420	0,4524	0,4576	0,4605	0,4512	0,4772
440	0,4715	0,4647	0,4641	0,4510	0,4746
460	0,4683	0,4843	0,4680	0,4577	0,4753
480	0,4711	0,4795	0,4691	0,4542	0,4900
500	0,4744	0,4758	0,4615	0,4508	0,5001
520	0,4726	0,4693	0,4616	0,4539	0,5001
540	0,4717	0,4736	0,4721	0,4504	0,5003
560	0,4754	0,4618	0,4680	0,4611	0,4929
580	0,4759	0,4661	0,4754	0,4641	0,4865
600	0,4717	0,4744	0,4762	0,4620	0,4840
620	0,4687	0,4732	0,4801	0,4507	0,4846
640	0,4757	0,4710	0,4893	0,4527	0,4778
660	0,4811	0,4713	0,4900	0,4505	0,4893
680	0,4887	0,4690	0,4876	0,4475	0,4945
700	0,4792	0,4660	0,4826	0,4561	0,4942
720	0,4823	0,4596	0,4849	0,4591	0,4951
740	0,4771	0,4561	0,4851	0,4622	0,4939
760	0,4793	0,4547	0,4847	0,4613	0,4907
780	0,4840	0,4575	0,4879	0,4568	0,4976
800	0,4796	0,4552	0,4868	0,4604	0,4938
820	0,4785	0,4507	0,4906	0,4608	0,4869
840	0,4789	0,4484	0,4855	0,4577	0,4879
860	0,4801	0,4528	0,4859	0,4667	0,4870
880	0,4794	0,4549	0,4821	0,4692	0,4797
900	0,4775	0,4519	0,4861	0,4724	0,4765
920	0,4761	0,4520	0,4837	0,4729	0,4733
940	0,4772	0,4538	0,4861	0,4741	0,4776
960	0,4754	0,4496	0,4838	0,4701	0,4796
980	0,4727	0,4463	0,4785	0,4690	0,4797
1000	0,4738	0,4506	0,4772	0,4695	0,4754
1020	0,4748	0,4528	0,4764	0,4711	0,4751
1040	0,4796	0,4551	0,4744	0,4742	0,4709
1060	0,4743	0,4563	0,4747	0,4729	0,4748
1080	0,4749	0,4516	0,4783	0,4743	0,4781
1100	0,4760	0,4520	0,4733	0,4747	0,4785
1120	0,4759	0,4467	0,4724	0,4776	0,4721
1140	0,4749	0,4462	0,4733	0,4766	0,4741
1160	0,4719	0,4475	0,4733	0,4752	0,4733
1180	0,4696	0,4448	0,4755	0,4752	0,4746
1200	0,4716	0,4443	0,4725	0,4759	0,4718
1220	0,4693	0,4419	0,4711	0,4779	0,4739
1240	0,4696	0,4457	0,4712	0,4777	0,4704
1260	0,4708	0,4470	0,4686	0,4767	0,4702
1280	0,4678	0,4473	0,4715	0,4810	0,4726
1300	0,4697	0,4514	0,4705	0,4782	0,4719
1320	0,4686	0,4517	0,4713	0,4797	0,4737
1340	0,4676	0,4532	0,4714	0,4789	0,4712
1360	0,4686	0,4580	0,4693	0,4778	0,4716
1380	0,4673	0,4537	0,4706	0,4762	0,4726
1400	0,4662	0,4475	0,4700	0,4760	0,4718
1420	0,4678	0,4478	0,4727	0,4748	0,4732
1440	0,4728	0,4469	0,4717	0,4752	0,4743
1460	0,4721	0,4457	0,4742	0,4777	0,4723
1480	0,4684	0,4408	0,4696	0,4792	0,4711
1500	0,4716	0,4406	0,4710	0,4786	0,4689
1520	0,4714	0,4396	0,4689	0,4771	0,4697
1540	0,4688	0,4394	0,4734	0,4754	0,4697
1560	0,4689	0,4389	0,4751	0,4778	0,4702
1580	0,4698	0,4393	0,4775	0,4765	0,4700
1600	0,4679	0,4409	0,4759	0,4786	0,4714
1620	0,4679	0,4424	0,4770	0,4779	0,4713
1640	0,4681	0,4471	0,4758	0,4759	0,4723
1660	0,4660	0,4479	0,4751	0,4787	0,4727
1680	0,4640	0,4501	0,4779	0,4798	0,4739
1700	0,4657	0,4506	0,4761	0,4786	0,4697
1720	0,4634	0,4510	0,4774	0,4790	0,4694
1740	0,4656	0,4489	0,4727	0,4768	0,4684
1760	0,4672	0,4501	0,4713	0,4811	0,4704
1780	0,4688	0,4525	0,4702	0,4796	0,4715
1800	0,4666	0,4540	0,4693	0,4829	0,4696
1820	0,4650	0,4535	0,4695	0,4875	0,4713
1840	0,4669	0,4543	0,4695	0,4896	0,4725
1860	0,4686	0,4568	0,4694	0,4906	0,4713
1880	0,4695	0,4592	0,4665	0,4914	0,4722
1900	0,4692	0,4571	0,4658	0,4892	0,4711
1920	0,4682	0,4555	0,4647	0,4878	0,4699
1940	0,4679	0,4549	0,4656	0,4877	0,4695
1960	0,4681	0,4553	0,4658	0,4898	0,4696
1980	0,4649	0,4584	0,4657	0,4923	0,4677
2000	0,4640	0,4595	0,4631	0,4926	0,4642
2020	0,4635	0,4617	0,4651	0,4900	0,4637
2040	0,4660	0,4622	0,4669	0,4893	0,4641
2060	0,4693	0,4652	0,4670	0,4918	0,4629
2080	0,4714	0,4640	0,4675	0,4909	0,4625
2100	0,4710	0,4633	0,4663	0,4902	0,4623
2120	0,4701	0,4633	0,4667	0,4884	0,4671
2140	0,4716	0,4635	0,4657	0,4900	0,4674
2160	0,4727	0,4637	0,4651	0,4888	0,4696
2180	0,4713	0,4632	0,4668	0,4904	0,4691
2200	0,4727	0,4634	0,4660	0,4916	0,4685
2220	0,4728	0,4624	0,4673	0,4892	0,4679
2240	0,4725	0,4630	0,4673	0,4879	0,4656
2260	0,4712	0,4641	0,4668	0,4885	0,4664
2280	0,4704	0,4649	0,4680	0,4857	0,4661
2300	0,4722	0,4668	0,4682	0,4827	0,4658
2320	0,4714	0,4654	0,4676	0,4820	0,4678
2340	0,4722	0,4664	0,4694	0,4834	0,4679
2360	0,4714	0,4677	0,4718	0,4840	0,4680
2380	0,4723	0,4672	0,4708	0,4845	0,4687
2400	0,4706	0,4666	0,4711	0,4855	0,4684
2420	0,4717	0,4651	0,4737	0,4846	0,4670
2440	0,4706	0,4655	0,4764	0,4858	0,4645
2460	0,4705	0,4639	0,4752	0,4878	0,4672
2480	0,4688	0,4648	0,4741	0,4888	0,4655
2500	0,4701	0,4656	0,4723	0,4885	0,4667
2520	0,4725	0,4662	0,4725	0,4916	0,4678
2540	0,4724	0,4663	0,4728	0,4905	0,4664
2560	0,4726	0,4643	0,4742	0,4898	0,4672
2580	0,4730	0,4645	0,4748	0,4894	0,4666
2600	0,4734	0,4663	0,4742	0,4887	0,4647
2620	0,4735	0,4676	0,4743	0,4887	0,4648
2640	0,4732	0,4681	0,4740	0,4877	0,4664
2660	0,4745	0,4665	0,4757	0,4890	0,4667
2680	0,4748	0,4654	0,4747	0,4887	0,4675
2700	0,4761	0,4680	0,4750	0,4875	0,4669
2720	0,4773	0,4688	0,4734	0,4865	0,4673
2740	0,4769	0,4693	0,4730	0,4851	0,4673
2760	0,4775	0,4690	0,4726	0,4815	0,4688
2780	0,4752	0,4688	0,4733	0,4809	0,4687
2800	0,4745	0,4696	0,4720	0,4814	0,4693
2820	0,4728	0,4672	0,4712	0,4816	0,4709
2840	0,4722	0,4670	0,4725	0,4802	0,4729
2860	0,4717	0,4677	0,4690	0,4819	0,4724
2880	0,4705	0,4703	0,4677	0,4820	0,4713
2900	0,4723	0,4710	0,4689	0,4829	0,4712
2920	0,4715	0,4695	0,4678	0,4843	0,4713
2940	0,4705	0,4694	0,4674	0,4855	0,4724
2960	0,4699	0,4687	0,4689	0,4848	0,4721
2980	0,4693	0,4677	0,4697	0,4845	0,4706
3000	0,4691	0,4701	0,4686	0,4843	0,4704
3020	0,4711	0,4707	0,4697	0,4842	0,4711
3040	0,4690	0,4692	0,4688	0,4831	0,4710
3060	0,4680	0,4703	0,4681	0,4844	0,4712
3080	0,4684	0,4706	0,4683	0,4840	0,4718
3100	0,4700	0,4716	0,4704	0,4854	0,4697
3120	0,4697	0,4716	0,4708	0,4863	0,4704
3140	0,4691	0,4715	0,4705	0,4873	0,4714
3160	0,4682	0,4715	0,4701	0,4863	0,4707
3180	0,4691	0,4714	0,4717	0,4868	0,4691
3200	0,4690	0,4712	0,4715	0,4868	0,4712
3220	0,4686	0,4713	0,4716	0,4865	0,4714
3240	0,4688	0,4719	0,4721	0,4890	0,4721
3260	0,4685	0,4723	0,4718	0,4886	0,4714
3280	0,4697	0,4722	0,4722	0,4895	0,4712
3300	0,4694	0,4722	0,4704	0,4906	0,4701
3320	0,4685	0,4723	0,4710	0,4909	0,4709
3340	0,4675	0,4724	0,4712	0,4911	0,4715
3360	0,4662	0,4720	0,4708	0,4909	0,4717
3380	0,4676	0,4714	0,4709	0,4903	0,4728
3400	0,4680	0,4713	0,4721	0,4899	0,4726
3420	0,4679	0,4710	0,4716	0,4883	0,4731
3440	0,4681	0,4722	0,4701	0,4896	0,4749
3460	0,4689	0,4724	0,4689	0,4896	0,4749
3480	0,4685	0,4738	0,4694	0,4898	0,4745
3500	0,4688	0,4737	0,4703	0,4915	0,4750
3520	0,4694	0,4733	0,4727	0,4922	0,4743
3540	0,4688	0,4741	0,4742	0,4902	0,4745
3560	0,4682	0,4735	0,4743	0,4890	0,4748
3580	0,4683	0,4747	0,4750	0,4902	0,4744
3600	0,4686	0,4747	0,4745	0,4912	0,4739
3620	0,4681	0,4745	0,4741	0,4911	0,4751
3640	0,4671	0,4744	0,4732	0,4913	0,4758
3660	0,4674	0,4748	0,4739	0,4908	0,4752
3680	0,4684	0,4752	0,4748	0,4890	0,4752
3700	0,4685	0,4752	0,4752	0,4892	0,4754
3720	0,4690	0,4743	0,4739	0,4884	0,4769
3740	0,4695	0,4738	0,4739	0,4893	0,4760
3760	0,4705	0,4751	0,4740	0,4890	0,4751
3780	0,4702	0,4759	0,4728	0,4883	0,4747
3800	0,4704	0,4752	0,4737	0,4888	0,4755
3820	0,4712	0,4748	0,4746	0,4882	0,4759
3840	0,4713	0,4747	0,4750	0,4887	0,4761
3860	0,4715	0,4762	0,4742	0,4887	0,4744
3880	0,4726	0,4766	0,4730	0,4885	0,4759
3900	0,4721	0,4767	0,4729	0,4889	0,4759
3920	0,4725	0,4773	0,4727	0,4884	0,4763
3940	0,4730	0,4780	0,4736	0,4871	0,4778
3960	0,4717	0,4777	0,4730	0,4864	0,4777
3980	0,4719	0,4787	0,4726	0,4874	0,4769
4000	0,4722	0,4785	0,4717	0,4865	0,4757
4020	0,4722	0,4784	0,4713	0,4868	0,4764
4040	0,4715	0,4775	0,4708	0,4883	0,4767
4060	0,4714	0,4776	0,4713	0,4881	0,4761
4080	0,4709	0,4782	0,4719	0,4882	0,4762
4100	0,4715	0,4774	0,4725	0,4877	0,4773
4120	0,4717	0,4768	0,4725	0,4859	0,4768
4140	0,4715	0,4775	0,4733	0,4859	0,4766
4160	0,4705	0,4781	0,4754	0,4860	0,4784
4180	0,4691	0,4774	0,4750	0,4866	0,4774
4200	0,4694	0,4765	0,4743	0,4868	0,4772
4220	0,4687	0,4761	0,4730	0,4868	0,4767
4240	0,4693	0,4752	0,4734	0,4862	0,4761
4260	0,4697	0,4756	0,4721	0,4864	0,4753
4280	0,4695	0,4767	0,4728	0,4872	0,4760
4300	0,4696	0,4773	0,4728	0,4867	0,4757
4320	0,4701	0,4776	0,4723	0,4867	0,4774
4340	0,4695	0,4774	0,4720	0,4869	0,4775
4360	0,4692	0,4780	0,4730	0,4877	0,4790
4380	0,4701	0,4782	0,4735	0,4875	0,4796
4400	0,4696	0,4786	0,4735	0,4868	0,4800
4420	0,4684	0,4784	0,4723	0,4862	0,4790
4440	0,4682	0,4804	0,4711	0,4856	0,4791
4460	0,4699	0,4800	0,4708	0,4858	0,4798
4480	0,4707	0,4796	0,4711	0,4849	0,4797
4500	0,4705	0,4796	0,4704	0,4840	0,4776
4520	0,4709	0,4800	0,4702	0,4840	0,4792
4540	0,4717	0,4790	0,4705	0,4845	0,4785
4560	0,4722	0,4786	0,4712	0,4848	0,4783
4580	0,4720	0,4779	0,4714	0,4848	0,4779
4600	0,4714	0,4776	0,4712	0,4862	0,4779
4620	0,4718	0,4784	0,4711	0,4867	0,4775
4640	0,4730	0,4786	0,4731	0,4862	0,4774
4660	0,4727	0,4776	0,4741	0,4862	0,4776
4680	0,4721	0,4784	0,4749	0,4861	0,4769
4700	0,4728	0,4785	0,4747	0,4865	0,4771
4720	0,4733	0,4788	0,4746	0,4855	0,4763
4740	0,4729	0,4792	0,4746	0,4853	0,4760
4760	0,4719	0,4794	0,4752	0,4856	0,4758
4780	0,4724	0,4784	0,4748	0,4848	0,4758
4800	0,4713	0,4783	0,4749	0,4850	0,4745
4820	0,4712	0,4781	0,4751	0,4847	0,4750
4840	0,4719	0,4780	0,4747	0,4849	0,4750
4860	0,4708	0,4787	0,4748	0,4854	0,4752
4880	0,4724	0,4784	0,4755	0,4846	0,4747
4900	0,4722	0,4790	0,4749	0,4850	0,4743
4920	0,4728	0,4796	0,4745	0,4848	0,4745
4940	0,4733	0,4795	0,4738	0,4837	0,4737
4960	0,4735	0,4787	0,4739	0,4833	0,4734
4980	0,4737	0,4780	0,4737	0,4842	0,4728
5000	0,4742	0,4782	0,4738	0,4843	0,4722
5020	0,4744	0,4774	0,4744	0,4844	0,4723
5040	0,4739	0,4767	0,4741	0,4843	0,4728
5060	0,4736	0,4775	0,4745	0,4835	0,4726
5080	0,4746	0,4772	0,4747	0,4829	0,4718
5100	0,4750	0,4765	0,4749	0,4825	0,4720
5120	0,4742	0,4761	0,4744	0,4822	0,4716
5140	0,4738	0,4761	0,4749	0,4820	0,4715
5160	0,4735	0,4764	0,4747	0,4813	0,4713
5180	0,4736	0,4769	0,4746	0,4816	0,4715
5200	0,4749	0,4769	0,4737	0,4816	0,4725
5220	0,4746	0,4768	0,4728	0,4822	0,4725
5240	0,4744	0,4768	0,4736	0,4815	0,4727
5260	0,4740	0,4766	0,4733	0,4814	0,4721
5280	0,4740	0,4761	0,4728	0,4817	0,4712
5300	0,4733	0,4759	0,4719	0,4806	0,4711
5320	0,4730	0,4766	0,4707	0,4809	0,4713
5340	0,4718	0,4764	0,4702	0,4795	0,4716
5360	0,4719	0,4759	0,4701	0,4804	0,4714
5380	0,4728	0,4770	0,4699	0,4809	0,4708
5400	0,4722	0,4767	0,4698	0,4803	0,4709
5420	0,4723	0,4755	0,4699	0,4811	0,4710
5440	0,4719	0,4754	0,4712	0,4806	0,4711
5460	0,4728	0,4755	0,4722	0,4816	0,4711
5480	0,4737	0,4756	0,4722	0,4803	0,4707
5500	0,4737	0,4756	0,4728	0,4797	0,4706
5520	0,4731	0,4766	0,4729	0,4791	0,4707
5540	0,4737	0,4768	0,4738	0,4795	0,4704
5560	0,4747	0,4767	0,4731	0,4809	0,4704
5580	0,4754	0,4762	0,4728	0,4816	0,4705
5600	0,4762	0,4763	0,4729	0,4815	0,4703
5620	0,4766	0,4761	0,4729	0,4811	0,4703
5640	0,4769	0,4753	0,4731	0,4812	0,4701
5660	0,4772	0,4748	0,4737	0,4815	0,4708
5680	0,4776	0,4746	0,4741	0,4813	0,4700
5700	0,4772	0,4742	0,4730	0,4816	0,4707
5720	0,4786	0,4743	0,4743	0,4817	0,4716
5740	0,4783	0,4737	0,4747	0,4819	0,4714
5760	0,4783	0,4733	0,4744	0,4814	0,4714
5780	0,4783	0,4720	0,4740	0,4814	0,4711
5800	0,4789	0,4718	0,4744	0,4817	0,4709
5820	0,4797	0,4727	0,4746	0,4811	0,4708
5840	0,4798	0,4726	0,4744	0,4806	0,4706
5860	0,4805	0,4733	0,4762	0,4812	0,4707
5880	0,4805	0,4733	0,4761	0,4812	0,4717
5900	0,4808	0,4732	0,4764	0,4803	0,4712
5920	0,4808	0,4718	0,4769	0,4810	0,4711
5940	0,4814	0,4716	0,4762	0,4812	0,4712
5960	0,4820	0,4722	0,4766	0,4803	0,4721
5980	0,4826	0,4719	0,4761	0,4803	0,4722
6000	0,4832	0,4715	0,4768	0,4805	0,4718
6020	0,4841	0,4719	0,4769	0,4800	0,4722
6040	0,4837	0,4726	0,4769	0,4800	0,4728
6060	0,4845	0,4719	0,4775	0,4801	0,4726
6080	0,4851	0,4719	0,4774	0,4796	0,4729
6100	0,4853	0,4718	0,4769	0,4792	0,4725
6120	0,4859	0,4726	0,4762	0,4790	0,4733
6140	0,4859	0,4721	0,4770	0,4791	0,4737
6160	0,4853	0,4712	0,4778	0,4789	0,4753
6180	0,4843	0,4715	0,4776	0,4790	0,4749
6200	0,4838	0,4715	0,4778	0,4783	0,4753
6220	0,4843	0,4717	0,4782	0,4792	0,4750
6240	0,4849	0,4715	0,4793	0,4787	0,4750
6260	0,4853	0,4722	0,4794	0,4791	0,4740
6280	0,4856	0,4714	0,4791	0,4795	0,4744
6300	0,4854	0,4708	0,4786	0,4788	0,4744
6320	0,4843	0,4710	0,4794	0,4794	0,4749
6340	0,4843	0,4719	0,4795	0,4800	0,4747
6360	0,4836	0,4721	0,4794	0,4797	0,4749
6380	0,4838	0,4720	0,4799	0,4798	0,4756
6400	0,4827	0,4718	0,4802	0,4791	0,4763
6420	0,4827	0,4713	0,4799	0,4793	0,4760
6440	0,4835	0,4711	0,4799	0,4790	0,4768
6460	0,4831	0,4719	0,4794	0,4788	0,4768
6480	0,4831	0,4717	0,4802	0,4781	0,4766
6500	0,4834	0,4727	0,4802	0,4779	0,4761
6520	0,4834	0,4724	0,4797	0,4775	0,4758
6540	0,4832	0,4733	0,4801	0,4773	0,4764
6560	0,4830	0,4733	0,4795	0,4769	0,4766
6580	0,4833	0,4746	0,4800	0,4775	0,4764
6600	0,4832	0,4750	0,4801	0,4778	0,4770
6620	0,4835	0,4743	0,4799	0,4779	0,4770
6640	0,4830	0,4755	0,4799	0,4777	0,4765
6660	0,4823	0,4754	0,4802	0,4776	0,4760
6680	0,4827	0,4754	0,4804	0,4774	0,4760
6700	0,4828	0,4760	0,4803	0,4772	0,4761
6720	0,4819	0,4763	0,4801	0,4769	0,4758
6740	0,4823	0,4756	0,4802	0,4769	0,4759
6760	0,4822	0,4753	0,4800	0,4777	0,4752
6780	0,4820	0,4759	0,4803	0,4777	0,4752
6800	0,4822	0,4764	0,4806	0,4766	0,4747
6820	0,4826	0,4774	0,4806	0,4769	0,4740
6840	0,4828	0,4770	0,4799	0,4767	0,4744
6860	0,4827	0,4773	0,4803	0,4768	0,4745
6880	0,4822	0,4771	0,4806	0,4768	0,4747
6900	0,4814	0,4767	0,4809	0,4761	0,4752
6920	0,4812	0,4769	0,4814	0,4761	0,4750
6940	0,4805	0,4768	0,4816	0,4759	0,4758
6960	0,4804	0,4772	0,4815	0,4766	0,4759
6980	0,4802	0,4769	0,4817	0,4762	0,4761
7000	0,4800	0,4770	0,4816	0,4759	0,4758
7020	0,4797	0,4768	0,4815	0,4762	0,4759
7040	0,4791	0,4769	0,4812	0,4768	0,4762
7060	0,4788	0,4768	0,4810	0,4766	0,4765
7080	0,4793	0,4771	0,4811	0,4768	0,4770
7100	0,4793	0,4764	0,4813	0,4776	0,4763
7120	0,4800	0,4761	0,4821	0,4776	0,4768
7140	0,4798	0,4765	0,4819	0,4770	0,4768
7160	0,4800	0,4767	0,4822	0,4764	0,4768
7180	0,4804	0,4769	0,4826	0,4768	0,4775
7200	0,4805	0,4764	0,4824	0,4765	0,4777
7220	0,4802	0,4766	0,4829	0,4767	0,4775
7240	0,4806	0,4766	0,4825	0,4767	0,4774
7260	0,4813	0,4767	0,4823	0,4758	0,4775
7280	0,4812	0,4766	0,4817	0,4761	0,4775
7300	0,4819	0,4769	0,4818	0,4762	0,4770
7320	0,4821	0,4763	0,4819	0,4759	0,4771
7340	0,4822	0,4769	0,4820	0,4760	0,4767
7360	0,4815	0,4766	0,4820	0,4754	0,4758
7380	0,4816	0,4759	0,4826	0,4754	0,4756
7400	0,4816	0,4760	0,4825	0,4751	0,4749
7420	0,4821	0,4757	0,4825	0,4746	0,4739
7440	0,4822	0,4751	0,4819	0,4745	0,4738
7460	0,4821	0,4760	0,4830	0,4744	0,4732
7480	0,4824	0,4760	0,4827	0,4740	0,4731
7500	0,4820	0,4758	0,4829	0,4739	0,4737
7520	0,4819	0,4767	0,4834	0,4741	0,4737
7540	0,4822	0,4764	0,4832	0,4744	0,4732
7560	0,4824	0,4761	0,4831	0,4742	0,4728
7580	0,4820	0,4760	0,4826	0,4746	0,4722
7600	0,4820	0,4762	0,4830	0,4747	0,4721
7620	0,4822	0,4761	0,4833	0,4745	0,4717
7640	0,4830	0,4759	0,4831	0,4741	0,4724
7660	0,4833	0,4758	0,4826	0,4737	0,4724
7680	0,4840	0,4750	0,4824	0,4726	0,4721
7700	0,4837	0,4762	0,4825	0,4728	0,4711
7720	0,4837	0,4769	0,4827	0,4728	0,4715
7740	0,4831	0,4766	0,4828	0,4728	0,4715
7760	0,4832	0,4765	0,4835	0,4722	0,4715
7780	0,4836	0,4767	0,4834	0,4720	0,4716
7800	0,4837	0,4776	0,4832	0,4720	0,4721
7820	0,4837	0,4779	0,4835	0,4720	0,4722
7840	0,4842	0,4773	0,4831	0,4721	0,4720
7860	0,4840	0,4779	0,4831	0,4724	0,4715
7880	0,4840	0,4776	0,4836	0,4725	0,4711
7900	0,4835	0,4776	0,4835	0,4722	0,4718
7920	0,4835	0,4773	0,4836	0,4721	0,4715
7940	0,4826	0,4768	0,4844	0,4716	0,4708
7960	0,4824	0,4768	0,4847	0,4716	0,4710
7980	0,4823	0,4766	0,4848	0,4720	0,4710
8000	0,4824	0,4764	0,4850	0,4719	0,4711
8020	0,4824	0,4757	0,4854	0,4718	0,4708
8040	0,4818	0,4759	0,4855	0,4716	0,4709
8060	0,4825	0,4758	0,4862	0,4712	0,4707
8080	0,4821	0,4756	0,4861	0,4712	0,4706
8100	0,4822	0,4756	0,4860	0,4714	0,4705
8120	0,4830	0,4754	0,4864	0,4719	0,4706
8140	0,4832	0,4760	0,4855	0,4727	0,4704
8160	0,4823	0,4756	0,4856	0,4724	0,4709
8180	0,4821	0,4749	0,4851	0,4718	0,4710
8200	0,4817	0,4752	0,4851	0,4715	0,4709
8220	0,4818	0,4752	0,4845	0,4712	0,4705
8240	0,4813	0,4752	0,4844	0,4707	0,4697
8260	0,4815	0,4753	0,4840	0,4701	0,4696
8280	0,4814	0,4753	0,4840	0,4697	0,4702
8300	0,4815	0,4757	0,4842	0,4698	0,4699
8320	0,4816	0,4757	0,4839	0,4702	0,4698
8340	0,4815	0,4752	0,4845	0,4700	0,4697
8360	0,4822	0,4749	0,4845	0,4703	0,4692
8380	0,4823	0,4750	0,4841	0,4701	0,4690
8400	0,4824	0,4753	0,4837	0,4703	0,4691
8420	0,4823	0,4759	0,4840	0,4707	0,4687
8440	0,4823	0,4768	0,4845	0,4714	0,4687
8460	0,4829	0,4760	0,4852	0,4707	0,4693
8480	0,4823	0,4761	0,4851	0,4711	0,4693
8500	0,4831	0,4759	0,4850	0,4719	0,4697
8520	0,4832	0,4760	0,4849	0,4717	0,4696
8540	0,4826	0,4755	0,4848	0,4717	0,4701
8560	0,4821	0,4748	0,4845	0,4720	0,4700
8580	0,4820	0,4759	0,4844	0,4720	0,4693
8600	0,4822	0,4757	0,4849	0,4714	0,4690
8620	0,4825	0,4756	0,4852	0,4722	0,4692
8640	0,4825	0,4758	0,4849	0,4725	0,4694
8660	0,4825	0,4753	0,4851	0,4724	0,4696
8680	0,4825	0,4757	0,4861	0,4724	0,4698
8700	0,4822	0,4757	0,4866	0,4725	0,4702
8720	0,4823	0,4754	0,4861	0,4724	0,4701
8740	0,4824	0,4754	0,4855	0,4727	0,4705
8760	0,4820	0,4753	0,4856	0,4727	0,4698
8780	0,4817	0,4755	0,4862	0,4723	0,4698
8800	0,4812	0,4757	0,4862	0,4725	0,4693
8820	0,4810	0,4756	0,4864	0,4721	0,4693
8840	0,4810	0,4758	0,4855	0,4718	0,4697
8860	0,4815	0,4751	0,4854	0,4720	0,4701
8880	0,4815	0,4748	0,4857	0,4714	0,4702
8900	0,4814	0,4747	0,4852	0,4715	0,4705
8920	0,4817	0,4747	0,4852	0,4712	0,4705
8940	0,4814	0,4752	0,4853	0,4709	0,4705
8960	0,4817	0,4753	0,4852	0,4705	0,4706
8980	0,4816	0,4748	0,4855	0,4703	0,4709
9000	0,4812	0,4743	0,4856	0,4699	0,4708
9020	0,4815	0,4741	0,4858	0,4694	0,4710
9040	0,4816	0,4735	0,4860	0,4695	0,4710
9060	0,4817	0,4733	0,4857	0,4693	0,4709
9080	0,4815	0,4728	0,4857	0,4691	0,4710
9100	0,4812	0,4730	0,4856	0,4696	0,4710
9120	0,4810	0,4724	0,4861	0,4695	0,4708
9140	0,4808	0,4726	0,4864	0,4696	0,4713
9160	0,4810	0,4729	0,4864	0,4698	0,4714
9180	0,4810	0,4730	0,4864	0,4699	0,4717
9200	0,4807	0,4730	0,4866	0,4696	0,4717
9220	0,4806	0,4732	0,4871	0,4695	0,4709
9240	0,4809	0,4736	0,4869	0,4699	0,4710
9260	0,4808	0,4738	0,4866	0,4702	0,4710
9280	0,4809	0,4738	0,4868	0,4700	0,4713
9300	0,4815	0,4738	0,4875	0,4698	0,4713
9320	0,4814	0,4734	0,4871	0,4695	0,4713
9340	0,4809	0,4727	0,4871	0,4700	0,4712
9360	0,4805	0,4731	0,4869	0,4704	0,4714
9380	0,4799	0,4732	0,4873	0,4708	0,4715
9400	0,4799	0,4728	0,4873	0,4706	0,4716
9420	0,4802	0,4731	0,4871	0,4707	0,4712
9440	0,4807	0,4730	0,4873	0,4705	0,4709
9460	0,4807	0,4726	0,4874	0,4702	0,4711
9480	0,4806	0,4726	0,4874	0,4706	0,4714
9500	0,4803	0,4727	0,4869	0,4707	0,4716
9520	0,4803	0,4730	0,4867	0,4713	0,4720
9540	0,4799	0,4729	0,4863	0,4715	0,4721
9560	0,4796	0,4726	0,4860	0,4715	0,4727
9580	0,4798	0,4728	0,4852	0,4715	0,4724
9600	0,4798	0,4727	0,4853	0,4716	0,4725
9620	0,4795	0,4727	0,4849	0,4718	0,4725
9640	0,4793	0,4725	0,4843	0,4717	0,4729
9660	0,4791	0,4721	0,4841	0,4716	0,4728
9680	0,4791	0,4718	0,4839	0,4719	0,4728
9700	0,4787	0,4715	0,4836	0,4720	0,4731
9720	0,4787	0,4708	0,4828	0,4716	0,4731
9740	0,4787	0,4707	0,4824	0,4716	0,4731
9760	0,4789	0,4708	0,4824	0,4716	0,4729
9780	0,4785	0,4709	0,4821	0,4706	0,4735
9800	0,4784	0,4706	0,4818	0,4706	0,4738
9820	0,4787	0,4702	0,4823	0,4704	0,4735
9840	0,4796	0,4704	0,4821	0,4701	0,4733
9860	0,4794	0,4708	0,4826	0,4703	0,4732
9880	0,4792	0,4710	0,4821	0,4703	0,4733
9900	0,4793	0,4705	0,4819	0,4703	0,4733
9920	0,4797	0,4701	0,4819	0,4704	0,4739
9940	0,4795	0,4702	0,4820	0,4705	0,4737
9960	0,4794	0,4700	0,4816	0,4705	0,4734
9980	0,4800	0,4704	0,4819	0,4708	0,4734
10000	0,4801	0,4703	0,4822	0,4712	0,4726
10020	0,4800	0,4700	0,4822	0,4707	0,4725
10040	0,4805	0,4702	0,4821	0,4700	0,4722
10060	0,4805	0,4705	0,4824	0,4699	0,4725
10080	0,4799	0,4704	0,4819	0,4703	0,4725
10100	0,4802	0,4706	0,4822	0,4702	0,4725
10120	0,4797	0,4706	0,4817	0,4700	0,4721
10140	0,4796	0,4710	0,4819	0,4700	0,4725
10160	0,4799	0,4709	0,4813	0,4695	0,4724
10180	0,4796	0,4710	0,4807	0,4694	0,4723
10200	0,4797	0,4707	0,4801	0,4693	0,4728
10220	0,4793	0,4707	0,4803	0,4692	0,4732
10240	0,4791	0,4708	0,4802	0,4691	0,4732
10260	0,4800	0,4706	0,4801	0,4691	0,4737
10280	0,4799	0,4709	0,4798	0,4687	0,4732
10300	0,4797	0,4707	0,4797	0,4686	0,4733
10320	0,4793	0,4708	0,4795	0,4686	0,4733
10340	0,4793	0,4706	0,4794	0,4687	0,4733
10360	0,4793	0,4705	0,4795	0,4683	0,4737
10380	0,4790	0,4710	0,4800	0,4686	0,4730
10400	0,4789	0,4710	0,4794	0,4690	0,4732
10420	0,4787	0,4708	0,4799	0,4693	0,4730
10440	0,4786	0,4705	0,4806	0,4690	0,4731
10460	0,4783	0,4707	0,4807	0,4694	0,4733
10480	0,4785	0,4702	0,4806	0,4700	0,4735
10500	0,4787	0,4700	0,4805	0,4699	0,4736
10520	0,4784	0,4702	0,4809	0,4699	0,4735
10540	0,4782	0,4706	0,4807	0,4700	0,4733
10560	0,4784	0,4705	0,4805	0,4704	0,4734
10580	0,4790	0,4706	0,4805	0,4702	0,4734
10600	0,4796	0,4703	0,4805	0,4700	0,4741
10620	0,4796	0,4709	0,4804	0,4699	0,4738
10640	0,4788	0,4709	0,4803	0,4698	0,4735
10660	0,4786	0,4703	0,4804	0,4698	0,4736
10680	0,4790	0,4705	0,4805	0,4696	0,4736
10700	0,4789	0,4704	0,4807	0,4696	0,4741
10720	0,4791	0,4700	0,4811	0,4697	0,4742
10740	0,4793	0,4706	0,4813	0,4701	0,4740
10760	0,4792	0,4710	0,4813	0,4703	0,4740
10780	0,4793	0,4710	0,4818	0,4699	0,4739
10800	0,4794	0,4706	0,4818	0,4697	0,4736
10820	0,4785	0,4709	0,4819	0,4697	0,4738
10840	0,4787	0,4706	0,4814	0,4698	0,4739
10860	0,4786	0,4704	0,4817	0,4698	0,4741
10880	0,4782	0,4695	0,4814	0,4698	0,4739
10900	0,4780	0,4692	0,4809	0,4698	0,4737
10920	0,4778	0,4696	0,4809	0,4698	0,4741
10940	0,4778	0,4696	0,4809	0,4698	0,4742
10960	0,4776	0,4701	0,4807	0,4699	0,4741
10980	0,4773	0,4705	0,4804	0,4700	0,4742
11000	0,4775	0,4699	0,4801	0,4700	0,4739
11020	0,4777	0,4699	0,4799	0,4698	0,4734
11040	0,4775	0,4698	0,4798	0,4698	0,4735
11060	0,4774	0,4701	0,4801	0,4699	0,4735
11080	0,4769	0,4701	0,4806	0,4695	0,4732
11100	0,4772	0,4702	0,4808	0,4693	0,4733
11120	0,4774	0,4706	0,4814	0,4692	0,4732
11140	0,4781	0,4705	0,4813	0,4693	0,4733
11160	0,4777	0,4708	0,4811	0,4697	0,4737
11180	0,4780	0,4705	0,4809	0,4694	0,4740
11200	0,4779	0,4702	0,4808	0,4694	0,4734
11220	0,4779	0,4701	0,4810	0,4693	0,4736
11240	0,4780	0,4702	0,4809	0,4689	0,4735
11260	0,4779	0,4703	0,4809	0,4691	0,4732
11280	0,4778	0,4701	0,4804	0,4691	0,4732
11300	0,4778	0,4702	0,4802	0,4689	0,4733
11320	0,4778	0,4709	0,4804	0,4691	0,4732
11340	0,4780	0,4706	0,4800	0,4690	0,4730
11360	0,4779	0,4708	0,4805	0,4687	0,4727
11380	0,4771	0,4714	0,4803	0,4685	0,4726
11400	0,4769	0,4712	0,4802	0,4687	0,4726
11420	0,4769	0,4715	0,4801	0,4687	0,4724
11440	0,4770	0,4715	0,4805	0,4688	0,4723
11460	0,4770	0,4714	0,4807	0,4689	0,4725
11480	0,4770	0,4715	0,4807	0,4691	0,4724
11500	0,4774	0,4720	0,4805	0,4692	0,4722
11520	0,4776	0,4723	0,4807	0,4693	0,4727
11540	0,4774	0,4720	0,4811	0,4694	0,4722
11560	0,4773	0,4718	0,4808	0,4697	0,4722
11580	0,4775	0,4718	0,4808	0,4696	0,4721
11600	0,4772	0,4717	0,4810	0,4694	0,4723
11620	0,4779	0,4717	0,4812	0,4693	0,4728
11640	0,4773	0,4718	0,4813	0,4691	0,4727
11660	0,4776	0,4718	0,4810	0,4694	0,4729
11680	0,4775	0,4721	0,4809	0,4689	0,4728
11700	0,4776	0,4720	0,4809	0,4687	0,4731
11720	0,4773	0,4717	0,4809	0,4688	0,4734
11740	0,4770	0,4718	0,4807	0,4687	0,4734
11760	0,4771	0,4720	0,4810	0,4684	0,4734
11780	0,4767	0,4720	0,4811	0,4682	0,4730
11800	0,4769	0,4719	0,4813	0,4687	0,4728
11820	0,4772	0,4720	0,4813	0,4689	0,4728
11840	0,4769	0,4717	0,4812	0,4688	0,4726
11860	0,4769	0,4714	0,4808	0,4688	0,4725
11880	0,4772	0,4711	0,4813	0,4687	0,4729
11900	0,4770	0,4713	0,4817	0,4687	0,4730
11920	0,4768	0,4716	0,4820	0,4689	0,4727
11940	0,4768	0,4716	0,4820	0,4686	0,4729
11960	0,4774	0,4711	0,4820	0,4687	0,4734
11980	0,4773	0,4711	0,4820	0,4685	0,4736
12000	0,4770	0,4706	0,4817	0,4683	0,4736
12020	0,4770	0,4705	0,4820	0,4684	0,4737
12040	0,4771	0,4707	0,4821	0,4686	0,4742
12060	0,4771	0,4708	0,4823	0,4693	0,4743
12080	0,4772	0,4709	0,4822	0,4691	0,4745
12100	0,4771	0,4711	0,4819	0,4691	0,4744
12120	0,4773	0,4713	0,4815	0,4688	0,4745
12140	0,4773	0,4715	0,4819	0,4689	0,4749
12160	0,4770	0,4714	0,4817	0,4690	0,4750
12180	0,4768	0,4714	0,4821	0,4688	0,4750
12200	0,4771	0,4714	0,4824	0,4683	0,4747
12220	0,4769	0,4713	0,4822	0,4686	0,4746
12240	0,4773	0,4712	0,4822	0,4685	0,4746
12260	0,4771	0,4715	0,4822	0,4686	0,4744
12280	0,4772	0,4712	0,4820	0,4684	0,4743
12300	0,4774	0,4710	0,4818	0,4689	0,4744
12320	0,4778	0,4707	0,4818	0,4684	0,4744
12340	0,4779	0,4704	0,4815	0,4683	0,4742
12360	0,4778	0,4704	0,4818	0,4682	0,4745
12380	0,4779	0,4706	0,4819	0,4683	0,4743
12400	0,4782	0,4705	0,4817	0,4680	0,4744
12420	0,4781	0,4700	0,4818	0,4682	0,4749
12440	0,4784	0,4704	0,4819	0,4683	0,4747
12460	0,4781	0,4701	0,4820	0,4682	0,4746
12480	0,4779	0,4702	0,4822	0,4684	0,4745
12500	0,4778	0,4703	0,4820	0,4687	0,4750
12520	0,4777	0,4707	0,4818	0,4688	0,4749
12540	0,4776	0,4707	0,4819	0,4688	0,4750
12560	0,4772	0,4706	0,4820	0,4686	0,4755
12580	0,4778	0,4708	0,4811	0,4684	0,4754
12600	0,4781	0,4704	0,4810	0,4678	0,4751
12620	0,4784	0,4703	0,4813	0,4674	0,4749
12640	0,4787	0,4699	0,4814	0,4670	0,4746
12660	0,4786	0,4696	0,4812	0,4671	0,4748
12680	0,4784	0,4699	0,4812	0,4672	0,4745
12700	0,4780	0,4698	0,4810	0,4671	0,4744
12720	0,4784	0,4700	0,4815	0,4669	0,4744
12740	0,4781	0,4699	0,4815	0,4670	0,4746
12760	0,4782	0,4700	0,4808	0,4669	0,4747
12780	0,4780	0,4696	0,4809	0,4669	0,4746
12800	0,4781	0,4698	0,4812	0,4669	0,4748
12820	0,4778	0,4695	0,4811	0,4663	0,4748
12840	0,4776	0,4691	0,4810	0,4666	0,4751
12860	0,4776	0,4696	0,4810	0,4662	0,4749
12880	0,4777	0,4700	0,4810	0,4665	0,4748
12900	0,4777	0,4700	0,4809	0,4662	0,4750
12920	0,4778	0,4700	0,4809	0,4661	0,4754
12940	0,4779	0,4697	0,4807	0,4662	0,4751
12960	0,4777	0,4698	0,4806	0,4667	0,4751
12980	0,4772	0,4695	0,4809	0,4668	0,4750
13000	0,4772	0,4692	0,4811	0,4666	0,4748
13020	0,4773	0,4691	0,4811	0,4663	0,4748
13040	0,4771	0,4691	0,4812	0,4667	0,4748
13060	0,4772	0,4690	0,4813	0,4668	0,4747
13080	0,4770	0,4692	0,4814	0,4670	0,4745
13100	0,4769	0,4694	0,4811	0,4667	0,4747
13120	0,4768	0,4694	0,4813	0,4669	0,4747
13140	0,4767	0,4695	0,4809	0,4670	0,4748
13160	0,4768	0,4695	0,4807	0,4668	0,4744
13180	0,4773	0,4694	0,4806	0,4670	0,4747
13200	0,4770	0,4691	0,4808	0,4670	0,4746
13220	0,4770	0,4690	0,4811	0,4668	0,4746
13240	0,4769	0,4693	0,4809	0,4666	0,4746
13260	0,4767	0,4689	0,4811	0,4667	0,4748
13280	0,4767	0,4687	0,4819	0,4666	0,4749
13300	0,4771	0,4686	0,4820	0,4668	0,4747
13320	0,4772	0,4684	0,4819	0,4668	0,4745
13340	0,4773	0,4683	0,4817	0,4665	0,4742
13360	0,4775	0,4679	0,4822	0,4668	0,4742
13380	0,4775	0,4679	0,4823	0,4664	0,4741
13400	0,4771	0,4678	0,4822	0,4663	0,4736
13420	0,4774	0,4678	0,4825	0,4661	0,4736
13440	0,4771	0,4678	0,4827	0,4661	0,4741
13460	0,4773	0,4680	0,4831	0,4663	0,4745
13480	0,4771	0,4676	0,4829	0,4660	0,4744
13500	0,4766	0,4677	0,4828	0,4660	0,4742
13520	0,4766	0,4676	0,4826	0,4664	0,4745
13540	0,4766	0,4671	0,4822	0,4660	0,4747
13560	0,4764	0,4677	0,4824	0,4661	0,4750
13580	0,4768	0,4679	0,4825	0,4661	0,4750
13600	0,4767	0,4678	0,4824	0,4662	0,4747
13620	0,4764	0,4678	0,4827	0,4663	0,4746
13640	0,4767	0,4678	0,4825	0,4665	0,4751
13660	0,4768	0,4678	0,4823	0,4665	0,4748
13680	0,4764	0,4678	0,4824	0,4668	0,4744
13700	0,4767	0,4677	0,4825	0,4667	0,4743
13720	0,4769	0,4679	0,4825	0,4661	0,4745
13740	0,4770	0,4680	0,4821	0,4657	0,4745
13760	0,4768	0,4681	0,4821	0,4657	0,4744
13780	0,4769	0,4680	0,4820	0,4657	0,4743
13800	0,4772	0,4681	0,4819	0,4656	0,4746
13820	0,4773	0,4683	0,4819	0,4657	0,4744
13840	0,4772	0,4683	0,4816	0,4654	0,4742
13860	0,4770	0,4686	0,4816	0,4656	0,4740
13880	0,4769	0,4684	0,4814	0,4652	0,4739
13900	0,4767	0,4686	0,4821	0,4651	0,4740
13920	0,4765	0,4684	0,4822	0,4653	0,4743
13940	0,4766	0,4685	0,4822	0,4651	0,4743
13960	0,4764	0,4684	0,4824	0,4651	0,4744
13980	0,4766	0,4684	0,4825	0,4652	0,4744
14000	0,4766	0,4682	0,4826	0,4655	0,4745
14020	0,4770	0,4682	0,4825	0,4654	0,4741
14040	0,4767	0,4685	0,4826	0,4653	0,4740
14060	0,4768	0,4687	0,4825	0,4652	0,4737
14080	0,4770	0,4684	0,4827	0,4651	0,4733
14100	0,4770	0,4677	0,4830	0,4655	0,4732
14120	0,4769	0,4676	0,4829	0,4654	0,4731
14140	0,4767	0,4678	0,4828	0,4655	0,4727
14160	0,4764	0,4680	0,4827	0,4654	0,4726
14180	0,4767	0,4678	0,4819	0,4655	0,4727
14200	0,4766	0,4682	0,4817	0,4653	0,4729
14220	0,4769	0,4681	0,4817	0,4657	0,4730
14240	0,4766	0,4682	0,4817	0,4660	0,4732
14260	0,4768	0,4683	0,4816	0,4660	0,4731
14280	0,4768	0,4683	0,4818	0,4662	0,4730
14300	0,4770	0,4679	0,4818	0,4662	0,4724
14320	0,4771	0,4680	0,4820	0,4662	0,4725
14340	0,4771	0,4681	0,4819	0,4663	0,4727
14360	0,4772	0,4680	0,4818	0,4667	0,4728
14380	0,4774	0,4681	0,4817	0,4667	0,4731
14400	0,4774	0,4686	0,4818	0,4667	0,4731
14420	0,4774	0,4686	0,4818	0,4667	0,4729
14440	0,4774	0,4688	0,4818	0,4665	0,4727
14460	0,4773	0,4690	0,4815	0,4665	0,4729
14480	0,4771	0,4688	0,4814	0,4664	0,4729
14500	0,4772	0,4690	0,4808	0,4668	0,4725
14520	0,4772	0,4692	0,4805	0,4670	0,4724
14540	0,4770	0,4687	0,4803	0,4667	0,4725
14560	0,4772	0,4684	0,4802	0,4668	0,4729
14580	0,4772	0,4684	0,4803	0,4672	0,4730
14600	0,4776	0,4683	0,4801	0,4674	0,4730
14620	0,4776	0,4682	0,4803	0,4674	0,4730
14640	0,4775	0,4682	0,4805	0,4677	0,4732
14660	0,4777	0,4684	0,4802	0,4679	0,4729
14680	0,4774	0,4685	0,4799	0,4679	0,4728
14700	0,4774	0,4683	0,4800	0,4677	0,4730
14720	0,4775	0,4685	0,4800	0,4677	0,4728
14740	0,4772	0,4686	0,4801	0,4676	0,4732
14760	0,4771	0,4685	0,4803	0,4677	0,4735
14780	0,4771	0,4688	0,4800	0,4682	0,4732
14800	0,4766	0,4690	0,4801	0,4682	0,4732
14820	0,4764	0,4692	0,4797	0,4680	0,4731
14840	0,4763	0,4694	0,4791	0,4678	0,4728
14860	0,4760	0,4695	0,4789	0,4679	0,4728
14880	0,4758	0,4699	0,4787	0,4679	0,4730
14900	0,4763	0,4700	0,4787	0,4685	0,4731
14920	0,4761	0,4697	0,4784	0,4684	0,4732
14940	0,4765	0,4699	0,4785	0,4684	0,4731
14960	0,4764	0,4701	0,4782	0,4681	0,4731
14980	0,4761	0,4704	0,4783	0,4683	0,4733
15000	0,4760	0,4704	0,4786	0,4689	0,4731
15020	0,4760	0,4706	0,4787	0,4688	0,4733
15040	0,4759	0,4703	0,4787	0,4691	0,4729
15060	0,4758	0,4706	0,4785	0,4691	0,4725
15080	0,4758	0,4706	0,4786	0,4690	0,4723
15100	0,4757	0,4707	0,4787	0,4690	0,4724
15120	0,4760	0,4706	0,4788	0,4686	0,4725
15140	0,4757	0,4706	0,4793	0,4687	0,4726
15160	0,4756	0,4706	0,4790	0,4683	0,4726
15180	0,4758	0,4706	0,4792	0,4681	0,4725
15200	0,4757	0,4706	0,4793	0,4678	0,4724
15220	0,4756	0,4705	0,4793	0,4679	0,4725
15240	0,4753	0,4708	0,4794	0,4678	0,4728
15260	0,4754	0,4712	0,4792	0,4681	0,4728
15280	0,4755	0,4711	0,4789	0,4682	0,4726
15300	0,4755	0,4711	0,4789	0,4688	0,4722
15320	0,4757	0,4709	0,4789	0,4689	0,4722
15340	0,4754	0,4710	0,4789	0,4691	0,4722
15360	0,4750	0,4707	0,4794	0,4691	0,4723
15380	0,4751	0,4706	0,4793	0,4691	0,4723
15400	0,4750	0,4705	0,4795	0,4690	0,4722
15420	0,4748	0,4704	0,4793	0,4687	0,4723
15440	0,4750	0,4706	0,4790	0,4685	0,4724
15460	0,4747	0,4709	0,4787	0,4684	0,4722
15480	0,4745	0,4710	0,4788	0,4683	0,4724
15500	0,4746	0,4710	0,4786	0,4685	0,4728
15520	0,4746	0,4712	0,4791	0,4683	0,4729
15540	0,4747	0,4712	0,4790	0,4683	0,4728
15560	0,4743	0,4712	0,4788	0,4684	0,4726
15580	0,4745	0,4714	0,4786	0,4682	0,4728
15600	0,4741	0,4715	0,4782	0,4680	0,4729
15620	0,4741	0,4716	0,4781	0,4680	0,4734
15640	0,4741	0,4714	0,4783	0,4681	0,4731
15660	0,4742	0,4712	0,4785	0,4682	0,4732
15680	0,4742	0,4713	0,4783	0,4685	0,4734
15700	0,4741	0,4714	0,4782	0,4686	0,4734
15720	0,4739	0,4713	0,4784	0,4685	0,4734
15740	0,4739	0,4714	0,4784	0,4684	0,4733
15760	0,4740	0,4712	0,4787	0,4686	0,4733
15780	0,4741	0,4713	0,4787	0,4684	0,4733
15800	0,4742	0,4716	0,4788	0,4684	0,4731
15820	0,4741	0,4711	0,4787	0,4686	0,4731
15840	0,4738	0,4709	0,4783	0,4687	0,4736
15860	0,4736	0,4706	0,4781	0,4687	0,4737
15880	0,4738	0,4710	0,4785	0,4685	0,4735
15900	0,4736	0,4712	0,4783	0,4685	0,4736
15920	0,4738	0,4716	0,4788	0,4686	0,4735
15940	0,4737	0,4713	0,4787	0,4684	0,4736
15960	0,4738	0,4712	0,4792	0,4683	0,4738
15980	0,4739	0,4712	0,4790	0,4683	0,4737
16000	0,4740	0,4714	0,4790	0,4686	0,4736
16020	0,4740	0,4714	0,4792	0,4687	0,4735
16040	0,4743	0,4716	0,4792	0,4687	0,4735
16060	0,4746	0,4715	0,4792	0,4688	0,4736
16080	0,4744	0,4718	0,4792	0,4687	0,4735
16100	0,4745	0,4716	0,4790	0,4684	0,4738
16120	0,4747	0,4716	0,4790	0,4686	0,4740
16140	0,4748	0,4718	0,4791	0,4685	0,4746
16160	0,4747	0,4719	0,4791	0,4686	0,4747
16180	0,4745	0,4720	0,4790	0,4683	0,4745
16200	0,4743	0,4720	0,4788	0,4683	0,4744
16220	0,4742	0,4718	0,4787	0,4681	0,4744
16240	0,4741	0,4720	0,4786	0,4680	0,4743
16260	0,4741	0,4719	0,4787	0,4681	0,4743
16280	0,4743	0,4719	0,4787	0,4678	0,4744
16300	0,4746	0,4719	0,4791	0,4680	0,4743
16320	0,4747	0,4716	0,4793	0,4679	0,4741
16340	0,4748	0,4718	0,4792	0,4678	0,4745
16360	0,4748	0,4720	0,4790	0,4681	0,4746
16380	0,4752	0,4720	0,4789	0,4684	0,4747
16400	0,4752	0,4721	0,4787	0,4687	0,4745
16420	0,4757	0,4721	0,4787	0,4687	0,4739
16440	0,4758	0,4720	0,4785	0,4688	0,4739
16460	0,4761	0,4720	0,4787	0,4687	0,4738
16480	0,4759	0,4723	0,4787	0,4686	0,4737
16500	0,4760	0,4724	0,4787	0,4683	0,4735
16520	0,4758	0,4723	0,4786	0,4679	0,4735
16540	0,4764	0,4722	0,4787	0,4680	0,4736
16560	0,4765	0,4722	0,4787	0,4682	0,4737
16580	0,4766	0,4722	0,4788	0,4680	0,4740
16600	0,4767	0,4721	0,4787	0,4679	0,4740
16620	0,4767	0,4720	0,4786	0,4677	0,4735
16640	0,4765	0,4720	0,4788	0,4680	0,4733
16660	0,4764	0,4724	0,4788	0,4679	0,4732
16680	0,4761	0,4722	0,4787	0,4678	0,4730
16700	0,4759	0,4722	0,4789	0,4681	0,4728
16720	0,4761	0,4719	0,4790	0,4681	0,4727
16740	0,4761	0,4719	0,4789	0,4682	0,4727
16760	0,4763	0,4721	0,4790	0,4681	0,4727
16780	0,4763	0,4718	0,4787	0,4681	0,4727
16800	0,4764	0,4720	0,4786	0,4680	0,4725
16820	0,4764	0,4721	0,4787	0,4682	0,4726
16840	0,4761	0,4718	0,4786	0,4684	0,4726
16860	0,4760	0,4718	0,4785	0,4685	0,4727
16880	0,4761	0,4715	0,4785	0,4683	0,4732
16900	0,4760	0,4714	0,4785	0,4683	0,4733
16920	0,4761	0,4716	0,4786	0,4681	0,4731
16940	0,4762	0,4717	0,4787	0,4681	0,4730
16960	0,4760	0,4716	0,4788	0,4681	0,4731
16980	0,4763	0,4716	0,4792	0,4680	0,4732
17000	0,4763	0,4717	0,4791	0,4680	0,4736
17020	0,4760	0,4715	0,4793	0,4681	0,4736
17040	0,4760	0,4718	0,4795	0,4683	0,4734
17060	0,4757	0,4719	0,4796	0,4683	0,4734
17080	0,4757	0,4716	0,4798	0,4681	0,4733
17100	0,4761	0,4715	0,4799	0,4683	0,4733
17120	0,4761	0,4714	0,4802	0,4683	0,4732
17140	0,4762	0,4714	0,4801	0,4683	0,4736
17160	0,4761	0,4715	0,4806	0,4687	0,4736
17180	0,4761	0,4715	0,4806	0,4686	0,4735
17200	0,4761	0,4714	0,4804	0,4686	0,4737
17220	0,4762	0,4714	0,4802	0,4686	0,4737
17240	0,4763	0,4714	0,4802	0,4686	0,4738
17260	0,4762	0,4712	0,4802	0,4685	0,4741
17280	0,4760	0,4711	0,4800	0,4685	0,4741
17300	0,4756	0,4713	0,4805	0,4684	0,4741
17320	0,4756	0,4712	0,4805	0,4683	0,4743
17340	0,4757	0,4712	0,4803	0,4684	0,4744
17360	0,4756	0,4709	0,4802	0,4683	0,4744
17380	0,4756	0,4709	0,4801	0,4684	0,4745
17400	0,4757	0,4706	0,4802	0,4685	0,4741
17420	0,4760	0,4706	0,4800	0,4686	0,4741
17440	0,4761	0,4707	0,4797	0,4685	0,4740
17460	0,4762	0,4707	0,4798	0,4686	0,4739
17480	0,4762	0,4708	0,4798	0,4688	0,4738
17500	0,4760	0,4707	0,4800	0,4689	0,4739
17520	0,4759	0,4707	0,4799	0,4690	0,4737
17540	0,4763	0,4706	0,4796	0,4690	0,4736
17560	0,4761	0,4704	0,4796	0,4691	0,4737
17580	0,4760	0,4704	0,4795	0,4690	0,4735
17600	0,4761	0,4704	0,4796	0,4691	0,4735
17620	0,4762	0,4705	0,4797	0,4689	0,4738
17640	0,4759	0,4703	0,4796	0,4691	0,4737
17660	0,4760	0,4703	0,4797	0,4693	0,4737
17680	0,4759	0,4703	0,4796	0,4692	0,4737
17700	0,4759	0,4704	0,4797	0,4693	0,4737
17720	0,4758	0,4702	0,4796	0,4697	0,4737
17740	0,4758	0,4699	0,4794	0,4695	0,4736
17760	0,4760	0,4698	0,4791	0,4695	0,4738
17780	0,4758	0,4699	0,4793	0,4696	0,4736
17800	0,4757	0,4700	0,4791	0,4700	0,4739
17820	0,4758	0,4699	0,4790	0,4700	0,4737
17840	0,4756	0,4698	0,4789	0,4701	0,4739
17860	0,4758	0,4696	0,4787	0,4699	0,4736
17880	0,4757	0,4699	0,4786	0,4699	0,4737
17900	0,4753	0,4697	0,4784	0,4699	0,4737
17920	0,4754	0,4698	0,4781	0,4699	0,4739
17940	0,4753	0,4698	0,4779	0,4701	0,4740
17960	0,4752	0,4697	0,4778	0,4701	0,4742
17980	0,4755	0,4695	0,4777	0,4701	0,4744
18000	0,4755	0,4693	0,4778	0,4703	0,4744
18020	0,4754	0,4694	0,4778	0,4704	0,4743
18040	0,4756	0,4696	0,4777	0,4704	0,4743
18060	0,4755	0,4697	0,4777	0,4704	0,4744
18080	0,4755	0,4696	0,4779	0,4703	0,4744
18100	0,4758	0,4696	0,4781	0,4702	0,4744
18120	0,4760	0,4694	0,4783	0,4704	0,4741
18140	0,4757	0,4692	0,4786	0,4702	0,4741
18160	0,4756	0,4692	0,4786	0,4700	0,4741
18180	0,4756	0,4692	0,4784	0,4697	0,4738
18200	0,4756	0,4691	0,4783	0,4698	0,4738
18220	0,4756	0,4694	0,4785	0,4701	0,4734
18240	0,4757	0,4694	0,4782	0,4699	0,4734
18260	0,4759	0,4692	0,4781	0,4698	0,4737
18280	0,4761	0,4694	0,4782	0,4697	0,4735
18300	0,4759	0,4693	0,4784	0,4698	0,4734
18320	0,4759	0,4696	0,4786	0,4697	0,4733
18340	0,4758	0,4703	0,4787	0,4698	0,4731
18360	0,4758	0,4703	0,4789	0,4697	0,4734
18380	0,4757	0,4702	0,4786	0,4698	0,4734
18400	0,4758	0,4704	0,4788	0,4700	0,4739
18420	0,4758	0,4703	0,4786	0,4702	0,4738
18440	0,4760	0,4703	0,4788	0,4703	0,4736
18460	0,4760	0,4703	0,4790	0,4705	0,4737
18480	0,4761	0,4702	0,4791	0,4705	0,4737
18500	0,4763	0,4703	0,4792	0,4706	0,4736
18520	0,4766	0,4703	0,4793	0,4708	0,4738
18540	0,4767	0,4704	0,4793	0,4707	0,4740
18560	0,4765	0,4702	0,4792	0,4705	0,4740
18580	0,4760	0,4702	0,4791	0,4707	0,4739
18600	0,4758	0,4702	0,4791	0,4709	0,4737
18620	0,4755	0,4703	0,4789	0,4708	0,4736
18640	0,4760	0,4705	0,4787	0,4711	0,4737
18660	0,4758	0,4705	0,4786	0,4711	0,4737
18680	0,4757	0,4705	0,4784	0,4711	0,4738
18700	0,4757	0,4706	0,4784	0,4710	0,4735
18720	0,4757	0,4706	0,4786	0,4711	0,4734
18740	0,4757	0,4704	0,4784	0,4711	0,4734
18760	0,4755	0,4706	0,4785	0,4710	0,4734
18780	0,4753	0,4706	0,4784	0,4712	0,4735
18800	0,4751	0,4707	0,4784	0,4709	0,4734
18820	0,4750	0,4704	0,4781	0,4707	0,4734
18840	0,4754	0,4704	0,4782	0,4706	0,4735
18860	0,4754	0,4705	0,4781	0,4708	0,4737
18880	0,4756	0,4703	0,4782	0,4710	0,4736
18900	0,4756	0,4703	0,4779	0,4708	0,4735
18920	0,4758	0,4702	0,4780	0,4707	0,4738
18940	0,4757	0,4702	0,4781	0,4707	0,4738
18960	0,4756	0,4704	0,4780	0,4707	0,4737
18980	0,4756	0,4703	0,4780	0,4706	0,4736
19000	0,4758	0,4700	0,4781	0,4705	0,4737
19020	0,4759	0,4699	0,4781	0,4707	0,4739
19040	0,4760	0,4699	0,4782	0,4708	0,4737
19060	0,4759	0,4700	0,4782	0,4707	0,4737
19080	0,4761	0,4698	0,4784	0,4706	0,4738
19100	0,4759	0,4699	0,4781	0,4705	0,4737
19120	0,4757	0,4696	0,4785	0,4705	0,4740
19140	0,4755	0,4697	0,4784	0,4707	0,4742
19160	0,4754	0,4698	0,4783	0,4704	0,4742
19180	0,4755	0,4698	0,4784	0,4704	0,4744
19200	0,4756	0,4699	0,4782	0,4702	0,4743
19220	0,4758	0,4697	0,4785	0,4701	0,4744
19240	0,4761	0,4699	0,4785	0,4698	0,4741
19260	0,4762	0,4698	0,4785	0,4699	0,4745
19280	0,4760	0,4698	0,4785	0,4700	0,4745
19300	0,4758	0,4696	0,4786	0,4701	0,4747
19320	0,4758	0,4698	0,4786	0,4698	0,4745
19340	0,4756	0,4697	0,4785	0,4698	0,4744
19360	0,4758	0,4697	0,4783	0,4697	0,4746
19380	0,4758	0,4698	0,4781	0,4698	0,4743
19400	0,4757	0,4698	0,4778	0,4702	0,4741
19420	0,4758	0,4700	0,4776	0,4700	0,4740
19440	0,4759	0,4702	0,4776	0,4701	0,4739
19460	0,4758	0,4703	0,4772	0,4701	0,4741
19480	0,4757	0,4701	0,4770	0,4701	0,4740
19500	0,4757	0,4701	0,4769	0,4703	0,4740
19520	0,4757	0,4698	0,4767	0,4702	0,4739
19540	0,4757	0,4699	0,4768	0,4703	0,4740
19560	0,4757	0,4699	0,4764	0,4702	0,4741
19580	0,4758	0,4701	0,4767	0,4704	0,4740
19600	0,4758	0,4700	0,4769	0,4706	0,4742
19620	0,4758	0,4697	0,4770	0,4705	0,4745
19640	0,4759	0,4695	0,4765	0,4708	0,4747
19660	0,4758	0,4692	0,4761	0,4710	0,4747
19680	0,4757	0,4693	0,4761	0,4708	0,4747
19700	0,4757	0,4694	0,4760	0,4712	0,4750
19720	0,4755	0,4693	0,4762	0,4713	0,4752
19740	0,4755	0,4692	0,4762	0,4714	0,4754
19760	0,4756	0,4690	0,4764	0,4717	0,4754
19780	0,4754	0,4688	0,4766	0,4717	0,4755
19800	0,4753	0,4686	0,4767	0,4717	0,4755
19820	0,4752	0,4686	0,4768	0,4716	0,4757
19840	0,4752	0,4686	0,4767	0,4714	0,4755
19860	0,4753	0,4687	0,4767	0,4713	0,4755
19880	0,4752	0,4689	0,4767	0,4713	0,4753
19900	0,4751	0,4689	0,4767	0,4711	0,4752
19920	0,4751	0,4689	0,4767	0,4711	0,4752
19940	0,4753	0,4686	0,4766	0,4712	0,4753
19960	0,4755	0,4685	0,4765	0,4712	0,4751
19980	0,4756	0,4685	0,4762	0,4711	0,4749
20000	0,4755	0,4686	0,4763	0,4711	0,4751
20020	0,4755	0,4684	0,4764	0,4712	0,4751
20040	0,4753	0,4684	0,4764	0,4708	0,4752
20060	0,4752	0,4685	0,4764	0,4711	0,4753
20080	0,4754	0,4684	0,4763	0,4709	0,4753
20100	0,4754	0,4685	0,4764	0,4712	0,4757
20120	0,4752	0,4687	0,4762	0,4710	0,4759
20140	0,4751	0,4690	0,4763	0,4711	0,4760
20160	0,4749	0,4690	0,4764	0,4709	0,4760
20180	0,4749	0,4690	0,4767	0,4710	0,4760
20200	0,4752	0,4688	0,4767	0,4709	0,4759
20220	0,4748	0,4690	0,4767	0,4712	0,4760
20240	0,4746	0,4690	0,4766	0,4714	0,4758
20260	0,4743	0,4690	0,4764	0,4716	0,4758
20280	0,4743	0,4689	0,4767	0,4716	0,4758
20300	0,4742	0,4689	0,4767	0,4719	0,4756
20320	0,4743	0,4689	0,4769	0,4719	0,4757
20340	0,4742	0,4689	0,4768	0,4721	0,4755
20360	0,4742	0,4689	0,4769	0,4722	0,4757
20380	0,4743	0,4690	0,4767	0,4720	0,4755
20400	0,4744	0,4692	0,4766	0,4718	0,4755
20420	0,4743	0,4689	0,4767	0,4717	0,4756
20440	0,4745	0,4690	0,4768	0,4719	0,4757
20460	0,4744	0,4690	0,4769	0,4719	0,4756
20480	0,4741	0,4691	0,4769	0,4719	0,4758
20500	0,4741	0,4691	0,4771	0,4721	0,4757
20520	0,4745	0,4688	0,4770	0,4720	0,4759
20540	0,4744	0,4689	0,4770	0,4721	0,4760
20560	0,4743	0,4688	0,4769	0,4720	0,4761
20580	0,4742	0,4688	0,4768	0,4719	0,4760
20600	0,4742	0,4689	0,4768	0,4719	0,4760
20620	0,4741	0,4687	0,4768	0,4717	0,4761
20640	0,4742	0,4686	0,4767	0,4718	0,4761
20660	0,4741	0,4687	0,4766	0,4717	0,4759
20680	0,4737	0,4686	0,4765	0,4715	0,4759
20700	0,4737	0,4687	0,4764	0,4716	0,4760
20720	0,4738	0,4685	0,4765	0,4714	0,4760
20740	0,4738	0,4684	0,4765	0,4716	0,4762
20760	0,4738	0,4682	0,4765	0,4720	0,4761
20780	0,4736	0,4681	0,4766	0,4719	0,4762
20800	0,4737	0,4681	0,4767	0,4718	0,4762
20820	0,4737	0,4683	0,4768	0,4720	0,4761
20840	0,4739	0,4683	0,4768	0,4719	0,4762
20860	0,4741	0,4683	0,4769	0,4717	0,4765
20880	0,4740	0,4682	0,4769	0,4714	0,4765
20900	0,4738	0,4683	0,4769	0,4715	0,4768
20920	0,4740	0,4682	0,4767	0,4716	0,4767
20940	0,4740	0,4684	0,4767	0,4714	0,4768
20960	0,4739	0,4682	0,4766	0,4715	0,4766
20980	0,4740	0,4680	0,4765	0,4712	0,4769
21000	0,4740	0,4679	0,4766	0,4713	0,4769
21020	0,4741	0,4678	0,4768	0,4713	0,4768
21040	0,4742	0,4676	0,4767	0,4715	0,4769
21060	0,4743	0,4676	0,4766	0,4715	0,4771
21080	0,4743	0,4674	0,4770	0,4713	0,4769
21100	0,4742	0,4676	0,4770	0,4714	0,4770
21120	0,4742	0,4676	0,4769	0,4712	0,4770
21140	0,4743	0,4678	0,4768	0,4712	0,4771
21160	0,4742	0,4677	0,4766	0,4713	0,4771
21180	0,4743	0,4678	0,4769	0,4712	0,4769
21200	0,4743	0,4678	0,4765	0,4712	0,4768
21220	0,4745	0,4677	0,4767	0,4712	0,4767
21240	0,4743	0,4678	0,4769	0,4712	0,4765
21260	0,4744	0,4679	0,4766	0,4712	0,4762
21280	0,4745	0,4681	0,4767	0,4713	0,4762
21300	0,4745	0,4681	0,4766	0,4712	0,4763
21320	0,4746	0,4681	0,4767	0,4711	0,4761
21340	0,4744	0,4682	0,4766	0,4713	0,4761
21360	0,4743	0,4681	0,4767	0,4710	0,4764
21380	0,4740	0,4680	0,4765	0,4711	0,4764
21400	0,4740	0,4682	0,4764	0,4713	0,4765
21420	0,4741	0,4683	0,4765	0,4713	0,4766
21440	0,4741	0,4680	0,4764	0,4716	0,4766
21460	0,4741	0,4678	0,4764	0,4713	0,4767
21480	0,4743	0,4679	0,4760	0,4714	0,4767
21500	0,4744	0,4680	0,4760	0,4712	0,4769
21520	0,4746	0,4678	0,4760	0,4713	0,4769
21540	0,4746	0,4680	0,4758	0,4716	0,4768
21560	0,4742	0,4681	0,4760	0,4715	0,4767
21580	0,4742	0,4680	0,4760	0,4716	0,4769
21600	0,4740	0,4682	0,4757	0,4715	0,4769
21620	0,4741	0,4682	0,4756	0,4715	0,4769
21640	0,4743	0,4682	0,4758	0,4716	0,4766
21660	0,4743	0,4685	0,4758	0,4717	0,4767
21680	0,4743	0,4685	0,4759	0,4717	0,4766
21700	0,4740	0,4684	0,4760	0,4717	0,4762
21720	0,4741	0,4684	0,4759	0,4717	0,4763
21740	0,4740	0,4685	0,4758	0,4718	0,4764
21760	0,4739	0,4684	0,4759	0,4716	0,4762
21780	0,4738	0,4686	0,4761	0,4717	0,4762
21800	0,4737	0,4687	0,4762	0,4720	0,4763
21820	0,4736	0,4687	0,4763	0,4719	0,4761
21840	0,4737	0,4687	0,4765	0,4717	0,4761
21860	0,4737	0,4685	0,4764	0,4717	0,4760
21880	0,4737	0,4686	0,4764	0,4715	0,4762
21900	0,4736	0,4685	0,4763	0,4715	0,4761
21920	0,4733	0,4684	0,4764	0,4713	0,4762
21940	0,4734	0,4685	0,4765	0,4713	0,4762
21960	0,4733	0,4685	0,4765	0,4715	0,4762
21980	0,4735	0,4686	0,4765	0,4715	0,4762
22000	0,4736	0,4686	0,4764	0,4714	0,4758
22020	0,4736	0,4684	0,4763	0,4716	0,4757
22040	0,4738	0,4682	0,4762	0,4717	0,4759
22060	0,4740	0,4682	0,4763	0,4717	0,4758
22080	0,4739	0,4681	0,4762	0,4715	0,4759
22100	0,4740	0,4680	0,4761	0,4716	0,4757
22120	0,4742	0,4681	0,4758	0,4717	0,4757
22140	0,4741	0,4683	0,4756	0,4715	0,4757
22160	0,4741	0,4682	0,4756	0,4716	0,4754
22180	0,4743	0,4682	0,4756	0,4714	0,4753
22200	0,4741	0,4683	0,4758	0,4713	0,4753
22220	0,4740	0,4683	0,4758	0,4712	0,4753
22240	0,4740	0,4684	0,4757	0,4712	0,4752
22260	0,4738	0,4685	0,4756	0,4710	0,4750
22280	0,4737	0,4684	0,4756	0,4710	0,4750
22300	0,4739	0,4683	0,4755	0,4710	0,4750
22320	0,4739	0,4683	0,4756	0,4709	0,4751
22340	0,4741	0,4686	0,4756	0,4708	0,4752
22360	0,4741	0,4686	0,4756	0,4707	0,4748
22380	0,4740	0,4686	0,4757	0,4707	0,4749
22400	0,4739	0,4686	0,4757	0,4708	0,4751
22420	0,4738	0,4686	0,4756	0,4707	0,4750
22440	0,4739	0,4684	0,4755	0,4707	0,4749
22460	0,4738	0,4684	0,4755	0,4707	0,4748
22480	0,4738	0,4685	0,4755	0,4708	0,4746
22500	0,4735	0,4684	0,4754	0,4710	0,4744
22520	0,4735	0,4685	0,4753	0,4711	0,4744
22540	0,4734	0,4684	0,4754	0,4712	0,4744
22560	0,4733	0,4684	0,4753	0,4714	0,4744
22580	0,4733	0,4686	0,4757	0,4714	0,4743
22600	0,4733	0,4686	0,4756	0,4713	0,4742
22620	0,4735	0,4688	0,4756	0,4713	0,4743
22640	0,4734	0,4689	0,4753	0,4713	0,4744
22660	0,4735	0,4687	0,4751	0,4712	0,4744
22680	0,4735	0,4688	0,4750	0,4711	0,4744
22700	0,4735	0,4690	0,4746	0,4713	0,4743
22720	0,4735	0,4690	0,4747	0,4712	0,4744
22740	0,4732	0,4692	0,4747	0,4711	0,4747
22760	0,4732	0,4691	0,4748	0,4711	0,4746
22780	0,4729	0,4689	0,4746	0,4712	0,4745
22800	0,4730	0,4689	0,4747	0,4712	0,4745
22820	0,4729	0,4690	0,4747	0,4712	0,4745
22840	0,4729	0,4692	0,4746	0,4711	0,4746
22860	0,4730	0,4691	0,4746	0,4711	0,4745
22880	0,4731	0,4691	0,4747	0,4711	0,4745
22900	0,4729	0,4691	0,4746	0,4710	0,4746
22920	0,4732	0,4692	0,4748	0,4710	0,4746
22940	0,4731	0,4694	0,4748	0,4710	0,4746
22960	0,4732	0,4695	0,4745	0,4712	0,4746
22980	0,4731	0,4695	0,4744	0,4708	0,4747
23000	0,4730	0,4695	0,4743	0,4706	0,4745
23020	0,4730	0,4694	0,4742	0,4706	0,4743
23040	0,4729	0,4693	0,4743	0,4705	0,4742
23060	0,4728	0,4691	0,4744	0,4704	0,4743
23080	0,4730	0,4693	0,4744	0,4704	0,4742
23100	0,4730	0,4694	0,4743	0,4702	0,4741
23120	0,4731	0,4692	0,4743	0,4703	0,4740
23140	0,4728	0,4693	0,4742	0,4702	0,4739
23160	0,4729	0,4692	0,4743	0,4701	0,4742
23180	0,4730	0,4693	0,4744	0,4700	0,4743
23200	0,4730	0,4694	0,4745	0,4698	0,4746
23220	0,4730	0,4693	0,4745	0,4697	0,4745
23240	0,4730	0,4692	0,4742	0,4698	0,4744
23260	0,4730	0,4690	0,4741	0,4698	0,4746
23280	0,4729	0,4687	0,4743	0,4700	0,4747
23300	0,4731	0,4688	0,4743	0,4700	0,4744
23320	0,4732	0,4687	0,4744	0,4699	0,4743
23340	0,4733	0,4685	0,4745	0,4701	0,4743
23360	0,4734	0,4685	0,4746	0,4700	0,4742
23380	0,4734	0,4684	0,4747	0,4699	0,4740
23400	0,4733	0,4682	0,4744	0,4699	0,4736
23420	0,4731	0,4681	0,4744	0,4698	0,4737
23440	0,4732	0,4683	0,4747	0,4697	0,4737
23460	0,4732	0,4685	0,4746	0,4696	0,4738
23480	0,4732	0,4686	0,4746	0,4698	0,4738
23500	0,4732	0,4686	0,4748	0,4697	0,4736
23520	0,4732	0,4686	0,4750	0,4696	0,4735
23540	0,4732	0,4687	0,4750	0,4697	0,4736
23560	0,4731	0,4685	0,4753	0,4698	0,4736
23580	0,4731	0,4685	0,4753	0,4698	0,4736
23600	0,4730	0,4687	0,4751	0,4700	0,4735
23620	0,4729	0,4686	0,4751	0,4700	0,4734
23640	0,4729	0,4688	0,4752	0,4701	0,4735
23660	0,4726	0,4687	0,4751	0,4701	0,4737
23680	0,4726	0,4687	0,4751	0,4698	0,4738
23700	0,4723	0,4687	0,4751	0,4698	0,4738
23720	0,4724	0,4688	0,4751	0,4698	0,4742
23740	0,4724	0,4688	0,4748	0,4699	0,4743
23760	0,4724	0,4689	0,4750	0,4699	0,4744
23780	0,4724	0,4689	0,4750	0,4702	0,4743
23800	0,4723	0,4689	0,4751	0,4700	0,4744
23820	0,4721	0,4693	0,4752	0,4701	0,4742
23840	0,4723	0,4693	0,4752	0,4700	0,4743
23860	0,4721	0,4694	0,4751	0,4698	0,4744
23880	0,4720	0,4693	0,4750	0,4699	0,4743
23900	0,4721	0,4691	0,4750	0,4700	0,4744
23920	0,4720	0,4690	0,4748	0,4701	0,4746
23940	0,4718	0,4689	0,4749	0,4700	0,4746
23960	0,4718	0,4690	0,4746	0,4699	0,4743
23980	0,4717	0,4691	0,4746	0,4701	0,4742
24000	0,4716	0,4690	0,4746	0,4701	0,4741
24020	0,4716	0,4691	0,4747	0,4701	0,4740
24040	0,4713	0,4692	0,4749	0,4699	0,4739
24060	0,4712	0,4693	0,4751	0,4696	0,4741
24080	0,4711	0,4696	0,4751	0,4698	0,4741
24100	0,4709	0,4697	0,4753	0,4696	0,4741
24120	0,4708	0,4698	0,4753	0,4696	0,4741
24140	0,4707	0,4699	0,4753	0,4696	0,4742
24160	0,4707	0,4701	0,4751	0,4696	0,4739
24180	0,4704	0,4700	0,4750	0,4700	0,4739
24200	0,4703	0,4701	0,4751	0,4700	0,4738
24220	0,4703	0,4700	0,4751	0,4700	0,4737
24240	0,4705	0,4701	0,4751	0,4699	0,4735
24260	0,4704	0,4701	0,4751	0,4699	0,4736
24280	0,4705	0,4702	0,4750	0,4699	0,4735
24300	0,4705	0,4702	0,4751	0,4699	0,4734
24320	0,4704	0,4702	0,4753	0,4700	0,4737
24340	0,4702	0,4704	0,4754	0,4700	0,4736
24360	0,4700	0,4703	0,4756	0,4698	0,4737
24380	0,4701	0,4703	0,4755	0,4697	0,4736
24400	0,4702	0,4703	0,4757	0,4699	0,4738
24420	0,4702	0,4703	0,4756	0,4700	0,4739
24440	0,4701	0,4706	0,4756	0,4701	0,4739
24460	0,4702	0,4705	0,4757	0,4703	0,4739
24480	0,4704	0,4704	0,4757	0,4704	0,4739
24500	0,4703	0,4704	0,4757	0,4704	0,4740
24520	0,4702	0,4704	0,4759	0,4701	0,4741
24540	0,4703	0,4705	0,4758	0,4701	0,4741
24560	0,4702	0,4706	0,4758	0,4701	0,4744
24580	0,4701	0,4706	0,4758	0,4701	0,4744
24600	0,4699	0,4706	0,4758	0,4703	0,4745
24620	0,4698	0,4706	0,4759	0,4702	0,4745
24640	0,4700	0,4705	0,4759	0,4702	0,4744
24660	0,4700	0,4705	0,4758	0,4702	0,4744
24680	0,4700	0,4707	0,4755	0,4703	0,4744
24700	0,4697	0,4710	0,4753	0,4703	0,4745
24720	0,4696	0,4709	0,4754	0,4706	0,4745
24740	0,4696	0,4709	0,4753	0,4706	0,4747
24760	0,4697	0,4708	0,4752	0,4708	0,4750
24780	0,4698	0,4708	0,4755	0,4708	0,4751
24800	0,4699	0,4709	0,4756	0,4706	0,4750
24820	0,4697	0,4707	0,4754	0,4706	0,4753
24840	0,4697	0,4707	0,4754	0,4709	0,4754
24860	0,4699	0,4707	0,4754	0,4710	0,4756
24880	0,4698	0,4706	0,4755	0,4709	0,4758
24900	0,4696	0,4707	0,4754	0,4709	0,4758
24920	0,4695	0,4708	0,4755	0,4709	0,4757
24940	0,4694	0,4705	0,4754	0,4708	0,4758
24960	0,4694	0,4705	0,4753	0,4707	0,4758
24980	0,4695	0,4707	0,4755	0,4707	0,4758
25000	0,4697	0,4707	0,4757	0,4705	0,4758
25020	0,4697	0,4708	0,4757	0,4705	0,4758
25040	0,4696	0,4709	0,4756	0,4706	0,4760
25060	0,4696	0,4708	0,4755	0,4707	0,4760
25080	0,4695	0,4709	0,4757	0,4706	0,4758
25100	0,4695	0,4710	0,4755	0,4705	0,4761
25120	0,4696	0,4711	0,4756	0,4706	0,4762
25140	0,4693	0,4711	0,4755	0,4705	0,4765
25160	0,4694	0,4711	0,4754	0,4707	0,4765
25180	0,4695	0,4710	0,4755	0,4707	0,4764
25200	0,4695	0,4710	0,4755	0,4710	0,4764
25220	0,4696	0,4711	0,4753	0,4709	0,4762
25240	0,4700	0,4714	0,4752	0,4708	0,4761
25260	0,4700	0,4717	0,4751	0,4706	0,4762
25280	0,4701	0,4717	0,4750	0,4706	0,4761
25300	0,4701	0,4716	0,4750	0,4705	0,4760
25320	0,4702	0,4716	0,4751	0,4706	0,4761
25340	0,4705	0,4716	0,4752	0,4705	0,4761
25360	0,4706	0,4718	0,4751	0,4704	0,4759
25380	0,4706	0,4717	0,4752	0,4704	0,4759
25400	0,4706	0,4719	0,4753	0,4705	0,4760
25420	0,4704	0,4720	0,4751	0,4707	0,4759
25440	0,4705	0,4720	0,4753	0,4707	0,4760
25460	0,4704	0,4719	0,4752	0,4707	0,4760
25480	0,4705	0,4719	0,4751	0,4708	0,4758
25500	0,4704	0,4718	0,4753	0,4706	0,4760
25520	0,4703	0,4718	0,4752	0,4704	0,4759
25540	0,4703	0,4718	0,4752	0,4704	0,4759
25560	0,4702	0,4719	0,4752	0,4704	0,4760
25580	0,4700	0,4722	0,4754	0,4703	0,4760
25600	0,4702	0,4722	0,4753	0,4705	0,4761
25620	0,4702	0,4720	0,4751	0,4705	0,4761
25640	0,4700	0,4720	0,4749	0,4704	0,4759
25660	0,4701	0,4724	0,4748	0,4703	0,4760
25680	0,4702	0,4723	0,4747	0,4702	0,4762
25700	0,4702	0,4723	0,4746	0,4701	0,4762
25720	0,4703	0,4722	0,4746	0,4700	0,4764
25740	0,4705	0,4721	0,4746	0,4702	0,4764
25760	0,4704	0,4720	0,4748	0,4703	0,4763
25780	0,4702	0,4721	0,4748	0,4704	0,4762
25800	0,4703	0,4722	0,4748	0,4704	0,4760
25820	0,4703	0,4723	0,4747	0,4707	0,4759
25840	0,4703	0,4723	0,4748	0,4709	0,4757
25860	0,4703	0,4720	0,4747	0,4708	0,4758
25880	0,4703	0,4721	0,4748	0,4710	0,4758
25900	0,4706	0,4720	0,4747	0,4712	0,4757
25920	0,4707	0,4721	0,4749	0,4711	0,4756
25940	0,4706	0,4718	0,4751	0,4712	0,4755
25960	0,4707	0,4717	0,4752	0,4711	0,4756
25980	0,4708	0,4716	0,4751	0,4711	0,4755
26000	0,4708	0,4717	0,4750	0,4713	0,4754
26020	0,4707	0,4717	0,4751	0,4712	0,4754
26040	0,4707	0,4716	0,4752	0,4711	0,4755
26060	0,4704	0,4714	0,4751	0,4712	0,4755
26080	0,4705	0,4714	0,4750	0,4712	0,4755
26100	0,4704	0,4716	0,4750	0,4712	0,4754
26120	0,4706	0,4716	0,4750	0,4711	0,4752
26140	0,4706	0,4715	0,4750	0,4711	0,4751
26160	0,4706	0,4716	0,4749	0,4708	0,4752
26180	0,4706	0,4715	0,4749	0,4707	0,4752
26200	0,4706	0,4715	0,4748	0,4710	0,4754
26220	0,4707	0,4715	0,4749	0,4711	0,4755
26240	0,4708	0,4716	0,4747	0,4711	0,4756
26260	0,4706	0,4714	0,4746	0,4711	0,4756
26280	0,4705	0,4716	0,4747	0,4712	0,4755
26300	0,4704	0,4716	0,4748	0,4713	0,4754
26320	0,4705	0,4715	0,4746	0,4713	0,4755
26340	0,4705	0,4716	0,4746	0,4712	0,4757
26360	0,4706	0,4717	0,4747	0,4712	0,4756
26380	0,4708	0,4717	0,4747	0,4713	0,4757
26400	0,4709	0,4718	0,4748	0,4714	0,4756
26420	0,4708	0,4718	0,4747	0,4712	0,4756
26440	0,4707	0,4718	0,4746	0,4713	0,4758
26460	0,4708	0,4720	0,4745	0,4712	0,4757
26480	0,4708	0,4720	0,4746	0,4714	0,4756
26500	0,4706	0,4718	0,4745	0,4713	0,4757
26520	0,4703	0,4719	0,4746	0,4713	0,4757
26540	0,4703	0,4717	0,4745	0,4714	0,4760
26560	0,4704	0,4718	0,4744	0,4713	0,4759
26580	0,4705	0,4718	0,4742	0,4714	0,4761
26600	0,4706	0,4717	0,4743	0,4711	0,4758
26620	0,4705	0,4719	0,4743	0,4711	0,4757
26640	0,4705	0,4720	0,4743	0,4711	0,4757
26660	0,4705	0,4721	0,4741	0,4710	0,4758
26680	0,4704	0,4721	0,4743	0,4712	0,4756
26700	0,4704	0,4722	0,4742	0,4713	0,4756
26720	0,4704	0,4720	0,4744	0,4712	0,4757
26740	0,4702	0,4720	0,4744	0,4713	0,4758
26760	0,4702	0,4721	0,4744	0,4712	0,4758
26780	0,4702	0,4720	0,4743	0,4712	0,4758
26800	0,4702	0,4719	0,4743	0,4713	0,4756
26820	0,4703	0,4719	0,4742	0,4712	0,4754
26840	0,4702	0,4718	0,4744	0,4712	0,4755
26860	0,4703	0,4718	0,4745	0,4713	0,4756
26880	0,4704	0,4717	0,4745	0,4713	0,4757
26900	0,4704	0,4717	0,4743	0,4713	0,4757
26920	0,4705	0,4717	0,4742	0,4714	0,4760
26940	0,4704	0,4719	0,4741	0,4713	0,4760
26960	0,4706	0,4717	0,4741	0,4713	0,4762
26980	0,4706	0,4716	0,4739	0,4711	0,4762
27000	0,4709	0,4718	0,4738	0,4710	0,4762
27020	0,4710	0,4722	0,4741	0,4711	0,4765
27040	0,4709	0,4719	0,4739	0,4709	0,4764
27060	0,4707	0,4718	0,4740	0,4708	0,4764
27080	0,4708	0,4718	0,4740	0,4710	0,4762
27100	0,4708	0,4717	0,4742	0,4708	0,4762
27120	0,4709	0,4717	0,4742	0,4709	0,4762
27140	0,4710	0,4722	0,4742	0,4710	0,4761
27160	0,4713	0,4722	0,4745	0,4711	0,4761
27180	0,4712	0,4721	0,4745	0,4709	0,4760
27200	0,4711	0,4722	0,4744	0,4709	0,4760
27220	0,4713	0,4723	0,4743	0,4708	0,4762
27240	0,4712	0,4723	0,4741	0,4709	0,4762
27260	0,4711	0,4723	0,4742	0,4709	0,4763
27280	0,4712	0,4723	0,4745	0,4709	0,4762
27300	0,4712	0,4723	0,4746	0,4712	0,4761
27320	0,4713	0,4723	0,4745	0,4713	0,4760
27340	0,4713	0,4724	0,4746	0,4712	0,4758
27360	0,4713	0,4726	0,4745	0,4714	0,4758
27380	0,4712	0,4728	0,4746	0,4715	0,4760
27400	0,4711	0,4728	0,4746	0,4714	0,4759
27420	0,4711	0,4726	0,4747	0,4714	0,4758
27440	0,4711	0,4727	0,4748	0,4713	0,4758
27460	0,4711	0,4727	0,4749	0,4714	0,4757
27480	0,4712	0,4728	0,4750	0,4715	0,4755
27500	0,4712	0,4730	0,4750	0,4715	0,4755
27520	0,4711	0,4730	0,4751	0,4716	0,4756
27540	0,4709	0,4731	0,4751	0,4717	0,4757
27560	0,4709	0,4733	0,4752	0,4714	0,4757
27580	0,4709	0,4732	0,4751	0,4714	0,4757
27600	0,4710	0,4732	0,4751	0,4712	0,4756
27620	0,4711	0,4733	0,4749	0,4713	0,4758
27640	0,4712	0,4734	0,4748	0,4713	0,4757
27660	0,4711	0,4735	0,4747	0,4714	0,4757
27680	0,4710	0,4734	0,4749	0,4714	0,4758
27700	0,4710	0,4736	0,4750	0,4715	0,4758
27720	0,4708	0,4737	0,4750	0,4717	0,4759
27740	0,4708	0,4740	0,4750	0,4716	0,4758
27760	0,4707	0,4740	0,4753	0,4714	0,4761
27780	0,4706	0,4740	0,4753	0,4714	0,4763
27800	0,4707	0,4741	0,4753	0,4713	0,4764
27820	0,4709	0,4741	0,4752	0,4712	0,4764
27840	0,4711	0,4742	0,4753	0,4714	0,4763
27860	0,4712	0,4742	0,4756	0,4716	0,4764
27880	0,4711	0,4742	0,4757	0,4714	0,4765
27900	0,4712	0,4743	0,4758	0,4714	0,4765
27920	0,4711	0,4742	0,4757	0,4714	0,4765
27940	0,4711	0,4742	0,4758	0,4712	0,4763
27960	0,4712	0,4743	0,4757	0,4713	0,4762
27980	0,4711	0,4745	0,4758	0,4714	0,4762
28000	0,4711	0,4744	0,4757	0,4712	0,4763
28020	0,4710	0,4747	0,4757	0,4713	0,4764
28040	0,4711	0,4748	0,4755	0,4713	0,4765
28060	0,4712	0,4747	0,4756	0,4714	0,4764
28080	0,4713	0,4748	0,4756	0,4716	0,4761
28100	0,4713	0,4748	0,4756	0,4718	0,4760
28120	0,4713	0,4747	0,4757	0,4717	0,4759
28140	0,4712	0,4748	0,4757	0,4718	0,4758
28160	0,4713	0,4750	0,4757	0,4717	0,4758
28180	0,4712	0,4749	0,4758	0,4716	0,4758
28200	0,4713	0,4748	0,4759	0,4717	0,4758
28220	0,4713	0,4748	0,4759	0,4717	0,4757
28240	0,4713	0,4749	0,4758	0,4717	0,4756
28260	0,4712	0,4750	0,4758	0,4718	0,4757
28280	0,4713	0,4750	0,4757	0,4716	0,4757
28300	0,4713	0,4750	0,4758	0,4716	0,4757
28320	0,4714	0,4749	0,4759	0,4714	0,4757
28340	0,4714	0,4750	0,4760	0,4714	0,4757
28360	0,4715	0,4749	0,4759	0,4716	0,4758
28380	0,4714	0,4749	0,4756	0,4716	0,4760
28400	0,4715	0,4748	0,4756	0,4717	0,4759
28420	0,4715	0,4749	0,4756	0,4718	0,4759
28440	0,4716	0,4747	0,4756	0,4717	0,4759
28460	0,4715	0,4746	0,4756	0,4718	0,4759
28480	0,4715	0,4746	0,4756	0,4719	0,4758
28500	0,4716	0,4745	0,4756	0,4718	0,4757
28520	0,4715	0,4745	0,4756	0,4717	0,4758
28540	0,4716	0,4745	0,4758	0,4717	0,4759
28560	0,4715	0,4744	0,4757	0,4717	0,4761
28580	0,4715	0,4743	0,4756	0,4718	0,4760
28600	0,4716	0,4743	0,4756	0,4718	0,4761
28620	0,4715	0,4743	0,4756	0,4718	0,4761
28640	0,4716	0,4742	0,4755	0,4719	0,4761
28660	0,4717	0,4741	0,4754	0,4718	0,4762
28680	0,4716	0,4740	0,4756	0,4717	0,4761
28700	0,4716	0,4740	0,4756	0,4719	0,4761
28720	0,4718	0,4741	0,4756	0,4720	0,4762
28740	0,4719	0,4742	0,4757	0,4719	0,4764
28760	0,4718	0,4740	0,4757	0,4721	0,4765
28780	0,4717	0,4741	0,4756	0,4720	0,4765
28800	0,4719	0,4741	0,4756	0,4720	0,4765
28820	0,4721	0,4740	0,4756	0,4720	0,4765
28840	0,4720	0,4739	0,4756	0,4718	0,4765
28860	0,4719	0,4738	0,4756	0,4717	0,4764
28880	0,4720	0,4736	0,4757	0,4717	0,4762
28900	0,4720	0,4736	0,4759	0,4716	0,4759
28920	0,4720	0,4735	0,4757	0,4714	0,4759
28940	0,4719	0,4736	0,4757	0,4713	0,4759
28960	0,4721	0,4735	0,4757	0,4713	0,4757
28980	0,4720	0,4735	0,4756	0,4714	0,4757
29000	0,4720	0,4734	0,4755	0,4713	0,4758
29020	0,4720	0,4735	0,4755	0,4713	0,4757
29040	0,4720	0,4735	0,4755	0,4713	0,4756
29060	0,4718	0,4735	0,4754	0,4713	0,4755
29080	0,4718	0,4734	0,4754	0,4713	0,4755
29100	0,4717	0,4733	0,4753	0,4712	0,4756
29120	0,4719	0,4732	0,4754	0,4713	0,4757
29140	0,4720	0,4732	0,4754	0,4714	0,4757
29160	0,4720	0,4730	0,4752	0,4713	0,4757
29180	0,4718	0,4730	0,4751	0,4711	0,4757
29200	0,4719	0,4729	0,4750	0,4710	0,4759
29220	0,4719	0,4731	0,4750	0,4709	0,4759
29240	0,4720	0,4731	0,4751	0,4710	0,4757
29260	0,4721	0,4731	0,4749	0,4710	0,4758
29280	0,4722	0,4732	0,4748	0,4708	0,4758
29300	0,4722	0,4732	0,4750	0,4710	0,4758
29320	0,4720	0,4731	0,4751	0,4711	0,4758
29340	0,4720	0,4730	0,4750	0,4713	0,4758
29360	0,4720	0,4729	0,4750	0,4714	0,4760
29380	0,4721	0,4728	0,4751	0,4712	0,4761
29400	0,4721	0,4728	0,4753	0,4712	0,4761
29420	0,4721	0,4729	0,4751	0,4712	0,4761
29440	0,4723	0,4727	0,4751	0,4713	0,4761
29460	0,4723	0,4728	0,4749	0,4711	0,4760
29480	0,4724	0,4727	0,4747	0,4712	0,4761
29500	0,4724	0,4726	0,4747	0,4712	0,4761
29520	0,4724	0,4726	0,4747	0,4711	0,4761
29540	0,4725	0,4726	0,4746	0,4711	0,4760
29560	0,4723	0,4724	0,4745	0,4710	0,4759
29580	0,4723	0,4725	0,4746	0,4709	0,4760
29600	0,4722	0,4724	0,4747	0,4708	0,4763
29620	0,4721	0,4725	0,4747	0,4708	0,4765
29640	0,4720	0,4725	0,4747	0,4708	0,4765
29660	0,4718	0,4723	0,4747	0,4706	0,4765
29680	0,4718	0,4721	0,4748	0,4705	0,4766
29700	0,4717	0,4720	0,4746	0,4705	0,4767
29720	0,4717	0,4723	0,4745	0,4704	0,4765
29740	0,4717	0,4723	0,4746	0,4704	0,4765
29760	0,4717	0,4720	0,4747	0,4703	0,4765
29780	0,4718	0,4720	0,4746	0,4704	0,4764
29800	0,4716	0,4721	0,4746	0,4703	0,4765
29820	0,4717	0,4722	0,4746	0,4703	0,4767
29840	0,4719	0,4723	0,4747	0,4701	0,4765
29860	0,4721	0,4723	0,4746	0,4700	0,4764
29880	0,4720	0,4722	0,4747	0,4699	0,4764
29900	0,4720	0,4721	0,4749	0,4698	0,4765
29920	0,4721	0,4721	0,4751	0,4698	0,4765
29940	0,4720	0,4721	0,4749	0,4698	0,4765
29960	0,4720	0,4723	0,4751	0,4697	0,4768
29980	0,4719	0,4723	0,4752	0,4697	0,4767
30000	0,4719	0,4723	0,4751	0,4698	0,4766
30020	0,4718	0,4724	0,4751	0,4699	0,4764
30040	0,4717	0,4724	0,4751	0,4700	0,4761
30060	0,4721	0,4725	0,4751	0,4700	0,4762
30080	0,4720	0,4725	0,4751	0,4698	0,4761
30100	0,4721	0,4724	0,4748	0,4699	0,4761
30120	0,4722	0,4724	0,4748	0,4698	0,4762
30140	0,4723	0,4724	0,4747	0,4698	0,4761
30160	0,4721	0,4723	0,4745	0,4698	0,4764
30180	0,4721	0,4722	0,4745	0,4700	0,4763
30200	0,4721	0,4721	0,4745	0,4700	0,4764
30220	0,4717	0,4721	0,4745	0,4699	0,4764
30240	0,4716	0,4719	0,4745	0,4700	0,4763
30260	0,4715	0,4720	0,4746	0,4699	0,4764
30280	0,4716	0,4719	0,4746	0,4698	0,4763
30300	0,4714	0,4719	0,4748	0,4697	0,4763
30320	0,4715	0,4721	0,4748	0,4696	0,4762
30340	0,4716	0,4720	0,4745	0,4696	0,4761
30360	0,4716	0,4721	0,4745	0,4696	0,4762
30380	0,4713	0,4721	0,4745	0,4695	0,4762
30400	0,4711	0,4722	0,4744	0,4695	0,4760
30420	0,4710	0,4720	0,4744	0,4695	0,4760
30440	0,4710	0,4720	0,4742	0,4694	0,4759
30460	0,4710	0,4721	0,4741	0,4692	0,4758
30480	0,4709	0,4723	0,4743	0,4691	0,4758
30500	0,4708	0,4723	0,4743	0,4691	0,4759
30520	0,4707	0,4723	0,4741	0,4693	0,4759
30540	0,4706	0,4724	0,4742	0,4694	0,4758
30560	0,4706	0,4724	0,4743	0,4694	0,4758
30580	0,4706	0,4724	0,4741	0,4695	0,4758
30600	0,4705	0,4723	0,4741	0,4695	0,4760
30620	0,4704	0,4721	0,4741	0,4694	0,4759
30640	0,4704	0,4721	0,4742	0,4695	0,4757
30660	0,4703	0,4722	0,4741	0,4696	0,4756
30680	0,4703	0,4722	0,4740	0,4697	0,4754
30700	0,4702	0,4721	0,4741	0,4697	0,4754
30720	0,4701	0,4722	0,4743	0,4697	0,4751
30740	0,4701	0,4722	0,4741	0,4698	0,4750
30760	0,4702	0,4722	0,4741	0,4697	0,4751
30780	0,4703	0,4722	0,4741	0,4697	0,4750
30800	0,4704	0,4724	0,4742	0,4696	0,4750
30820	0,4705	0,4722	0,4741	0,4696	0,4748
30840	0,4705	0,4720	0,4740	0,4698	0,4746
30860	0,4704	0,4719	0,4740	0,4698	0,4746
30880	0,4704	0,4718	0,4742	0,4696	0,4745
30900	0,4705	0,4718	0,4743	0,4697	0,4744
30920	0,4705	0,4717	0,4743	0,4698	0,4744
30940	0,4705	0,4716	0,4742	0,4699	0,4742
30960	0,4705	0,4717	0,4744	0,4699	0,4742
30980	0,4705	0,4717	0,4744	0,4699	0,4743
31000	0,4706	0,4719	0,4745	0,4698	0,4743
31020	0,4702	0,4719	0,4743	0,4699	0,4742
31040	0,4702	0,4720	0,4743	0,4698	0,4742
31060	0,4702	0,4719	0,4743	0,4698	0,4741
31080	0,4703	0,4719	0,4743	0,4697	0,4741
31100	0,4701	0,4719	0,4742	0,4699	0,4743
31120	0,4699	0,4717	0,4742	0,4698	0,4743
31140	0,4699	0,4719	0,4743	0,4698	0,4741
31160	0,4700	0,4718	0,4742	0,4698	0,4740
31180	0,4701	0,4719	0,4742	0,4699	0,4740
31200	0,4700	0,4719	0,4742	0,4699	0,4740
31220	0,4697	0,4721	0,4741	0,4700	0,4739
31240	0,4698	0,4720	0,4741	0,4700	0,4740
31260	0,4697	0,4720	0,4741	0,4701	0,4739
31280	0,4695	0,4718	0,4739	0,4703	0,4738
31300	0,4695	0,4717	0,4740	0,4702	0,4737
31320	0,4696	0,4719	0,4740	0,4702	0,4738
31340	0,4696	0,4719	0,4739	0,4700	0,4738
31360	0,4695	0,4718	0,4740	0,4698	0,4737
31380	0,4694	0,4718	0,4739	0,4698	0,4736
31400	0,4695	0,4718	0,4739	0,4698	0,4736
31420	0,4694	0,4717	0,4739	0,4699	0,4735
31440	0,4694	0,4717	0,4741	0,4700	0,4736
31460	0,4696	0,4718	0,4741	0,4699	0,4737
31480	0,4696	0,4719	0,4740	0,4699	0,4740
31500	0,4697	0,4719	0,4741	0,4699	0,4740
31520	0,4697	0,4719	0,4743	0,4700	0,4741
31540	0,4699	0,4718	0,4742	0,4701	0,4741
31560	0,4699	0,4716	0,4742	0,4702	0,4740
31580	0,4698	0,4716	0,4742	0,4700	0,4739
31600	0,4697	0,4717	0,4742	0,4699	0,4738
31620	0,4697	0,4717	0,4742	0,4699	0,4740
31640	0,4697	0,4717	0,4743	0,4698	0,4740
31660	0,4699	0,4717	0,4743	0,4699	0,4740
31680	0,4700	0,4716	0,4745	0,4699	0,4740
31700	0,4700	0,4716	0,4745	0,4700	0,4742
31720	0,4700	0,4716	0,4745	0,4700	0,4741
31740	0,4698	0,4716	0,4746	0,4700	0,4743
31760	0,4699	0,4715	0,4746	0,4699	0,4740
31780	0,4700	0,4714	0,4746	0,4699	0,4738
31800	0,4699	0,4714	0,4746	0,4699	0,4738
31820	0,4701	0,4713	0,4747	0,4698	0,4739
31840	0,4700	0,4713	0,4747	0,4700	0,4738
31860	0,4699	0,4713	0,4748	0,4699	0,4738
31880	0,4699	0,4712	0,4747	0,4699	0,4737
31900	0,4698	0,4713	0,4748	0,4701	0,4737
31920	0,4697	0,4713	0,4748	0,4701	0,4738
31940	0,4698	0,4712	0,4747	0,4701	0,4738
31960	0,4697	0,4714	0,4745	0,4700	0,4737
31980	0,4695	0,4714	0,4746	0,4699	0,4735
32000	0,4694	0,4715	0,4746	0,4701	0,4735
32020	0,4693	0,4716	0,4747	0,4701	0,4734
32040	0,4693	0,4716	0,4747	0,4701	0,4733
32060	0,4692	0,4717	0,4747	0,4701	0,4732
32080	0,4694	0,4717	0,4746	0,4701	0,4732
32100	0,4693	0,4716	0,4748	0,4700	0,4733
32120	0,4694	0,4717	0,4750	0,4699	0,4732
32140	0,4692	0,4716	0,4749	0,4701	0,4730
32160	0,4693	0,4716	0,4748	0,4700	0,4729
32180	0,4693	0,4715	0,4747	0,4701	0,4728
32200	0,4694	0,4714	0,4748	0,4701	0,4728
32220	0,4693	0,4714	0,4748	0,4702	0,4727
32240	0,4693	0,4714	0,4748	0,4701	0,4725
32260	0,4693	0,4713	0,4747	0,4700	0,4725
32280	0,4694	0,4713	0,4746	0,4701	0,4726
32300	0,4693	0,4712	0,4748	0,4701	0,4726
32320	0,4695	0,4711	0,4747	0,4703	0,4725
32340	0,4697	0,4712	0,4747	0,4703	0,4726
32360	0,4697	0,4713	0,4747	0,4703	0,4725
32380	0,4696	0,4713	0,4747	0,4705	0,4725
32400	0,4697	0,4710	0,4746	0,4706	0,4725
32420	0,4698	0,4711	0,4747	0,4709	0,4726
32440	0,4698	0,4710	0,4747	0,4708	0,4725
32460	0,4698	0,4710	0,4747	0,4708	0,4725
32480	0,4699	0,4710	0,4747	0,4706	0,4726
32500	0,4699	0,4710	0,4747	0,4706	0,4725
32520	0,4698	0,4710	0,4748	0,4706	0,4725
32540	0,4696	0,4710	0,4749	0,4705	0,4724
32560	0,4696	0,4710	0,4750	0,4705	0,4724
32580	0,4696	0,4711	0,4750	0,4704	0,4724
32600	0,4696	0,4712	0,4752	0,4705	0,4723
32620	0,4697	0,4711	0,4752	0,4705	0,4722
32640	0,4697	0,4712	0,4752	0,4704	0,4722
32660	0,4698	0,4714	0,4752	0,4702	0,4723
32680	0,4698	0,4714	0,4753	0,4703	0,4723
32700	0,4697	0,4715	0,4753	0,4703	0,4725
32720	0,4697	0,4714	0,4753	0,4703	0,4724
32740	0,4696	0,4717	0,4751	0,4703	0,4724
32760	0,4695	0,4718	0,4750	0,4704	0,4723
32780	0,4695	0,4719	0,4749	0,4702	0,4723
32800	0,4696	0,4719	0,4749	0,4702	0,4724
32820	0,4695	0,4719	0,4749	0,4703	0,4723
32840	0,4695	0,4718	0,4747	0,4704	0,4724
32860	0,4696	0,4718	0,4748	0,4705	0,4724
32880	0,4698	0,4719	0,4747	0,4704	0,4724
32900	0,4697	0,4720	0,4747	0,4702	0,4724
32920	0,4697	0,4720	0,4748	0,4703	0,4723
32940	0,4696	0,4719	0,4748	0,4703	0,4722
32960	0,4694	0,4717	0,4747	0,4704	0,4721
32980	0,4693	0,4717	0,4746	0,4705	0,4720
33000	0,4694	0,4717	0,4746	0,4704	0,4720
33020	0,4693	0,4718	0,4744	0,4704	0,4719
33040	0,4693	0,4716	0,4744	0,4705	0,4719
33060	0,4693	0,4717	0,4742	0,4705	0,4719
33080	0,4694	0,4718	0,4743	0,4707	0,4719
33100	0,4692	0,4718	0,4743	0,4706	0,4718
33120	0,4692	0,4718	0,4743	0,4705	0,4717
33140	0,4693	0,4718	0,4742	0,4705	0,4717
33160	0,4694	0,4718	0,4742	0,4704	0,4715
33180	0,4694	0,4719	0,4740	0,4706	0,4715
33200	0,4694	0,4718	0,4739	0,4706	0,4716
33220	0,4694	0,4719	0,4738	0,4707	0,4714
33240	0,4696	0,4719	0,4739	0,4707	0,4713
33260	0,4696	0,4718	0,4739	0,4707	0,4713
33280	0,4696	0,4719	0,4739	0,4706	0,4712
33300	0,4695	0,4719	0,4739	0,4705	0,4712
33320	0,4696	0,4719	0,4741	0,4705	0,4712
33340	0,4697	0,4718	0,4741	0,4705	0,4712
33360	0,4698	0,4718	0,4741	0,4705	0,4711
33380	0,4697	0,4719	0,4740	0,4705	0,4712
33400	0,4698	0,4718	0,4739	0,4705	0,4713
33420	0,4698	0,4718	0,4739	0,4705	0,4712
33440	0,4699	0,4716	0,4738	0,4705	0,4713
33460	0,4700	0,4717	0,4737	0,4705	0,4713
33480	0,4701	0,4718	0,4737	0,4705	0,4714
33500	0,4700	0,4718	0,4739	0,4704	0,4715
33520	0,4699	0,4717	0,4739	0,4704	0,4713
33540	0,4699	0,4717	0,4739	0,4704	0,4714
33560	0,4698	0,4717	0,4737	0,4703	0,4716
33580	0,4698	0,4717	0,4738	0,4702	0,4716
33600	0,4697	0,4717	0,4738	0,4703	0,4716
33620	0,4698	0,4717	0,4738	0,4702	0,4717
33640	0,4697	0,4718	0,4739	0,4702	0,4718
33660	0,4699	0,4718	0,4740	0,4702	0,4718
33680	0,4698	0,4719	0,4740	0,4702	0,4718
33700	0,4699	0,4719	0,4740	0,4702	0,4717
33720	0,4699	0,4719	0,4742	0,4701	0,4719
33740	0,4698	0,4718	0,4742	0,4700	0,4720
33760	0,4698	0,4717	0,4741	0,4700	0,4720
33780	0,4697	0,4717	0,4741	0,4702	0,4718
33800	0,4698	0,4718	0,4739	0,4700	0,4719
33820	0,4699	0,4717	0,4739	0,4701	0,4718
33840	0,4700	0,4720	0,4739	0,4703	0,4718
33860	0,4700	0,4719	0,4740	0,4703	0,4717
33880	0,4701	0,4718	0,4739	0,4703	0,4719
33900	0,4701	0,4717	0,4739	0,4703	0,4718
33920	0,4702	0,4717	0,4740	0,4705	0,4716
33940	0,4703	0,4716	0,4740	0,4705	0,4718
33960	0,4705	0,4718	0,4741	0,4704	0,4717
33980	0,4703	0,4717	0,4744	0,4703	0,4715
34000	0,4703	0,4717	0,4745	0,4703	0,4716
34020	0,4702	0,4717	0,4745	0,4703	0,4716
34040	0,4702	0,4717	0,4747	0,4703	0,4717
34060	0,4702	0,4717	0,4746	0,4702	0,4718
34080	0,4702	0,4716	0,4746	0,4702	0,4718
34100	0,4703	0,4716	0,4747	0,4702	0,4718
34120	0,4702	0,4716	0,4749	0,4701	0,4717
34140	0,4702	0,4716	0,4749	0,4702	0,4717
34160	0,4702	0,4715	0,4748	0,4702	0,4716
34180	0,4702	0,4716	0,4747	0,4701	0,4716
34200	0,4702	0,4715	0,4747	0,4699	0,4717
34220	0,4701	0,4715	0,4746	0,4699	0,4718
34240	0,4701	0,4717	0,4747	0,4699	0,4718
34260	0,4701	0,4717	0,4747	0,4698	0,4718
34280	0,4700	0,4717	0,4747	0,4699	0,4718
34300	0,4699	0,4717	0,4747	0,4700	0,4718
34320	0,4701	0,4718	0,4747	0,4701	0,4719
34340	0,4701	0,4719	0,4747	0,4702	0,4720
34360	0,4702	0,4719	0,4747	0,4702	0,4719
34380	0,4700	0,4721	0,4747	0,4702	0,4718
34400	0,4700	0,4721	0,4748	0,4702	0,4719
34420	0,4701	0,4722	0,4747	0,4701	0,4719
34440	0,4702	0,4724	0,4747	0,4700	0,4718
34460	0,4701	0,4725	0,4747	0,4700	0,4719
34480	0,4702	0,4724	0,4747	0,4702	0,4718
34500	0,4701	0,4724	0,4748	0,4701	0,4718
34520	0,4701	0,4723	0,4747	0,4702	0,4717
34540	0,4701	0,4723	0,4748	0,4702	0,4718
34560	0,4699	0,4723	0,4749	0,4701	0,4719
34580	0,4699	0,4722	0,4748	0,4700	0,4719
34600	0,4697	0,4721	0,4747	0,4701	0,4719
34620	0,4698	0,4719	0,4746	0,4701	0,4718
34640	0,4697	0,4719	0,4747	0,4700	0,4718
34660	0,4697	0,4717	0,4746	0,4698	0,4718
34680	0,4696	0,4718	0,4745	0,4698	0,4718
34700	0,4696	0,4718	0,4744	0,4697	0,4716
34720	0,4697	0,4717	0,4745	0,4697	0,4715
34740	0,4696	0,4716	0,4746	0,4695	0,4714
34760	0,4696	0,4719	0,4745	0,4695	0,4713
34780	0,4695	0,4720	0,4746	0,4696	0,4713
34800	0,4694	0,4720	0,4746	0,4696	0,4712
34820	0,4694	0,4720	0,4748	0,4696	0,4712
34840	0,4693	0,4719	0,4748	0,4696	0,4711
34860	0,4694	0,4719	0,4748	0,4697	0,4711
34880	0,4694	0,4718	0,4748	0,4695	0,4710
34900	0,4694	0,4717	0,4748	0,4695	0,4709
34920	0,4695	0,4717	0,4748	0,4696	0,4709
34940	0,4696	0,4717	0,4749	0,4697	0,4711
34960	0,4697	0,4719	0,4748	0,4696	0,4711
34980	0,4697	0,4719	0,4747	0,4696	0,4712
35000	0,4696	0,4719	0,4747	0,4696	0,4712
35020	0,4696	0,4718	0,4746	0,4695	0,4712
35040	0,4697	0,4720	0,4745	0,4694	0,4711
35060	0,4696	0,4719	0,4745	0,4694	0,4711
35080	0,4697	0,4718	0,4745	0,4694	0,4713
35100	0,4697	0,4717	0,4745	0,4694	0,4711
35120	0,4697	0,4716	0,4745	0,4694	0,4713
35140	0,4695	0,4717	0,4747	0,4693	0,4713
35160	0,4695	0,4718	0,4746	0,4691	0,4714
35180	0,4694	0,4718	0,4748	0,4692	0,4713
35200	0,4695	0,4717	0,4748	0,4692	0,4713
35220	0,4694	0,4716	0,4748	0,4692	0,4715
35240	0,4695	0,4715	0,4748	0,4692	0,4715
35260	0,4695	0,4716	0,4746	0,4696	0,4715
35280	0,4696	0,4716	0,4745	0,4697	0,4714
35300	0,4697	0,4715	0,4743	0,4697	0,4713
35320	0,4697	0,4715	0,4744	0,4695	0,4712
35340	0,4698	0,4716	0,4745	0,4695	0,4712
35360	0,4699	0,4717	0,4745	0,4695	0,4711
35380	0,4698	0,4715	0,4746	0,4694	0,4710
35400	0,4698	0,4716	0,4746	0,4692	0,4710
35420	0,4697	0,4715	0,4747	0,4691	0,4711
35440	0,4696	0,4715	0,4745	0,4691	0,4714
35460	0,4696	0,4715	0,4746	0,4692	0,4714
35480	0,4695	0,4714	0,4746	0,4693	0,4715
35500	0,4696	0,4716	0,4745	0,4693	0,4715
35520	0,4696	0,4715	0,4746	0,4693	0,4714
35540	0,4695	0,4715	0,4745	0,4693	0,4715
35560	0,4695	0,4714	0,4745	0,4694	0,4715
35580	0,4695	0,4712	0,4745	0,4693	0,4716
35600	0,4695	0,4712	0,4744	0,4693	0,4715
35620	0,4694	0,4713	0,4745	0,4694	0,4716
35640	0,4694	0,4712	0,4745	0,4693	0,4717
35660	0,4694	0,4711	0,4745	0,4693	0,4716
35680	0,4695	0,4710	0,4745	0,4692	0,4717
35700	0,4694	0,4711	0,4746	0,4692	0,4717
35720	0,4693	0,4711	0,4747	0,4692	0,4717
35740	0,4694	0,4712	0,4746	0,4690	0,4717
35760	0,4693	0,4713	0,4747	0,4688	0,4718
35780	0,4693	0,4714	0,4745	0,4687	0,4719
35800	0,4694	0,4714	0,4746	0,4686	0,4721
35820	0,4694	0,4713	0,4746	0,4685	0,4721
35840	0,4696	0,4714	0,4745	0,4685	0,4721
35860	0,4695	0,4714	0,4745	0,4685	0,4722
35880	0,4695	0,4712	0,4746	0,4687	0,4722
35900	0,4696	0,4712	0,4746	0,4687	0,4723
35920	0,4696	0,4712	0,4745	0,4688	0,4723
35940	0,4695	0,4712	0,4745	0,4690	0,4723
35960	0,4694	0,4713	0,4745	0,4691	0,4723
35980	0,4694	0,4713	0,4745	0,4691	0,4722
36000	0,4693	0,4712	0,4745	0,4690	0,4723
36020	0,4693	0,4710	0,4745	0,4691	0,4722
36040	0,4694	0,4712	0,4746	0,4690	0,4723
36060	0,4694	0,4712	0,4747	0,4690	0,4723
36080	0,4694	0,4712	0,4745	0,4691	0,4722
36100	0,4694	0,4712	0,4744	0,4691	0,4721
36120	0,4693	0,4711	0,4744	0,4692	0,4721
36140	0,4693	0,4710	0,4743	0,4691	0,4721
36160	0,4693	0,4709	0,4744	0,4690	0,4721
36180	0,4693	0,4710	0,4743	0,4689	0,4720
36200	0,4693	0,4710	0,4744	0,4690	0,4717
36220	0,4694	0,4710	0,4744	0,4690	0,4718
36240	0,4693	0,4709	0,4744	0,4689	0,4719
36260	0,4695	0,4710	0,4745	0,4688	0,4720
36280	0,4695	0,4708	0,4745	0,4690	0,4721
36300	0,4695	0,4708	0,4744	0,4687	0,4720
36320	0,4695	0,4708	0,4745	0,4687	0,4721
36340	0,4695	0,4709	0,4745	0,4687	0,4719
36360	0,4694	0,4709	0,4746	0,4688	0,4718
36380	0,4695	0,4709	0,4745	0,4688	0,4718
36400	0,4695	0,4708	0,4746	0,4688	0,4720
36420	0,4696	0,4707	0,4746	0,4689	0,4719
36440	0,4695	0,4705	0,4746	0,4689	0,4718
36460	0,4694	0,4704	0,4746	0,4689	0,4719
36480	0,4693	0,4702	0,4746	0,4689	0,4717
36500	0,4694	0,4703	0,4745	0,4688	0,4717
36520	0,4695	0,4703	0,4745	0,4688	0,4716
36540	0,4695	0,4702	0,4745	0,4688	0,4716
36560	0,4695	0,4704	0,4745	0,4688	0,4717
36580	0,4695	0,4703	0,4745	0,4689	0,4716
36600	0,4693	0,4703	0,4745	0,4688	0,4717
36620	0,4692	0,4703	0,4745	0,4689	0,4718
36640	0,4692	0,4702	0,4746	0,4690	0,4718
36660	0,4692	0,4702	0,4746	0,4690	0,4717
36680	0,4692	0,4701	0,4746	0,4690	0,4717
36700	0,4692	0,4701	0,4745	0,4691	0,4716
36720	0,4693	0,4702	0,4745	0,4691	0,4717
36740	0,4693	0,4703	0,4745	0,4691	0,4717
36760	0,4693	0,4702	0,4745	0,4691	0,4717
36780	0,4692	0,4702	0,4745	0,4692	0,4717
36800	0,4691	0,4702	0,4744	0,4693	0,4717
36820	0,4691	0,4703	0,4744	0,4693	0,4718
36840	0,4690	0,4700	0,4743	0,4692	0,4719
36860	0,4691	0,4700	0,4743	0,4692	0,4719
36880	0,4691	0,4700	0,4743	0,4693	0,4719
36900	0,4691	0,4702	0,4743	0,4693	0,4719
36920	0,4692	0,4702	0,4742	0,4693	0,4718
36940	0,4691	0,4702	0,4741	0,4693	0,4719
36960	0,4691	0,4701	0,4742	0,4692	0,4719
36980	0,4691	0,4703	0,4742	0,4693	0,4718
37000	0,4691	0,4703	0,4742	0,4693	0,4719
37020	0,4691	0,4703	0,4741	0,4694	0,4719
37040	0,4691	0,4701	0,4741	0,4694	0,4717
37060	0,4690	0,4702	0,4739	0,4694	0,4718
37080	0,4690	0,4700	0,4739	0,4695	0,4717
37100	0,4691	0,4700	0,4739	0,4695	0,4716
37120	0,4691	0,4700	0,4738	0,4696	0,4715
37140	0,4690	0,4700	0,4739	0,4696	0,4716
37160	0,4690	0,4700	0,4738	0,4696	0,4715
37180	0,4691	0,4700	0,4740	0,4695	0,4715
37200	0,4691	0,4700	0,4739	0,4695	0,4715
37220	0,4690	0,4701	0,4740	0,4696	0,4714
37240	0,4690	0,4702	0,4740	0,4694	0,4714
37260	0,4690	0,4701	0,4739	0,4695	0,4714
37280	0,4690	0,4701	0,4739	0,4694	0,4713
37300	0,4691	0,4702	0,4739	0,4694	0,4712
37320	0,4692	0,4702	0,4739	0,4694	0,4714
37340	0,4693	0,4702	0,4740	0,4695	0,4714
37360	0,4693	0,4703	0,4740	0,4695	0,4714
37380	0,4692	0,4703	0,4740	0,4695	0,4713
37400	0,4691	0,4703	0,4740	0,4695	0,4714
37420	0,4691	0,4704	0,4742	0,4696	0,4714
37440	0,4692	0,4704	0,4743	0,4697	0,4716
37460	0,4692	0,4706	0,4743	0,4697	0,4715
37480	0,4692	0,4707	0,4743	0,4697	0,4716
37500	0,4692	0,4706	0,4742	0,4696	0,4717
37520	0,4691	0,4706	0,4743	0,4694	0,4716
37540	0,4690	0,4705	0,4743	0,4692	0,4717
37560	0,4691	0,4705	0,4744	0,4691	0,4717
37580	0,4690	0,4706	0,4743	0,4692	0,4717
37600	0,4690	0,4705	0,4745	0,4692	0,4717
37620	0,4689	0,4707	0,4745	0,4693	0,4717
37640	0,4689	0,4706	0,4744	0,4692	0,4717
37660	0,4690	0,4707	0,4743	0,4692	0,4717
37680	0,4690	0,4707	0,4744	0,4692	0,4716
37700	0,4690	0,4706	0,4743	0,4692	0,4716
37720	0,4690	0,4707	0,4743	0,4691	0,4716
37740	0,4690	0,4707	0,4743	0,4691	0,4716
37760	0,4690	0,4707	0,4743	0,4690	0,4717
37780	0,4689	0,4706	0,4742	0,4688	0,4717
37800	0,4690	0,4707	0,4742	0,4687	0,4716
37820	0,4691	0,4707	0,4742	0,4689	0,4717
37840	0,4690	0,4707	0,4742	0,4690	0,4716
37860	0,4689	0,4707	0,4744	0,4690	0,4715
37880	0,4689	0,4706	0,4744	0,4690	0,4714
37900	0,4688	0,4705	0,4742	0,4690	0,4713
37920	0,4689	0,4707	0,4743	0,4690	0,4713
37940	0,4689	0,4707	0,4744	0,4690	0,4713
37960	0,4689	0,4707	0,4743	0,4691	0,4713
37980	0,4688	0,4707	0,4743	0,4691	0,4713
38000	0,4688	0,4708	0,4742	0,4690	0,4714
38020	0,4689	0,4708	0,4743	0,4690	0,4714
38040	0,4688	0,4709	0,4743	0,4689	0,4714
38060	0,4687	0,4710	0,4745	0,4687	0,4712
38080	0,4688	0,4710	0,4746	0,4687	0,4711
38100	0,4688	0,4710	0,4745	0,4688	0,4710
38120	0,4688	0,4709	0,4744	0,4690	0,4710
38140	0,4687	0,4709	0,4744	0,4690	0,4710
38160	0,4688	0,4711	0,4744	0,4689	0,4712
38180	0,4687	0,4711	0,4745	0,4687	0,4711
38200	0,4687	0,4712	0,4746	0,4687	0,4710
38220	0,4688	0,4714	0,4747	0,4686	0,4708
38240	0,4688	0,4714	0,4745	0,4686	0,4709
38260	0,4689	0,4714	0,4745	0,4686	0,4708
38280	0,4689	0,4713	0,4747	0,4687	0,4707
38300	0,4688	0,4714	0,4748	0,4686	0,4708
38320	0,4688	0,4712	0,4747	0,4687	0,4708
38340	0,4688	0,4712	0,4746	0,4687	0,4709
38360	0,4688	0,4713	0,4748	0,4686	0,4708
38380	0,4689	0,4714	0,4750	0,4687	0,4708
38400	0,4688	0,4714	0,4749	0,4687	0,4708
38420	0,4689	0,4715	0,4749	0,4686	0,4710
38440	0,4688	0,4716	0,4748	0,4685	0,4709
38460	0,4689	0,4716	0,4748	0,4685	0,4710
38480	0,4689	0,4716	0,4748	0,4686	0,4709
38500	0,4689	0,4717	0,4749	0,4686	0,4712
38520	0,4689	0,4717	0,4752	0,4685	0,4711
38540	0,4688	0,4716	0,4751	0,4686	0,4711
38560	0,4688	0,4716	0,4752	0,4686	0,4710
38580	0,4689	0,4715	0,4753	0,4688	0,4708
38600	0,4688	0,4714	0,4752	0,4688	0,4707
38620	0,4687	0,4714	0,4753	0,4687	0,4707
38640	0,4686	0,4715	0,4752	0,4686	0,4707
38660	0,4686	0,4714	0,4752	0,4685	0,4708
38680	0,4688	0,4713	0,4751	0,4684	0,4708
38700	0,4688	0,4712	0,4751	0,4684	0,4708
38720	0,4688	0,4712	0,4751	0,4685	0,4708
38740	0,4688	0,4712	0,4750	0,4685	0,4707
38760	0,4688	0,4713	0,4748	0,4684	0,4707
38780	0,4687	0,4713	0,4749	0,4685	0,4706
38800	0,4687	0,4713	0,4749	0,4683	0,4707
38820	0,4686	0,4713	0,4749	0,4683	0,4708
38840	0,4684	0,4712	0,4750	0,4684	0,4707
38860	0,4684	0,4712	0,4750	0,4683	0,4708
38880	0,4684	0,4713	0,4752	0,4683	0,4707
38900	0,4685	0,4712	0,4752	0,4683	0,4707
38920	0,4685	0,4712	0,4753	0,4683	0,4707
38940	0,4685	0,4712	0,4753	0,4683	0,4709
38960	0,4686	0,4712	0,4751	0,4683	0,4710
38980	0,4686	0,4712	0,4750	0,4685	0,4710
39000	0,4686	0,4712	0,4750	0,4686	0,4711
39020	0,4685	0,4712	0,4750	0,4687	0,4709
39040	0,4684	0,4712	0,4748	0,4687	0,4711
39060	0,4683	0,4711	0,4748	0,4686	0,4709
39080	0,4683	0,4711	0,4748	0,4686	0,4709
39100	0,4685	0,4711	0,4748	0,4686	0,4708
39120	0,4686	0,4710	0,4748	0,4687	0,4708
39140	0,4686	0,4711	0,4748	0,4688	0,4709
39160	0,4687	0,4713	0,4749	0,4686	0,4709
39180	0,4687	0,4713	0,4751	0,4686	0,4709
39200	0,4687	0,4712	0,4751	0,4685	0,4709
39220	0,4687	0,4713	0,4750	0,4683	0,4709
39240	0,4686	0,4714	0,4749	0,4683	0,4708
39260	0,4687	0,4716	0,4749	0,4682	0,4708
39280	0,4688	0,4716	0,4749	0,4683	0,4707
39300	0,4687	0,4715	0,4748	0,4685	0,4707
39320	0,4688	0,4716	0,4748	0,4684	0,4706
39340	0,4687	0,4716	0,4747	0,4683	0,4707
39360	0,4687	0,4716	0,4747	0,4684	0,4706
39380	0,4687	0,4717	0,4748	0,4684	0,4704
39400	0,4688	0,4717	0,4748	0,4684	0,4704
39420	0,4687	0,4717	0,4748	0,4686	0,4705
39440	0,4687	0,4715	0,4749	0,4685	0,4706
39460	0,4688	0,4716	0,4748	0,4687	0,4706
39480	0,4689	0,4717	0,4748	0,4687	0,4707
39500	0,4688	0,4718	0,4747	0,4686	0,4707
39520	0,4688	0,4717	0,4749	0,4686	0,4710
39540	0,4688	0,4718	0,4749	0,4685	0,4710
39560	0,4688	0,4719	0,4749	0,4685	0,4711
39580	0,4688	0,4719	0,4749	0,4685	0,4711
39600	0,4688	0,4719	0,4749	0,4686	0,4711
39620	0,4688	0,4718	0,4748	0,4687	0,4713
39640	0,4690	0,4719	0,4748	0,4686	0,4713
39660	0,4690	0,4719	0,4747	0,4686	0,4713
39680	0,4690	0,4720	0,4748	0,4685	0,4713
39700	0,4690	0,4719	0,4747	0,4684	0,4714
39720	0,4690	0,4718	0,4746	0,4686	0,4714
39740	0,4691	0,4717	0,4746	0,4685	0,4716
39760	0,4692	0,4717	0,4747	0,4685	0,4716
39780	0,4692	0,4718	0,4746	0,4685	0,4716
39800	0,4692	0,4716	0,4747	0,4686	0,4716
39820	0,4692	0,4716	0,4748	0,4686	0,4716
39840	0,4692	0,4716	0,4747	0,4687	0,4716
39860	0,4693	0,4715	0,4747	0,4688	0,4716
39880	0,4694	0,4715	0,4748	0,4688	0,4716
39900	0,4692	0,4716	0,4749	0,4689	0,4715
39920	0,4691	0,4716	0,4748	0,4688	0,4715
39940	0,4692	0,4716	0,4747	0,4687	0,4714
39960	0,4692	0,4716	0,4747	0,4687	0,4714
39980	0,4692	0,4717	0,4748	0,4689	0,4714
40000	0,4692	0,4717	0,4746	0,4688	0,4714
