# s=25 S=35 h=0.0137 p=8.0000 c=2.5000
# time_s	level	cum_oos	holding_eur	shortage_eur	order_eur
0.000	35	0	0.0000	0.0000	0.0000
979.467	34	0	0.0109	0.0000	0.0000
1781.819	33	0	0.0195	0.0000	0.0000
1901.533	32	0	0.0208	0.0000	0.0000
2707.643	31	0	0.0290	0.0000	0.0000
3051.131	30	0	0.0323	0.0000	0.0000
3959.104	29	0	0.0410	0.0000	0.0000
4011.612	28	0	0.0415	0.0000	0.0000
4059.697	27	0	0.0419	0.0000	0.0000
4156.393	26	0	0.0427	0.0000	0.0000
4219.861	25	0	0.0432	0.0000	0.0000
4287.928	24	0	0.0438	0.0000	0.0000
4654.530	23	0	0.0466	0.0000	0.0000
4704.849	22	0	0.0469	0.0000	0.0000
4781.221	21	0	0.0475	0.0000	0.0000
4866.289	20	0	0.0480	0.0000	0.0000
4992.384	19	0	0.0488	0.0000	0.0000
4992.384	18	0	0.0488	0.0000	0.0000
5140.525	17	0	0.0497	0.0000	0.0000
5261.099	16	0	0.0503	0.0000	0.0000
5898.517	15	0	0.0536	0.0000	0.0000
6042.572	14	0	0.0542	0.0000	0.0000
6235.233	13	0	0.0551	0.0000	0.0000
6350.672	12	0	0.0556	0.0000	0.0000
6350.672	11	0	0.0556	0.0000	0.0000
6430.930	10	0	0.0559	0.0000	0.0000
6908.608	9	0	0.0574	0.0000	0.0000
6920.230	8	0	0.0574	0.0000	0.0000
6965.268	7	0	0.0575	0.0000	0.0000
7029.632	6	0	0.0577	0.0000	0.0000
7186.396	5	0	0.0580	0.0000	0.0000
7299.872	4	0	0.0581	0.0000	2.5000
7299.872	3	0	0.0581	0.0000	2.5000
8237.812	2	0	0.0590	0.0000	2.5000
8431.879	1	0	0.0592	0.0000	2.5000
8605.104	0	0	0.0592	0.0000	2.5000
8833.458	0	1	0.0592	8.0000	2.5000
8833.458	0	2	0.0592	16.0000	2.5000
8844.602	0	3	0.0592	24.0000	2.5000
8957.824	0	4	0.0592	32.0000	2.5000
9315.455	0	5	0.0592	40.0000	2.5000
9315.455	0	6	0.0592	48.0000	2.5000
9344.335	0	7	0.0592	56.0000	2.5000
9424.836	0	8	0.0592	64.0000	2.5000
9476.463	0	9	0.0592	72.0000	2.5000
10028.243	1	9	0.0592	72.0000	2.5000
10046.204	2	9	0.0592	72.0000	2.5000
10064.165	3	9	0.0592	72.0000	2.5000
10082.127	4	9	0.0592	72.0000	2.5000
10100.088	5	9	0.0593	72.0000	2.5000
10118.049	6	9	0.0593	72.0000	2.5000
10136.010	7	9	0.0593	72.0000	2.5000
10153.971	8	9	0.0594	72.0000	2.5000
10171.932	9	9	0.0594	72.0000	2.5000
10189.893	10	9	0.0595	72.0000	2.5000
10234.979	11	9	0.0596	72.0000	2.5000
10253.900	12	9	0.0597	72.0000	2.5000
10272.820	13	9	0.0597	72.0000	2.5000
10291.740	14	9	0.0598	72.0000	2.5000
10310.660	15	9	0.0599	72.0000	2.5000
10329.580	16	9	0.0600	72.0000	2.5000
10348.500	17	9	0.0601	72.0000	2.5000
10367.420	18	9	0.0602	72.0000	2.5000
10386.340	19	9	0.0603	72.0000	2.5000
10405.260	20	9	0.0604	72.0000	2.5000
10414.576	19	9	0.0605	72.0000	2.5000
10414.576	18	9	0.0605	72.0000	2.5000
10424.180	19	9	0.0605	72.0000	2.5000
10443.100	20	9	0.0606	72.0000	2.5000
10462.021	21	9	0.0608	72.0000	2.5000
10480.941	22	9	0.0609	72.0000	2.5000
10491.162	21	9	0.0610	72.0000	2.5000
10499.861	22	9	0.0610	72.0000	2.5000
10518.781	23	9	0.0612	72.0000	2.5000
10537.701	24	9	0.0613	72.0000	2.5000
10556.621	25	9	0.0614	72.0000	2.5000
10575.541	26	9	0.0616	72.0000	2.5000
10594.461	27	9	0.0617	72.0000	2.5000
10629.057	26	9	0.0620	72.0000	2.5000
10716.104	25	9	0.0628	72.0000	2.5000
11052.029	24	9	0.0654	72.0000	5.0000
11144.506	23	9	0.0661	72.0000	5.0000
11303.647	22	9	0.0673	72.0000	5.0000
11447.938	21	9	0.0683	72.0000	5.0000
11570.014	20	9	0.0691	72.0000	5.0000
11640.441	19	9	0.0695	72.0000	5.0000
11640.441	18	9	0.0695	72.0000	5.0000
11757.375	17	9	0.0702	72.0000	5.0000
12252.880	16	9	0.0729	72.0000	5.0000
12503.338	15	9	0.0742	72.0000	5.0000
12761.165	14	9	0.0754	72.0000	5.0000
12793.283	13	9	0.0755	72.0000	5.0000
13003.891	12	9	0.0764	72.0000	5.0000
13003.891	11	9	0.0764	72.0000	5.0000
13159.908	12	9	0.0769	72.0000	5.0000
13177.893	13	9	0.0770	72.0000	5.0000
13195.878	14	9	0.0771	72.0000	5.0000
13213.863	15	9	0.0772	72.0000	5.0000
13231.848	16	9	0.0772	72.0000	5.0000
13249.833	17	9	0.0773	72.0000	5.0000
13261.856	16	9	0.0774	72.0000	5.0000
13267.818	17	9	0.0774	72.0000	5.0000
13285.803	18	9	0.0775	72.0000	5.0000
13298.709	17	9	0.0776	72.0000	5.0000
13303.788	18	9	0.0776	72.0000	5.0000
13321.773	19	9	0.0777	72.0000	5.0000
13418.005	18	9	0.0783	72.0000	5.0000
14116.555	17	9	0.0823	72.0000	5.0000
14171.633	16	9	0.0826	72.0000	5.0000
14482.794	15	9	0.0842	72.0000	7.5000
14513.998	14	9	0.0843	72.0000	7.5000
14643.883	13	9	0.0849	72.0000	7.5000
14643.883	12	9	0.0849	72.0000	7.5000
14835.103	11	9	0.0856	72.0000	7.5000
15030.602	10	9	0.0863	72.0000	7.5000
15030.602	9	9	0.0863	72.0000	7.5000
15030.602	8	9	0.0863	72.0000	7.5000
15105.314	7	9	0.0865	72.0000	7.5000
15190.304	6	9	0.0867	72.0000	7.5000
15289.229	5	9	0.0869	72.0000	7.5000
15408.765	4	9	0.0871	72.0000	7.5000
15566.454	3	9	0.0873	72.0000	7.5000
15795.447	2	9	0.0875	72.0000	7.5000
15846.957	1	9	0.0875	72.0000	7.5000
15846.957	0	9	0.0875	72.0000	7.5000
15846.957	0	10	0.0875	80.0000	7.5000
15954.294	0	11	0.0875	88.0000	7.5000
15996.231	0	12	0.0875	96.0000	7.5000
16360.579	0	13	0.0875	104.0000	7.5000
16408.128	0	14	0.0875	112.0000	7.5000
16601.625	0	15	0.0875	120.0000	7.5000
16689.360	0	16	0.0875	128.0000	7.5000
16733.667	0	17	0.0875	136.0000	7.5000
16909.434	0	18	0.0875	144.0000	7.5000
17056.496	0	19	0.0875	152.0000	7.5000
17084.263	0	20	0.0875	160.0000	7.5000
17197.151	0	21	0.0875	168.0000	7.5000
17197.151	0	22	0.0875	176.0000	7.5000
17524.933	0	23	0.0875	184.0000	7.5000
17524.933	0	24	0.0875	192.0000	7.5000
17618.719	0	25	0.0875	200.0000	7.5000
17680.347	0	26	0.0875	208.0000	7.5000
17923.050	0	27	0.0875	216.0000	7.5000
18128.821	1	27	0.0875	216.0000	7.5000
18137.378	2	27	0.0875	216.0000	7.5000
18145.934	3	27	0.0875	216.0000	7.5000
18154.490	4	27	0.0875	216.0000	7.5000
18163.046	5	27	0.0875	216.0000	7.5000
18171.602	6	27	0.0876	216.0000	7.5000
18180.158	7	27	0.0876	216.0000	7.5000
18188.714	8	27	0.0876	216.0000	7.5000
18197.270	9	27	0.0876	216.0000	7.5000
18205.826	10	27	0.0876	216.0000	7.5000
18214.383	11	27	0.0877	216.0000	7.5000
18222.939	12	27	0.0877	216.0000	7.5000
18231.495	13	27	0.0877	216.0000	7.5000
18240.051	14	27	0.0878	216.0000	7.5000
18248.607	15	27	0.0878	216.0000	7.5000
18257.163	16	27	0.0878	216.0000	7.5000
18265.719	17	27	0.0879	216.0000	7.5000
18274.275	18	27	0.0879	216.0000	7.5000
18282.831	19	27	0.0880	216.0000	7.5000
18344.397	18	27	0.0884	216.0000	7.5000
18655.453	17	27	0.0901	216.0000	7.5000
18655.453	16	27	0.0901	216.0000	7.5000
18891.467	15	27	0.0913	216.0000	7.5000
18891.467	14	27	0.0913	216.0000	7.5000
18951.674	13	27	0.0916	216.0000	7.5000
18951.674	12	27	0.0916	216.0000	7.5000
19037.343	11	27	0.0919	216.0000	7.5000
19037.343	10	27	0.0919	216.0000	7.5000
19073.408	9	27	0.0920	216.0000	7.5000
19073.408	8	27	0.0920	216.0000	7.5000
19244.021	7	27	0.0925	216.0000	7.5000
19638.924	6	27	0.0933	216.0000	7.5000
19718.138	5	27	0.0935	216.0000	7.5000
19878.509	4	27	0.0938	216.0000	7.5000
20502.354	3	27	0.0945	216.0000	7.5000
20502.354	2	27	0.0945	216.0000	7.5000
20595.582	1	27	0.0946	216.0000	7.5000
20691.253	0	27	0.0946	216.0000	7.5000
20900.748	0	28	0.0946	224.0000	7.5000
20933.945	0	29	0.0946	232.0000	7.5000
20933.945	0	30	0.0946	240.0000	7.5000
21365.720	0	31	0.0946	248.0000	7.5000
22229.901	0	32	0.0946	256.0000	10.0000
22229.901	0	33	0.0946	264.0000	10.0000
22420.435	0	34	0.0946	272.0000	10.0000
22651.874	0	35	0.0946	280.0000	10.0000
23128.950	0	36	0.0946	288.0000	10.0000
23190.166	0	37	0.0946	296.0000	10.0000
23369.235	0	38	0.0946	304.0000	10.0000
23387.451	0	39	0.0946	312.0000	10.0000
23527.334	0	40	0.0946	320.0000	10.0000
23652.498	0	41	0.0946	328.0000	10.0000
23824.497	0	42	0.0946	336.0000	10.0000
23854.707	0	43	0.0946	344.0000	10.0000
24086.261	0	44	0.0946	352.0000	10.0000
24086.261	0	45	0.0946	360.0000	10.0000
24153.130	0	46	0.0946	368.0000	10.0000
24338.936	0	47	0.0946	376.0000	10.0000
24624.509	1	47	0.0946	376.0000	10.0000
24637.892	2	47	0.0946	376.0000	10.0000
24651.275	3	47	0.0946	376.0000	10.0000
24664.658	4	47	0.0947	376.0000	10.0000
24678.040	5	47	0.0947	376.0000	10.0000
24691.423	6	47	0.0947	376.0000	10.0000
24704.806	7	47	0.0947	376.0000	10.0000
24718.188	8	47	0.0948	376.0000	10.0000
24731.571	9	47	0.0948	376.0000	10.0000
24744.954	10	47	0.0948	376.0000	10.0000
24758.337	11	47	0.0949	376.0000	10.0000
24771.719	12	47	0.0949	376.0000	10.0000
24785.102	13	47	0.0950	376.0000	10.0000
24798.485	14	47	0.0950	376.0000	10.0000
24811.868	15	47	0.0951	376.0000	10.0000
24827.778	16	47	0.0952	376.0000	10.0000
24843.688	17	47	0.0952	376.0000	10.0000
24859.598	18	47	0.0953	376.0000	10.0000
24875.508	19	47	0.0954	376.0000	10.0000
24891.418	20	47	0.0955	376.0000	10.0000
24907.328	21	47	0.0956	376.0000	10.0000
24923.238	22	47	0.0957	376.0000	10.0000
24939.148	23	47	0.0958	376.0000	10.0000
24955.058	24	47	0.0959	376.0000	10.0000
24970.968	25	47	0.0961	376.0000	10.0000
24986.878	26	47	0.0962	376.0000	10.0000
25002.788	27	47	0.0963	376.0000	10.0000
25018.698	28	47	0.0965	376.0000	10.0000
25034.608	29	47	0.0966	376.0000	10.0000
25050.518	30	47	0.0967	376.0000	10.0000
25066.428	31	47	0.0969	376.0000	10.0000
25082.338	32	47	0.0971	376.0000	10.0000
25098.248	33	47	0.0972	376.0000	10.0000
25109.998	32	47	0.0973	376.0000	10.0000
25109.998	31	47	0.0973	376.0000	10.0000
25109.998	30	47	0.0973	376.0000	10.0000
25109.998	29	47	0.0973	376.0000	10.0000
25109.998	28	47	0.0973	376.0000	10.0000
25109.998	27	47	0.0973	376.0000	10.0000
25114.158	28	47	0.0974	376.0000	10.0000
25130.069	29	47	0.0975	376.0000	10.0000
25250.671	28	47	0.0986	376.0000	10.0000
25430.698	27	47	0.1002	376.0000	10.0000
26065.768	26	47	0.1057	376.0000	10.0000
26545.793	25	47	0.1096	376.0000	10.0000
27374.669	24	47	0.1162	376.0000	10.0000
27660.980	23	47	0.1184	376.0000	10.0000
27797.610	22	47	0.1194	376.0000	10.0000
27867.028	21	47	0.1198	376.0000	10.0000
27867.028	20	47	0.1198	376.0000	10.0000
27915.772	19	47	0.1202	376.0000	10.0000
28131.179	18	47	0.1215	376.0000	10.0000
28738.879	17	47	0.1249	376.0000	10.0000
28999.760	16	47	0.1263	376.0000	12.5000
29049.864	15	47	0.1266	376.0000	12.5000
29427.369	14	47	0.1284	376.0000	12.5000
29611.901	13	47	0.1292	376.0000	12.5000
29710.926	12	47	0.1296	376.0000	12.5000
30031.930	11	47	0.1308	376.0000	12.5000
30529.999	10	47	0.1326	376.0000	12.5000
30529.999	9	47	0.1326	376.0000	12.5000
30529.999	8	47	0.1326	376.0000	12.5000
30672.627	7	47	0.1329	376.0000	12.5000
30672.627	6	47	0.1329	376.0000	12.5000
30685.551	7	47	0.1330	376.0000	12.5000
30698.475	8	47	0.1330	376.0000	12.5000
30711.398	9	47	0.1330	376.0000	12.5000
30724.322	10	47	0.1331	376.0000	12.5000
30737.246	11	47	0.1331	376.0000	12.5000
30750.170	12	47	0.1331	376.0000	12.5000
30763.093	13	47	0.1332	376.0000	12.5000
30776.017	14	47	0.1332	376.0000	12.5000
30788.941	15	47	0.1333	376.0000	12.5000
30801.864	16	47	0.1334	376.0000	12.5000
30806.754	15	47	0.1334	376.0000	12.5000
30814.788	16	47	0.1334	376.0000	12.5000
30827.712	17	47	0.1335	376.0000	12.5000
30840.635	18	47	0.1336	376.0000	12.5000
30853.559	19	47	0.1336	376.0000	12.5000
30866.483	20	47	0.1337	376.0000	12.5000
30879.406	21	47	0.1338	376.0000	12.5000
30892.330	22	47	0.1339	376.0000	12.5000
30905.254	23	47	0.1340	376.0000	12.5000
30954.701	22	47	0.1343	376.0000	12.5000
31179.652	21	47	0.1359	376.0000	12.5000
31179.652	20	47	0.1359	376.0000	12.5000
31179.652	19	47	0.1359	376.0000	12.5000
31179.652	18	47	0.1359	376.0000	12.5000
31589.445	17	47	0.1382	376.0000	12.5000
31666.372	16	47	0.1387	376.0000	12.5000
31766.985	15	47	0.1392	376.0000	12.5000
31769.618	14	47	0.1392	376.0000	12.5000
31885.961	13	47	0.1397	376.0000	12.5000
31885.961	12	47	0.1397	376.0000	12.5000
31928.267	11	47	0.1399	376.0000	12.5000
31978.591	10	47	0.1400	376.0000	12.5000
31988.699	9	47	0.1401	376.0000	12.5000
32054.132	8	47	0.1402	376.0000	12.5000
32085.353	7	47	0.1403	376.0000	12.5000
32223.973	6	47	0.1406	376.0000	12.5000
32223.973	5	47	0.1406	376.0000	12.5000
32279.036	4	47	0.1407	376.0000	12.5000
32279.036	3	47	0.1407	376.0000	12.5000
32279.036	2	47	0.1407	376.0000	12.5000
32714.479	1	47	0.1410	376.0000	15.0000
32884.384	0	47	0.1410	376.0000	15.0000
32948.307	0	48	0.1410	384.0000	15.0000
32948.307	0	49	0.1410	392.0000	15.0000
33144.107	0	50	0.1410	400.0000	15.0000
33423.630	0	51	0.1410	408.0000	15.0000
33489.117	0	52	0.1410	416.0000	15.0000
33583.720	0	53	0.1410	424.0000	15.0000
33752.002	0	54	0.1410	432.0000	15.0000
33752.002	0	55	0.1410	440.0000	15.0000
33752.002	0	56	0.1410	448.0000	15.0000
33752.002	0	57	0.1410	456.0000	15.0000
33803.529	0	58	0.1410	464.0000	15.0000
33858.645	0	59	0.1410	472.0000	15.0000
33901.584	0	60	0.1410	480.0000	15.0000
34029.326	0	61	0.1410	488.0000	15.0000
34082.194	0	62	0.1410	496.0000	15.0000
34142.851	0	63	0.1410	504.0000	15.0000
34300.133	0	64	0.1410	512.0000	15.0000
34460.425	0	65	0.1410	520.0000	15.0000
34915.072	0	66	0.1410	528.0000	15.0000
34915.072	0	67	0.1410	536.0000	15.0000
34915.072	0	68	0.1410	544.0000	15.0000
34915.072	0	69	0.1410	552.0000	15.0000
35027.046	0	70	0.1410	560.0000	15.0000
35059.395	0	71	0.1410	568.0000	15.0000
35181.653	0	72	0.1410	576.0000	15.0000
35274.436	0	73	0.1410	584.0000	15.0000
35471.767	0	74	0.1410	592.0000	15.0000
35563.338	0	75	0.1410	600.0000	15.0000
35599.831	0	76	0.1410	608.0000	15.0000
35615.228	0	77	0.1410	616.0000	15.0000
35672.015	0	78	0.1410	624.0000	15.0000
35816.596	1	78	0.1410	624.0000	15.0000
35836.362	2	78	0.1411	624.0000	15.0000
35856.128	3	78	0.1411	624.0000	15.0000
35875.894	4	78	0.1411	624.0000	15.0000
35895.661	5	78	0.1411	624.0000	15.0000
35915.427	6	78	0.1411	624.0000	15.0000
35935.193	7	78	0.1412	624.0000	15.0000
35954.959	8	78	0.1412	624.0000	15.0000
35974.725	9	78	0.1413	624.0000	15.0000
35994.492	10	78	0.1413	624.0000	15.0000
36014.258	11	78	0.1414	624.0000	15.0000
36034.024	12	78	0.1415	624.0000	15.0000
36053.790	13	78	0.1415	624.0000	15.0000
36083.715	14	78	0.1417	624.0000	15.0000
36101.394	15	78	0.1417	624.0000	15.0000
36119.074	16	78	0.1418	624.0000	15.0000
36132.533	15	78	0.1419	624.0000	15.0000
36136.753	16	78	0.1419	624.0000	15.0000
36154.432	17	78	0.1420	624.0000	15.0000
36166.878	16	78	0.1421	624.0000	15.0000
36172.112	17	78	0.1421	624.0000	15.0000
36189.791	18	78	0.1422	624.0000	15.0000
36207.470	19	78	0.1423	624.0000	15.0000
36225.150	20	78	0.1424	624.0000	15.0000
36233.309	19	78	0.1425	624.0000	15.0000
36242.829	20	78	0.1425	624.0000	15.0000
36260.508	21	78	0.1426	624.0000	15.0000
36278.188	22	78	0.1427	624.0000	15.0000
36295.867	23	78	0.1429	624.0000	15.0000
36313.546	24	78	0.1430	624.0000	15.0000
36331.226	25	78	0.1431	624.0000	15.0000
36348.905	26	78	0.1433	624.0000	15.0000
36366.584	27	78	0.1434	624.0000	15.0000
36384.264	28	78	0.1436	624.0000	15.0000
36401.943	29	78	0.1437	624.0000	15.0000
36419.622	30	78	0.1439	624.0000	15.0000
36425.373	29	78	0.1439	624.0000	15.0000
36672.129	28	78	0.1462	624.0000	15.0000
36880.599	27	78	0.1481	624.0000	15.0000
37086.330	26	78	0.1498	624.0000	15.0000
37167.503	25	78	0.1505	624.0000	15.0000
37187.589	24	78	0.1506	624.0000	15.0000
37217.299	23	78	0.1509	624.0000	15.0000
37217.299	22	78	0.1509	624.0000	15.0000
37378.500	21	78	0.1520	624.0000	15.0000
37542.535	20	78	0.1531	624.0000	15.0000
37673.822	19	78	0.1539	624.0000	15.0000
37871.060	18	78	0.1551	624.0000	15.0000
38035.287	17	78	0.1560	624.0000	15.0000
38035.287	16	78	0.1560	624.0000	15.0000
38139.044	15	78	0.1566	624.0000	15.0000
38139.044	14	78	0.1566	624.0000	15.0000
38292.654	13	78	0.1573	624.0000	15.0000
38411.706	12	78	0.1577	624.0000	15.0000
38487.569	11	78	0.1580	624.0000	15.0000
38668.775	10	78	0.1587	624.0000	15.0000
38793.290	9	78	0.1591	624.0000	15.0000
38793.290	8	78	0.1591	624.0000	15.0000
38793.290	7	78	0.1591	624.0000	15.0000
39243.148	6	78	0.1601	624.0000	15.0000
39366.618	5	78	0.1603	624.0000	15.0000
39490.790	4	78	0.1605	624.0000	15.0000
39539.234	3	78	0.1606	624.0000	15.0000
39644.365	2	78	0.1607	624.0000	17.5000
39644.365	1	78	0.1607	624.0000	17.5000
39644.365	0	78	0.1607	624.0000	17.5000
39644.365	0	79	0.1607	632.0000	17.5000
39644.365	0	80	0.1607	640.0000	17.5000
39929.768	0	81	0.1607	648.0000	17.5000
39929.768	0	82	0.1607	656.0000	17.5000
40232.323	0	83	0.1607	664.0000	17.5000
40395.148	0	84	0.1607	672.0000	17.5000
40395.148	0	85	0.1607	680.0000	17.5000
40515.630	0	86	0.1607	688.0000	17.5000
40535.329	0	87	0.1607	696.0000	17.5000
40844.664	0	88	0.1607	704.0000	17.5000
40996.783	0	89	0.1607	712.0000	17.5000
41092.796	0	90	0.1607	720.0000	17.5000
41226.889	0	91	0.1607	728.0000	17.5000
41226.889	0	92	0.1607	736.0000	17.5000
41414.948	0	93	0.1607	744.0000	17.5000
41601.052	0	94	0.1607	752.0000	17.5000
41654.436	0	95	0.1607	760.0000	17.5000
41748.791	0	96	0.1607	768.0000	17.5000
41806.874	0	97	0.1607	776.0000	17.5000
41937.105	0	98	0.1607	784.0000	17.5000
42042.498	0	99	0.1607	792.0000	17.5000
42113.784	0	100	0.1607	800.0000	17.5000
42624.656	0	101	0.1607	808.0000	17.5000
42725.155	0	102	0.1607	816.0000	17.5000
42725.155	0	103	0.1607	824.0000	17.5000
42784.767	0	104	0.1607	832.0000	17.5000
43016.626	0	105	0.1607	840.0000	17.5000
43278.514	0	106	0.1607	848.0000	17.5000
43315.856	1	106	0.1607	848.0000	17.5000
43328.460	2	106	0.1607	848.0000	17.5000
43341.064	3	106	0.1607	848.0000	17.5000
43353.668	4	106	0.1607	848.0000	17.5000
43366.272	5	106	0.1607	848.0000	17.5000
43378.876	6	106	0.1607	848.0000	17.5000
43391.479	7	106	0.1607	848.0000	17.5000
43404.083	8	106	0.1608	848.0000	17.5000
43416.687	9	106	0.1608	848.0000	17.5000
43429.291	10	106	0.1608	848.0000	17.5000
43441.895	11	106	0.1609	848.0000	17.5000
43454.499	12	106	0.1609	848.0000	17.5000
43464.698	13	106	0.1610	848.0000	17.5000
43474.897	14	106	0.1610	848.0000	17.5000
43485.096	15	106	0.1610	848.0000	17.5000
43495.295	16	106	0.1611	848.0000	17.5000
43505.494	17	106	0.1611	848.0000	17.5000
43515.693	18	106	0.1612	848.0000	17.5000
43525.892	19	106	0.1613	848.0000	17.5000
43536.091	20	106	0.1613	848.0000	17.5000
43546.290	21	106	0.1614	848.0000	17.5000
43556.489	22	106	0.1615	848.0000	17.5000
43566.688	23	106	0.1615	848.0000	17.5000
43576.887	24	106	0.1616	848.0000	17.5000
43587.086	25	106	0.1617	848.0000	17.5000
43597.285	26	106	0.1618	848.0000	17.5000
43607.484	27	106	0.1618	848.0000	17.5000
43617.683	28	106	0.1619	848.0000	17.5000
43627.882	29	106	0.1620	848.0000	17.5000
43638.081	30	106	0.1621	848.0000	17.5000
43648.280	31	106	0.1622	848.0000	17.5000
43658.479	32	106	0.1623	848.0000	17.5000
