# s=45 S=60 h=0.0068 p=4.0000 c=2.5000
# time_s	level	cum_oos	holding_eur	shortage_eur	order_eur
0.000	60	0	0.0000	0.0000	0.0000
736.717	59	0	0.0070	0.0000	0.0000
736.717	58	0	0.0070	0.0000	0.0000
736.717	57	0	0.0070	0.0000	0.0000
979.467	56	0	0.0091	0.0000	0.0000
979.467	55	0	0.0091	0.0000	0.0000
979.467	54	0	0.0091	0.0000	0.0000
979.467	53	0	0.0091	0.0000	0.0000
979.467	52	0	0.0091	0.0000	0.0000
1098.663	51	0	0.0101	0.0000	0.0000
1523.922	50	0	0.0135	0.0000	0.0000
1635.873	49	0	0.0144	0.0000	0.0000
1781.819	48	0	0.0155	0.0000	0.0000
1781.819	47	0	0.0155	0.0000	0.0000
1901.533	46	0	0.0164	0.0000	0.0000
2331.209	45	0	0.0195	0.0000	0.0000
2497.262	44	0	0.0207	0.0000	0.0000
3051.131	43	0	0.0245	0.0000	0.0000
3148.019	42	0	0.0252	0.0000	0.0000
3148.019	41	0	0.0252	0.0000	0.0000
3215.541	40	0	0.0256	0.0000	0.0000
3497.677	39	0	0.0274	0.0000	0.0000
3622.890	40	0	0.0282	0.0000	2.5000
4030.978	41	0	0.0307	0.0000	2.5000
4046.577	42	0	0.0308	0.0000	2.5000
4062.176	43	0	0.0310	0.0000	2.5000
4077.775	44	0	0.0311	0.0000	2.5000
4093.375	45	0	0.0312	0.0000	2.5000
4108.974	46	0	0.0313	0.0000	2.5000
4124.573	47	0	0.0314	0.0000	2.5000
4140.173	48	0	0.0315	0.0000	2.5000
4155.772	49	0	0.0316	0.0000	2.5000
4171.371	50	0	0.0317	0.0000	2.5000
4186.970	51	0	0.0319	0.0000	2.5000
4202.570	52	0	0.0320	0.0000	2.5000
4218.169	53	0	0.0321	0.0000	2.5000
4233.768	54	0	0.0322	0.0000	2.5000
4249.367	55	0	0.0324	0.0000	2.5000
4264.967	56	0	0.0325	0.0000	2.5000
4280.566	57	0	0.0327	0.0000	2.5000
4287.928	56	0	0.0327	0.0000	2.5000
4287.928	55	0	0.0327	0.0000	2.5000
4296.165	56	0	0.0328	0.0000	2.5000
4311.764	57	0	0.0329	0.0000	2.5000
4326.990	56	0	0.0331	0.0000	2.5000
4327.364	57	0	0.0331	0.0000	2.5000
4537.473	56	0	0.0350	0.0000	2.5000
4654.530	55	0	0.0360	0.0000	2.5000
4654.530	54	0	0.0360	0.0000	2.5000
4654.530	53	0	0.0360	0.0000	2.5000
4781.221	52	0	0.0370	0.0000	2.5000
4781.221	51	0	0.0370	0.0000	2.5000
4866.289	50	0	0.0377	0.0000	2.5000
4992.384	49	0	0.0387	0.0000	2.5000
4992.384	48	0	0.0387	0.0000	2.5000
5261.099	47	0	0.0407	0.0000	2.5000
5273.283	46	0	0.0408	0.0000	2.5000
5566.833	45	0	0.0430	0.0000	2.5000
5648.590	44	0	0.0435	0.0000	2.5000
5688.837	43	0	0.0438	0.0000	2.5000
6042.572	42	0	0.0462	0.0000	2.5000
6153.991	41	0	0.0470	0.0000	2.5000
6235.233	40	0	0.0475	0.0000	2.5000
6235.233	39	0	0.0475	0.0000	2.5000
6280.125	38	0	0.0478	0.0000	2.5000
6280.125	37	0	0.0478	0.0000	2.5000
6350.672	36	0	0.0482	0.0000	2.5000
6430.930	35	0	0.0486	0.0000	2.5000
6457.464	34	0	0.0488	0.0000	2.5000
6656.259	33	0	0.0498	0.0000	2.5000
6731.666	32	0	0.0502	0.0000	2.5000
6731.666	31	0	0.0502	0.0000	2.5000
6951.090	30	0	0.0513	0.0000	2.5000
6951.090	29	0	0.0513	0.0000	2.5000
6994.869	28	0	0.0515	0.0000	2.5000
7047.926	27	0	0.0517	0.0000	2.5000
7080.359	26	0	0.0519	0.0000	2.5000
7166.827	25	0	0.0522	0.0000	2.5000
7299.872	24	0	0.0527	0.0000	5.0000
7347.336	23	0	0.0529	0.0000	5.0000
7485.607	22	0	0.0534	0.0000	5.0000
7485.607	21	0	0.0534	0.0000	5.0000
7485.607	20	0	0.0534	0.0000	5.0000
7664.927	19	0	0.0540	0.0000	5.0000
7817.454	18	0	0.0544	0.0000	5.0000
7988.940	17	0	0.0549	0.0000	5.0000
8014.059	16	0	0.0550	0.0000	5.0000
8014.059	15	0	0.0550	0.0000	5.0000
8189.931	14	0	0.0554	0.0000	5.0000
8215.445	13	0	0.0555	0.0000	5.0000
8237.812	12	0	0.0555	0.0000	5.0000
8359.278	11	0	0.0557	0.0000	5.0000
8431.879	10	0	0.0559	0.0000	5.0000
8605.104	9	0	0.0561	0.0000	5.0000
8674.704	8	0	0.0562	0.0000	5.0000
8674.704	7	0	0.0562	0.0000	5.0000
8778.419	6	0	0.0564	0.0000	5.0000
8778.419	5	0	0.0564	0.0000	5.0000
9002.294	4	0	0.0565	0.0000	5.0000
9021.395	3	0	0.0565	0.0000	5.0000
9092.405	2	0	0.0566	0.0000	5.0000
9122.141	1	0	0.0566	0.0000	5.0000
9156.745	2	0	0.0566	0.0000	5.0000
9169.840	3	0	0.0566	0.0000	5.0000
9182.936	4	0	0.0566	0.0000	5.0000
9190.921	3	0	0.0566	0.0000	5.0000
9196.032	4	0	0.0566	0.0000	5.0000
9209.128	5	0	0.0566	0.0000	5.0000
9222.223	6	0	0.0566	0.0000	5.0000
9235.319	7	0	0.0566	0.0000	5.0000
9248.415	8	0	0.0566	0.0000	5.0000
9261.510	9	0	0.0567	0.0000	5.0000
9274.606	10	0	0.0567	0.0000	5.0000
9287.702	11	0	0.0567	0.0000	5.0000
9300.797	12	0	0.0567	0.0000	5.0000
9313.893	13	0	0.0568	0.0000	5.0000
9326.989	14	0	0.0568	0.0000	5.0000
9340.084	15	0	0.0568	0.0000	5.0000
9353.180	16	0	0.0568	0.0000	5.0000
9366.276	17	0	0.0569	0.0000	5.0000
9379.371	18	0	0.0569	0.0000	5.0000
9392.467	19	0	0.0569	0.0000	5.0000
9405.563	20	0	0.0570	0.0000	5.0000
9476.463	19	0	0.0572	0.0000	5.0000
9486.662	18	0	0.0572	0.0000	5.0000
9570.349	17	0	0.0575	0.0000	5.0000
9656.081	18	0	0.0577	0.0000	5.0000
9672.408	19	0	0.0578	0.0000	5.0000
9688.734	20	0	0.0578	0.0000	5.0000
9705.061	21	0	0.0579	0.0000	5.0000
9721.387	22	0	0.0579	0.0000	5.0000
9737.714	23	0	0.0580	0.0000	5.0000
9754.040	24	0	0.0580	0.0000	5.0000
9770.367	25	0	0.0581	0.0000	5.0000
9786.693	26	0	0.0581	0.0000	5.0000
9803.020	27	0	0.0582	0.0000	5.0000
9819.346	28	0	0.0583	0.0000	5.0000
9835.673	29	0	0.0584	0.0000	5.0000
9851.999	30	0	0.0584	0.0000	5.0000
9868.326	31	0	0.0585	0.0000	5.0000
9884.653	32	0	0.0586	0.0000	5.0000
10216.059	31	0	0.0603	0.0000	5.0000
10414.576	30	0	0.0612	0.0000	5.0000
10444.214	29	0	0.0614	0.0000	5.0000
10444.214	28	0	0.0614	0.0000	5.0000
10629.057	27	0	0.0622	0.0000	5.0000
10768.018	26	0	0.0628	0.0000	5.0000
10912.262	25	0	0.0634	0.0000	7.5000
11144.506	24	0	0.0643	0.0000	7.5000
11303.647	23	0	0.0649	0.0000	7.5000
11447.938	22	0	0.0654	0.0000	7.5000
11462.127	21	0	0.0654	0.0000	7.5000
11570.014	20	0	0.0658	0.0000	7.5000
11570.014	19	0	0.0658	0.0000	7.5000
11570.014	18	0	0.0658	0.0000	7.5000
11570.014	17	0	0.0658	0.0000	7.5000
11757.375	16	0	0.0663	0.0000	7.5000
11792.713	15	0	0.0664	0.0000	7.5000
11943.235	14	0	0.0667	0.0000	7.5000
11943.235	13	0	0.0667	0.0000	7.5000
12190.124	12	0	0.0673	0.0000	7.5000
12190.124	11	0	0.0673	0.0000	7.5000
12190.124	10	0	0.0673	0.0000	7.5000
12190.124	9	0	0.0673	0.0000	7.5000
12190.124	8	0	0.0673	0.0000	7.5000
12190.124	7	0	0.0673	0.0000	7.5000
12190.124	6	0	0.0673	0.0000	7.5000
12252.880	5	0	0.0673	0.0000	7.5000
12347.767	6	0	0.0674	0.0000	7.5000
12353.585	5	0	0.0674	0.0000	7.5000
12361.296	6	0	0.0674	0.0000	7.5000
12372.258	5	0	0.0674	0.0000	7.5000
12374.824	6	0	0.0674	0.0000	7.5000
12388.353	7	0	0.0674	0.0000	7.5000
12401.882	8	0	0.0674	0.0000	7.5000
12415.411	9	0	0.0675	0.0000	7.5000
12428.940	10	0	0.0675	0.0000	7.5000
12442.469	11	0	0.0675	0.0000	7.5000
12455.997	12	0	0.0675	0.0000	7.5000
12469.526	13	0	0.0675	0.0000	7.5000
12483.055	14	0	0.0676	0.0000	7.5000
12496.584	15	0	0.0676	0.0000	7.5000
12503.338	14	0	0.0676	0.0000	7.5000
12503.338	13	0	0.0676	0.0000	7.5000
12503.338	12	0	0.0676	0.0000	7.5000
12510.113	13	0	0.0676	0.0000	7.5000
12523.642	14	0	0.0677	0.0000	7.5000
12537.171	15	0	0.0677	0.0000	7.5000
12550.699	16	0	0.0677	0.0000	7.5000
12564.228	17	0	0.0678	0.0000	7.5000
12577.757	18	0	0.0678	0.0000	7.5000
12588.146	17	0	0.0678	0.0000	7.5000
12591.286	18	0	0.0678	0.0000	7.5000
12604.815	19	0	0.0679	0.0000	7.5000
12669.070	18	0	0.0681	0.0000	7.5000
12680.182	19	0	0.0681	0.0000	7.5000
12691.294	20	0	0.0681	0.0000	7.5000
12702.406	21	0	0.0682	0.0000	7.5000
12713.518	22	0	0.0682	0.0000	7.5000
12724.630	23	0	0.0682	0.0000	7.5000
12735.742	24	0	0.0683	0.0000	7.5000
12746.854	25	0	0.0683	0.0000	7.5000
12757.966	26	0	0.0684	0.0000	7.5000
12761.165	25	0	0.0684	0.0000	7.5000
12761.165	24	0	0.0684	0.0000	7.5000
12761.165	23	0	0.0684	0.0000	7.5000
12769.078	24	0	0.0684	0.0000	7.5000
12780.190	25	0	0.0684	0.0000	7.5000
12791.302	26	0	0.0685	0.0000	7.5000
12802.414	27	0	0.0685	0.0000	7.5000
12813.526	28	0	0.0686	0.0000	7.5000
12824.638	29	0	0.0686	0.0000	7.5000
13003.891	28	0	0.0694	0.0000	7.5000
13003.891	27	0	0.0694	0.0000	7.5000
13018.068	26	0	0.0695	0.0000	7.5000
13102.469	25	0	0.0699	0.0000	7.5000
13215.849	24	0	0.0703	0.0000	7.5000
13215.849	23	0	0.0703	0.0000	7.5000
13261.856	22	0	0.0705	0.0000	7.5000
13316.441	21	0	0.0707	0.0000	7.5000
13340.794	20	0	0.0707	0.0000	7.5000
13355.419	19	0	0.0708	0.0000	7.5000
13394.327	18	0	0.0709	0.0000	7.5000
13394.327	17	0	0.0709	0.0000	7.5000
13678.526	16	0	0.0717	0.0000	7.5000
13678.526	15	0	0.0717	0.0000	7.5000
14116.555	14	0	0.0727	0.0000	7.5000
14116.555	13	0	0.0727	0.0000	7.5000
14116.555	12	0	0.0727	0.0000	7.5000
14171.633	11	0	0.0728	0.0000	7.5000
14211.936	10	0	0.0729	0.0000	7.5000
14211.936	9	0	0.0729	0.0000	7.5000
14643.883	8	0	0.0735	0.0000	10.0000
14643.883	7	0	0.0735	0.0000	10.0000
14643.883	6	0	0.0735	0.0000	10.0000
14659.992	5	0	0.0735	0.0000	10.0000
14729.425	4	0	0.0735	0.0000	10.0000
14835.103	3	0	0.0736	0.0000	10.0000
15135.308	2	0	0.0738	0.0000	10.0000
15173.993	1	0	0.0738	0.0000	10.0000
15289.229	0	0	0.0738	0.0000	10.0000
15408.765	0	1	0.0738	4.0000	10.0000
15457.432	0	2	0.0738	8.0000	10.0000
15652.896	0	3	0.0738	12.0000	10.0000
15846.957	0	4	0.0738	16.0000	10.0000
15846.957	0	5	0.0738	20.0000	10.0000
15846.957	0	6	0.0738	24.0000	10.0000
15846.957	0	7	0.0738	28.0000	10.0000
15846.957	0	8	0.0738	32.0000	10.0000
15846.957	0	9	0.0738	36.0000	10.0000
15846.957	0	10	0.0738	40.0000	10.0000
15882.530	0	11	0.0738	44.0000	10.0000
15882.530	0	12	0.0738	48.0000	10.0000
15919.905	0	13	0.0738	52.0000	10.0000
15954.294	0	14	0.0738	56.0000	10.0000
15954.294	0	15	0.0738	60.0000	10.0000
15999.642	0	16	0.0738	64.0000	10.0000
16041.828	0	17	0.0738	68.0000	10.0000
16102.540	0	18	0.0738	72.0000	10.0000
16360.579	0	19	0.0738	76.0000	10.0000
16360.579	0	20	0.0738	80.0000	10.0000
16360.579	0	21	0.0738	84.0000	10.0000
16360.579	0	22	0.0738	88.0000	10.0000
16360.579	0	23	0.0738	92.0000	10.0000
16387.670	0	24	0.0738	96.0000	10.0000
16601.625	0	25	0.0738	100.0000	10.0000
16601.625	0	26	0.0738	104.0000	10.0000
16649.605	0	27	0.0738	108.0000	10.0000
16813.525	0	28	0.0738	112.0000	10.0000
16846.556	0	29	0.0738	116.0000	10.0000
16909.434	0	30	0.0738	120.0000	10.0000
16981.055	0	31	0.0738	124.0000	10.0000
17067.840	1	31	0.0738	124.0000	10.0000
17079.184	2	31	0.0738	124.0000	10.0000
17084.263	1	31	0.0738	124.0000	10.0000
17090.528	2	31	0.0738	124.0000	10.0000
17101.872	3	31	0.0738	124.0000	10.0000
17113.216	4	31	0.0738	124.0000	10.0000
17124.560	5	31	0.0738	124.0000	10.0000
17135.904	6	31	0.0738	124.0000	10.0000
17147.248	7	31	0.0738	124.0000	10.0000
17158.592	8	31	0.0738	124.0000	10.0000
17169.936	9	31	0.0739	124.0000	10.0000
17181.281	10	31	0.0739	124.0000	10.0000
17192.625	11	31	0.0739	124.0000	10.0000
17203.969	12	31	0.0739	124.0000	10.0000
17215.313	13	31	0.0739	124.0000	10.0000
17226.657	14	31	0.0740	124.0000	10.0000
17238.001	15	31	0.0740	124.0000	10.0000
17249.345	16	31	0.0740	124.0000	10.0000
17260.689	17	31	0.0740	124.0000	10.0000
17272.033	18	31	0.0741	124.0000	10.0000
17283.377	19	31	0.0741	124.0000	10.0000
17300.806	18	31	0.0741	124.0000	10.0000
17311.402	17	31	0.0742	124.0000	10.0000
17341.508	18	31	0.0743	124.0000	10.0000
17349.513	17	31	0.0743	124.0000	10.0000
17349.513	16	31	0.0743	124.0000	10.0000
17349.513	15	31	0.0743	124.0000	10.0000
17349.513	14	31	0.0743	124.0000	10.0000
17355.172	15	31	0.0743	124.0000	10.0000
17368.836	16	31	0.0743	124.0000	10.0000
17382.500	17	31	0.0744	124.0000	10.0000
17396.164	18	31	0.0744	124.0000	10.0000
17409.828	19	31	0.0744	124.0000	10.0000
17423.492	20	31	0.0745	124.0000	10.0000
17427.494	19	31	0.0745	124.0000	10.0000
17437.156	20	31	0.0745	124.0000	10.0000
17445.942	19	31	0.0745	124.0000	10.0000
17450.820	20	31	0.0746	124.0000	10.0000
17464.369	19	31	0.0746	124.0000	10.0000
17464.483	20	31	0.0746	124.0000	10.0000
17478.147	21	31	0.0746	124.0000	10.0000
17495.627	20	31	0.0747	124.0000	10.0000
17524.933	19	31	0.0748	124.0000	10.0000
17542.080	20	31	0.0748	124.0000	10.0000
17559.228	21	31	0.0749	124.0000	10.0000
17576.375	22	31	0.0750	124.0000	10.0000
17593.522	23	31	0.0750	124.0000	10.0000
17610.670	24	31	0.0751	124.0000	10.0000
17618.719	23	31	0.0751	124.0000	10.0000
17627.817	24	31	0.0751	124.0000	10.0000
17644.965	25	31	0.0752	124.0000	10.0000
17662.112	26	31	0.0753	124.0000	10.0000
17679.259	27	31	0.0753	124.0000	10.0000
17680.347	26	31	0.0753	124.0000	10.0000
17696.407	27	31	0.0754	124.0000	10.0000
17713.554	28	31	0.0755	124.0000	10.0000
17730.701	29	31	0.0756	124.0000	10.0000
17747.849	30	31	0.0756	124.0000	10.0000
17764.996	31	31	0.0757	124.0000	10.0000
17782.143	32	31	0.0758	124.0000	10.0000
17799.291	33	31	0.0759	124.0000	10.0000
17816.438	34	31	0.0760	124.0000	10.0000
17833.585	35	31	0.0761	124.0000	10.0000
17850.733	36	31	0.0762	124.0000	10.0000
17867.880	37	31	0.0763	124.0000	10.0000
17875.016	36	31	0.0763	124.0000	10.0000
17875.016	35	31	0.0763	124.0000	10.0000
17875.016	34	31	0.0763	124.0000	10.0000
17875.016	33	31	0.0763	124.0000	10.0000
18005.433	32	31	0.0770	124.0000	12.5000
18015.062	31	31	0.0770	124.0000	12.5000
18119.299	30	31	0.0775	124.0000	12.5000
18119.299	29	31	0.0775	124.0000	12.5000
18146.766	28	31	0.0777	124.0000	12.5000
18245.088	27	31	0.0781	124.0000	12.5000
18344.397	26	31	0.0785	124.0000	12.5000
18655.453	25	31	0.0798	124.0000	12.5000
18655.453	24	31	0.0798	124.0000	12.5000
18655.453	23	31	0.0798	124.0000	12.5000
18655.453	22	31	0.0798	124.0000	12.5000
18655.453	21	31	0.0798	124.0000	12.5000
18846.375	20	31	0.0804	124.0000	12.5000
18846.375	19	31	0.0804	124.0000	12.5000
18901.524	18	31	0.0806	124.0000	12.5000
19073.408	17	31	0.0811	124.0000	12.5000
19127.613	16	31	0.0812	124.0000	12.5000
19244.021	15	31	0.0815	124.0000	12.5000
19306.423	14	31	0.0817	124.0000	12.5000
19437.892	13	31	0.0820	124.0000	12.5000
19437.892	12	31	0.0820	124.0000	12.5000
19477.763	11	31	0.0820	124.0000	12.5000
19477.763	10	31	0.0820	124.0000	12.5000
19604.909	9	31	0.0822	124.0000	12.5000
19718.138	8	31	0.0824	124.0000	12.5000
19718.138	7	31	0.0824	124.0000	12.5000
19878.509	6	31	0.0826	124.0000	12.5000
19878.509	5	31	0.0826	124.0000	12.5000
19878.509	4	31	0.0826	124.0000	12.5000
19973.405	3	31	0.0826	124.0000	12.5000
19973.405	2	31	0.0826	124.0000	12.5000
19973.405	1	31	0.0826	124.0000	12.5000
20146.292	2	31	0.0827	124.0000	12.5000
20156.753	3	31	0.0827	124.0000	12.5000
20167.215	4	31	0.0827	124.0000	12.5000
20177.677	5	31	0.0827	124.0000	12.5000
20188.139	6	31	0.0827	124.0000	12.5000
20198.601	7	31	0.0827	124.0000	12.5000
20209.062	8	31	0.0827	124.0000	12.5000
20215.452	9	31	0.0827	124.0000	12.5000
20221.841	10	31	0.0827	124.0000	12.5000
20228.231	11	31	0.0827	124.0000	12.5000
20233.583	10	31	0.0827	124.0000	12.5000
20234.620	11	31	0.0827	124.0000	12.5000
20241.010	12	31	0.0827	124.0000	12.5000
20247.400	13	31	0.0828	124.0000	12.5000
20253.789	14	31	0.0828	124.0000	12.5000
20260.179	15	31	0.0828	124.0000	12.5000
20266.568	16	31	0.0828	124.0000	12.5000
20272.958	17	31	0.0828	124.0000	12.5000
20279.347	18	31	0.0828	124.0000	12.5000
20285.737	19	31	0.0829	124.0000	12.5000
20292.126	20	31	0.0829	124.0000	12.5000
20298.516	21	31	0.0829	124.0000	12.5000
20304.905	22	31	0.0829	124.0000	12.5000
20311.295	23	31	0.0829	124.0000	12.5000
20317.684	24	31	0.0830	124.0000	12.5000
20324.074	25	31	0.0830	124.0000	12.5000
20330.463	26	31	0.0830	124.0000	12.5000
20336.853	27	31	0.0830	124.0000	12.5000
20502.354	26	31	0.0837	124.0000	12.5000
20523.785	25	31	0.0838	124.0000	12.5000
20595.582	24	31	0.0841	124.0000	12.5000
20610.347	23	31	0.0842	124.0000	12.5000
21046.564	22	31	0.0857	124.0000	12.5000
21116.870	21	31	0.0860	124.0000	12.5000
21116.870	20	31	0.0860	124.0000	12.5000
21116.870	19	31	0.0860	124.0000	12.5000
21164.676	18	31	0.0861	124.0000	12.5000
21164.676	17	31	0.0861	124.0000	12.5000
21220.649	16	31	0.0863	124.0000	12.5000
21220.649	15	31	0.0863	124.0000	12.5000
21365.720	14	31	0.0866	124.0000	12.5000
21365.720	13	31	0.0866	124.0000	12.5000
21839.954	12	31	0.0876	124.0000	15.0000
22010.030	11	31	0.0879	124.0000	15.0000
22010.030	10	31	0.0879	124.0000	15.0000
22054.867	9	31	0.0880	124.0000	15.0000
22054.867	8	31	0.0880	124.0000	15.0000
22054.867	7	31	0.0880	124.0000	15.0000
22102.218	6	31	0.0880	124.0000	15.0000
22102.218	5	31	0.0880	124.0000	15.0000
22161.549	4	31	0.0881	124.0000	15.0000
22229.901	3	31	0.0881	124.0000	15.0000
22264.204	2	31	0.0881	124.0000	15.0000
22841.320	1	31	0.0883	124.0000	15.0000
22965.527	0	31	0.0883	124.0000	15.0000
22984.919	0	32	0.0883	128.0000	15.0000
23190.166	0	33	0.0883	132.0000	15.0000
23333.682	0	34	0.0883	136.0000	15.0000
23365.561	0	35	0.0883	140.0000	15.0000
23365.561	0	36	0.0883	144.0000	15.0000
23442.865	1	36	0.0883	144.0000	15.0000
23457.597	2	36	0.0883	144.0000	15.0000
23472.328	3	36	0.0883	144.0000	15.0000
23487.060	4	36	0.0884	144.0000	15.0000
23498.429	3	36	0.0884	144.0000	15.0000
23498.429	2	36	0.0884	144.0000	15.0000
23498.429	1	36	0.0884	144.0000	15.0000
23501.792	2	36	0.0884	144.0000	15.0000
23516.524	3	36	0.0884	144.0000	15.0000
23531.256	4	36	0.0884	144.0000	15.0000
23545.988	5	36	0.0884	144.0000	15.0000
23560.719	6	36	0.0884	144.0000	15.0000
23575.451	7	36	0.0884	144.0000	15.0000
23590.183	8	36	0.0884	144.0000	15.0000
23604.915	9	36	0.0884	144.0000	15.0000
23619.647	10	36	0.0885	144.0000	15.0000
23634.378	11	36	0.0885	144.0000	15.0000
23649.110	12	36	0.0885	144.0000	15.0000
23652.498	11	36	0.0885	144.0000	15.0000
23652.498	10	36	0.0885	144.0000	15.0000
23652.498	9	36	0.0885	144.0000	15.0000
23663.842	10	36	0.0885	144.0000	15.0000
23678.574	11	36	0.0886	144.0000	15.0000
23693.306	12	36	0.0886	144.0000	15.0000
23708.038	13	36	0.0886	144.0000	15.0000
23722.769	14	36	0.0886	144.0000	15.0000
23731.969	15	36	0.0887	144.0000	15.0000
23741.169	16	36	0.0887	144.0000	15.0000
23750.370	17	36	0.0887	144.0000	15.0000
23759.570	18	36	0.0887	144.0000	15.0000
23768.770	19	36	0.0888	144.0000	15.0000
23777.970	20	36	0.0888	144.0000	15.0000
23787.170	21	36	0.0888	144.0000	15.0000
23796.370	22	36	0.0888	144.0000	15.0000
23805.570	23	36	0.0889	144.0000	15.0000
23814.770	24	36	0.0889	144.0000	15.0000
23823.970	25	36	0.0889	144.0000	15.0000
23833.170	26	36	0.0890	144.0000	15.0000
23842.370	27	36	0.0890	144.0000	15.0000
23851.570	28	36	0.0891	144.0000	15.0000
23860.770	29	36	0.0891	144.0000	15.0000
23869.970	30	36	0.0891	144.0000	15.0000
23879.170	31	36	0.0892	144.0000	15.0000
23888.370	32	36	0.0892	144.0000	15.0000
23897.570	33	36	0.0893	144.0000	15.0000
23906.770	34	36	0.0893	144.0000	15.0000
23923.080	35	36	0.0894	144.0000	15.0000
23939.390	36	36	0.0895	144.0000	15.0000
23955.700	37	36	0.0896	144.0000	15.0000
23972.010	38	36	0.0897	144.0000	15.0000
23988.320	39	36	0.0898	144.0000	15.0000
24004.629	40	36	0.0899	144.0000	15.0000
24020.939	41	36	0.0900	144.0000	15.0000
24086.261	40	36	0.0904	144.0000	15.0000
24086.261	39	36	0.0904	144.0000	15.0000
24086.261	38	36	0.0904	144.0000	15.0000
24311.802	37	36	0.0918	144.0000	15.0000
24446.190	36	36	0.0925	144.0000	15.0000
24611.127	35	36	0.0935	144.0000	15.0000
24611.127	34	36	0.0935	144.0000	15.0000
24611.127	33	36	0.0935	144.0000	15.0000
25197.218	32	36	0.0965	144.0000	15.0000
25207.276	31	36	0.0966	144.0000	17.5000
25430.698	30	36	0.0977	144.0000	17.5000
25430.698	29	36	0.0977	144.0000	17.5000
25603.296	28	36	0.0985	144.0000	17.5000
25984.186	27	36	0.1001	144.0000	17.5000
26065.768	26	36	0.1005	144.0000	17.5000
26065.768	25	36	0.1005	144.0000	17.5000
26385.981	24	36	0.1017	144.0000	17.5000
26452.111	23	36	0.1020	144.0000	17.5000
26589.663	24	36	0.1025	144.0000	17.5000
26607.712	25	36	0.1026	144.0000	17.5000
26625.761	26	36	0.1026	144.0000	17.5000
26643.810	27	36	0.1027	144.0000	17.5000
26661.860	28	36	0.1028	144.0000	17.5000
26679.909	29	36	0.1029	144.0000	17.5000
26697.958	30	36	0.1029	144.0000	17.5000
26716.007	31	36	0.1030	144.0000	17.5000
26756.463	32	36	0.1032	144.0000	17.5000
26770.170	33	36	0.1033	144.0000	17.5000
26783.878	34	36	0.1034	144.0000	17.5000
26797.585	35	36	0.1034	144.0000	17.5000
26811.292	36	36	0.1035	144.0000	17.5000
26824.999	37	36	0.1036	144.0000	17.5000
26838.706	38	36	0.1037	144.0000	17.5000
26852.414	39	36	0.1037	144.0000	17.5000
26866.121	40	36	0.1038	144.0000	17.5000
26879.828	41	36	0.1039	144.0000	17.5000
26893.535	42	36	0.1040	144.0000	17.5000
26907.243	43	36	0.1041	144.0000	17.5000
26920.950	44	36	0.1042	144.0000	17.5000
26934.657	45	36	0.1043	144.0000	17.5000
26948.364	46	36	0.1044	144.0000	17.5000
26962.071	47	36	0.1045	144.0000	17.5000
26975.779	48	36	0.1046	144.0000	17.5000
26989.486	49	36	0.1047	144.0000	17.5000
27003.193	50	36	0.1048	144.0000	17.5000
27016.900	51	36	0.1049	144.0000	17.5000
27052.448	50	36	0.1052	144.0000	17.5000
27331.602	49	36	0.1074	144.0000	17.5000
27374.669	48	36	0.1077	144.0000	17.5000
27495.625	47	36	0.1086	144.0000	17.5000
27613.140	46	36	0.1095	144.0000	17.5000
27660.980	45	36	0.1098	144.0000	17.5000
27797.610	44	36	0.1108	144.0000	17.5000
27867.028	43	36	0.1113	144.0000	17.5000
27878.658	42	36	0.1114	144.0000	17.5000
27878.658	41	36	0.1114	144.0000	17.5000
28082.932	40	36	0.1127	144.0000	17.5000
28082.932	39	36	0.1127	144.0000	17.5000
28082.932	38	36	0.1127	144.0000	17.5000
28389.005	37	36	0.1145	144.0000	17.5000
28522.197	36	36	0.1153	144.0000	17.5000
28522.197	35	36	0.1153	144.0000	17.5000
29256.122	34	36	0.1193	144.0000	20.0000
29256.122	33	36	0.1193	144.0000	20.0000
29327.069	32	36	0.1197	144.0000	20.0000
29355.446	31	36	0.1199	144.0000	20.0000
29427.369	30	36	0.1202	144.0000	20.0000
29460.303	29	36	0.1204	144.0000	20.0000
29611.901	28	36	0.1210	144.0000	20.0000
29611.901	27	36	0.1210	144.0000	20.0000
29695.978	28	36	0.1214	144.0000	20.0000
29706.403	29	36	0.1215	144.0000	20.0000
29710.926	28	36	0.1215	144.0000	20.0000
29716.828	29	36	0.1215	144.0000	20.0000
29727.254	30	36	0.1215	144.0000	20.0000
29737.679	31	36	0.1216	144.0000	20.0000
29754.986	32	36	0.1217	144.0000	20.0000
29769.334	31	36	0.1218	144.0000	20.0000
29772.293	32	36	0.1218	144.0000	20.0000
29789.601	33	36	0.1219	144.0000	20.0000
29806.908	34	36	0.1219	144.0000	20.0000
29824.216	35	36	0.1220	144.0000	20.0000
29841.523	36	36	0.1221	144.0000	20.0000
29858.831	37	36	0.1222	144.0000	20.0000
29876.138	38	36	0.1223	144.0000	20.0000
29893.445	39	36	0.1224	144.0000	20.0000
29910.753	40	36	0.1225	144.0000	20.0000
29928.060	41	36	0.1226	144.0000	20.0000
29945.368	42	36	0.1228	144.0000	20.0000
29962.675	43	36	0.1229	144.0000	20.0000
29979.983	44	36	0.1230	144.0000	20.0000
29997.290	45	36	0.1231	144.0000	20.0000
30014.597	46	36	0.1232	144.0000	20.0000
30021.868	45	36	0.1233	144.0000	20.0000
30031.905	46	36	0.1234	144.0000	20.0000
30049.212	47	36	0.1235	144.0000	20.0000
30066.520	48	36	0.1236	144.0000	20.0000
30083.827	49	36	0.1237	144.0000	20.0000
30124.876	48	36	0.1241	144.0000	20.0000
30213.733	47	36	0.1247	144.0000	20.0000
30317.799	46	36	0.1255	144.0000	20.0000
30317.799	45	36	0.1255	144.0000	20.0000
30529.999	44	36	0.1270	144.0000	20.0000
30529.999	43	36	0.1270	144.0000	20.0000
30591.448	42	36	0.1274	144.0000	20.0000
30672.627	41	36	0.1280	144.0000	20.0000
30686.454	40	36	0.1280	144.0000	20.0000
30686.454	39	36	0.1280	144.0000	20.0000
30806.754	38	36	0.1288	144.0000	20.0000
30806.754	37	36	0.1288	144.0000	20.0000
30954.701	36	36	0.1296	144.0000	20.0000
31179.652	35	36	0.1309	144.0000	20.0000
31179.652	34	36	0.1309	144.0000	20.0000
31179.652	33	36	0.1309	144.0000	20.0000
31322.807	32	36	0.1317	144.0000	20.0000
31322.807	31	36	0.1317	144.0000	20.0000
31352.807	30	36	0.1318	144.0000	20.0000
31381.737	29	36	0.1319	144.0000	20.0000
31491.168	28	36	0.1324	144.0000	20.0000
31494.190	27	36	0.1325	144.0000	20.0000
31640.204	26	36	0.1331	144.0000	20.0000
31763.517	25	36	0.1336	144.0000	20.0000
31766.985	24	36	0.1336	144.0000	20.0000
31766.985	23	36	0.1336	144.0000	20.0000
31766.985	22	36	0.1336	144.0000	20.0000
31885.961	21	36	0.1340	144.0000	20.0000
31928.267	20	36	0.1342	144.0000	20.0000
31928.267	19	36	0.1342	144.0000	20.0000
31941.082	18	36	0.1342	144.0000	20.0000
31978.591	17	36	0.1343	144.0000	20.0000
31978.591	16	36	0.1343	144.0000	20.0000
31988.699	15	36	0.1343	144.0000	20.0000
31997.599	14	36	0.1343	144.0000	20.0000
32003.157	13	36	0.1344	144.0000	20.0000
32012.892	12	36	0.1344	144.0000	20.0000
32019.831	11	36	0.1344	144.0000	20.0000
32279.036	10	36	0.1348	144.0000	20.0000
32279.036	9	36	0.1348	144.0000	20.0000
32279.036	8	36	0.1348	144.0000	20.0000
32432.281	7	36	0.1350	144.0000	22.5000
32552.644	6	36	0.1352	144.0000	22.5000
32612.403	5	36	0.1352	144.0000	22.5000
32884.384	4	36	0.1354	144.0000	22.5000
32884.384	3	36	0.1354	144.0000	22.5000
32884.384	2	36	0.1354	144.0000	22.5000
32948.307	1	36	0.1355	144.0000	22.5000
33128.200	0	36	0.1355	144.0000	22.5000
33128.200	0	37	0.1355	148.0000	22.5000
33128.200	0	38	0.1355	152.0000	22.5000
33192.185	0	39	0.1355	156.0000	22.5000
33210.164	0	40	0.1355	160.0000	22.5000
33233.234	0	41	0.1355	164.0000	22.5000
33332.902	0	42	0.1355	168.0000	22.5000
33347.321	0	43	0.1355	172.0000	22.5000
33489.117	0	44	0.1355	176.0000	22.5000
33520.210	0	45	0.1355	180.0000	22.5000
33520.210	0	46	0.1355	184.0000	22.5000
33532.694	0	47	0.1355	188.0000	22.5000
33583.720	0	48	0.1355	192.0000	22.5000
33664.556	0	49	0.1355	196.0000	22.5000
33664.556	0	50	0.1355	200.0000	22.5000
33842.516	0	51	0.1355	204.0000	22.5000
33901.584	0	52	0.1355	208.0000	22.5000
33951.302	0	53	0.1355	212.0000	22.5000
33951.302	0	54	0.1355	216.0000	22.5000
34003.865	0	55	0.1355	220.0000	22.5000
34197.833	0	56	0.1355	224.0000	22.5000
34300.133	0	57	0.1355	228.0000	22.5000
34300.133	0	58	0.1355	232.0000	22.5000
34392.023	0	59	0.1355	236.0000	22.5000
34392.023	0	60	0.1355	240.0000	22.5000
34392.023	0	61	0.1355	244.0000	22.5000
34419.643	0	62	0.1355	248.0000	22.5000
34487.033	0	63	0.1355	252.0000	22.5000
34547.038	0	64	0.1355	256.0000	22.5000
34577.412	0	65	0.1355	260.0000	22.5000
34596.972	1	65	0.1355	260.0000	22.5000
34608.849	2	65	0.1355	260.0000	22.5000
34620.726	3	65	0.1355	260.0000	22.5000
34632.603	4	65	0.1355	260.0000	22.5000
34644.480	5	65	0.1355	260.0000	22.5000
34656.357	6	65	0.1355	260.0000	22.5000
34668.234	7	65	0.1355	260.0000	22.5000
34680.112	8	65	0.1355	260.0000	22.5000
34691.989	9	65	0.1355	260.0000	22.5000
34703.866	10	65	0.1356	260.0000	22.5000
34715.743	11	65	0.1356	260.0000	22.5000
34727.620	12	65	0.1356	260.0000	22.5000
34739.497	13	65	0.1356	260.0000	22.5000
34751.374	14	65	0.1357	260.0000	22.5000
34763.251	15	65	0.1357	260.0000	22.5000
34775.129	16	65	0.1357	260.0000	22.5000
34787.006	17	65	0.1357	260.0000	22.5000
34798.883	18	65	0.1358	260.0000	22.5000
34810.760	19	65	0.1358	260.0000	22.5000
34822.637	20	65	0.1358	260.0000	22.5000
34832.098	21	65	0.1359	260.0000	22.5000
34841.559	22	65	0.1359	260.0000	22.5000
34851.020	23	65	0.1359	260.0000	22.5000
34860.482	24	65	0.1360	260.0000	22.5000
34869.943	25	65	0.1360	260.0000	22.5000
34879.404	26	65	0.1360	260.0000	22.5000
34888.865	27	65	0.1361	260.0000	22.5000
34898.326	28	65	0.1361	260.0000	22.5000
34907.787	29	65	0.1362	260.0000	22.5000
34915.072	28	65	0.1362	260.0000	22.5000
34915.072	27	65	0.1362	260.0000	22.5000
34915.072	26	65	0.1362	260.0000	22.5000
34917.248	27	65	0.1362	260.0000	22.5000
34926.709	28	65	0.1362	260.0000	22.5000
34936.170	29	65	0.1363	260.0000	22.5000
34945.631	30	65	0.1363	260.0000	22.5000
34955.093	31	65	0.1364	260.0000	22.5000
34964.554	32	65	0.1364	260.0000	22.5000
34974.015	33	65	0.1365	260.0000	22.5000
34983.476	34	65	0.1365	260.0000	22.5000
34992.937	35	65	0.1366	260.0000	22.5000
35002.398	36	65	0.1366	260.0000	22.5000
35011.859	37	65	0.1367	260.0000	22.5000
35023.512	36	65	0.1367	260.0000	22.5000
35027.046	35	65	0.1368	260.0000	22.5000
35055.562	36	65	0.1369	260.0000	22.5000
35059.395	35	65	0.1369	260.0000	22.5000
35065.543	36	65	0.1370	260.0000	22.5000
35075.524	37	65	0.1370	260.0000	22.5000
35084.450	36	65	0.1371	260.0000	22.5000
35085.504	37	65	0.1371	260.0000	22.5000
35095.485	38	65	0.1371	260.0000	22.5000
35105.466	39	65	0.1372	260.0000	22.5000
35115.447	40	65	0.1373	260.0000	22.5000
35119.007	39	65	0.1373	260.0000	22.5000
35119.007	38	65	0.1373	260.0000	22.5000
35125.428	39	65	0.1373	260.0000	22.5000
35135.408	40	65	0.1374	260.0000	22.5000
35145.389	41	65	0.1374	260.0000	22.5000
35155.370	42	65	0.1375	260.0000	22.5000
35165.351	43	65	0.1376	260.0000	22.5000
35181.653	42	65	0.1377	260.0000	22.5000
35238.816	41	65	0.1381	260.0000	22.5000
35327.359	40	65	0.1386	260.0000	22.5000
35365.668	39	65	0.1389	260.0000	22.5000
35415.740	38	65	0.1392	260.0000	22.5000
35459.631	37	65	0.1394	260.0000	22.5000
35557.750	36	65	0.1400	260.0000	22.5000
35563.338	35	65	0.1401	260.0000	22.5000
35563.338	34	65	0.1401	260.0000	22.5000
35589.181	33	65	0.1402	260.0000	22.5000
35615.228	32	65	0.1403	260.0000	22.5000
35628.464	31	65	0.1404	260.0000	22.5000
35809.454	30	65	0.1413	260.0000	22.5000
35951.159	29	65	0.1419	260.0000	22.5000
35951.159	28	65	0.1419	260.0000	22.5000
36026.457	27	65	0.1423	260.0000	25.0000
36026.457	26	65	0.1423	260.0000	25.0000
36132.533	25	65	0.1427	260.0000	25.0000
36132.533	24	65	0.1427	260.0000	25.0000
36247.025	23	65	0.1431	260.0000	25.0000
36351.319	22	65	0.1435	260.0000	25.0000
36425.373	21	65	0.1438	260.0000	25.0000
36452.328	20	65	0.1439	260.0000	25.0000
36709.606	19	65	0.1447	260.0000	25.0000
36827.853	18	65	0.1450	260.0000	25.0000
36827.853	17	65	0.1450	260.0000	25.0000
36827.853	16	65	0.1450	260.0000	25.0000
36937.355	15	65	0.1453	260.0000	25.0000
36974.908	14	65	0.1454	260.0000	25.0000
36985.236	13	65	0.1454	260.0000	25.0000
37086.330	12	65	0.1456	260.0000	25.0000
37183.840	11	65	0.1458	260.0000	25.0000
37187.589	10	65	0.1458	260.0000	25.0000
37187.589	9	65	0.1458	260.0000	25.0000
37286.702	8	65	0.1460	260.0000	25.0000
37378.500	7	65	0.1461	260.0000	25.0000
37378.500	6	65	0.1461	260.0000	25.0000
37542.535	5	65	0.1462	260.0000	25.0000
37542.535	4	65	0.1462	260.0000	25.0000
37613.347	3	65	0.1463	260.0000	25.0000
37871.060	2	65	0.1464	260.0000	25.0000
37871.060	1	65	0.1464	260.0000	25.0000
37871.060	0	65	0.1464	260.0000	25.0000
37903.147	0	66	0.1464	264.0000	25.0000
37955.308	1	66	0.1464	264.0000	25.0000
37967.485	2	66	0.1464	264.0000	25.0000
37979.663	3	66	0.1464	264.0000	25.0000
37991.840	4	66	0.1464	264.0000	25.0000
38004.018	5	66	0.1464	264.0000	25.0000
38016.196	6	66	0.1464	264.0000	25.0000
38028.373	7	66	0.1464	264.0000	25.0000
38035.287	6	66	0.1464	264.0000	25.0000
38035.287	5	66	0.1464	264.0000	25.0000
38040.551	6	66	0.1464	264.0000	25.0000
38052.728	7	66	0.1465	264.0000	25.0000
38064.906	8	66	0.1465	264.0000	25.0000
38077.083	9	66	0.1465	264.0000	25.0000
38089.261	10	66	0.1465	264.0000	25.0000
38107.056	11	66	0.1465	264.0000	25.0000
38124.852	12	66	0.1466	264.0000	25.0000
38139.044	11	66	0.1466	264.0000	25.0000
38142.647	12	66	0.1466	264.0000	25.0000
38160.443	13	66	0.1466	264.0000	25.0000
38166.187	12	66	0.1466	264.0000	25.0000
38178.238	13	66	0.1467	264.0000	25.0000
38196.033	14	66	0.1467	264.0000	25.0000
38213.829	15	66	0.1467	264.0000	25.0000
38231.624	16	66	0.1468	264.0000	25.0000
38249.420	17	66	0.1468	264.0000	25.0000
38261.005	16	66	0.1469	264.0000	25.0000
38261.005	15	66	0.1469	264.0000	25.0000
38261.005	14	66	0.1469	264.0000	25.0000
38267.215	15	66	0.1469	264.0000	25.0000
38285.011	16	66	0.1469	264.0000	25.0000
38302.806	17	66	0.1470	264.0000	25.0000
38320.602	18	66	0.1470	264.0000	25.0000
38326.786	17	66	0.1470	264.0000	25.0000
38338.397	18	66	0.1471	264.0000	25.0000
38356.192	19	66	0.1471	264.0000	25.0000
38373.988	20	66	0.1472	264.0000	25.0000
38391.783	21	66	0.1472	264.0000	25.0000
38394.945	20	66	0.1472	264.0000	25.0000
38409.579	21	66	0.1473	264.0000	25.0000
38427.374	22	66	0.1473	264.0000	25.0000
38445.170	23	66	0.1474	264.0000	25.0000
38487.569	22	66	0.1475	264.0000	25.0000
38487.569	21	66	0.1475	264.0000	25.0000
38502.415	20	66	0.1476	264.0000	25.0000
38579.557	19	66	0.1478	264.0000	25.0000
38685.789	18	66	0.1482	264.0000	25.0000
38816.038	17	66	0.1485	264.0000	25.0000
38816.038	16	66	0.1485	264.0000	25.0000
38816.038	15	66	0.1485	264.0000	25.0000
38816.038	14	66	0.1485	264.0000	25.0000
38858.609	13	66	0.1486	264.0000	25.0000
38868.781	12	66	0.1486	264.0000	25.0000
38966.604	11	66	0.1488	264.0000	25.0000
38977.615	10	66	0.1488	264.0000	25.0000
39133.438	9	66	0.1491	264.0000	25.0000
39133.438	8	66	0.1491	264.0000	25.0000
39133.438	7	66	0.1491	264.0000	25.0000
39298.463	6	66	0.1493	264.0000	25.0000
39366.618	5	66	0.1493	264.0000	25.0000
39490.790	4	66	0.1494	264.0000	25.0000
39520.899	3	66	0.1494	264.0000	25.0000
39539.234	2	66	0.1495	264.0000	25.0000
39539.234	1	66	0.1495	264.0000	25.0000
39644.365	0	66	0.1495	264.0000	27.5000
39929.768	0	67	0.1495	268.0000	27.5000
39929.768	0	68	0.1495	272.0000	27.5000
39929.768	0	69	0.1495	276.0000	27.5000
39969.541	0	70	0.1495	280.0000	27.5000
40002.806	0	71	0.1495	284.0000	27.5000
40092.367	0	72	0.1495	288.0000	27.5000
40232.323	0	73	0.1495	292.0000	27.5000
40395.148	0	74	0.1495	296.0000	27.5000
40535.329	0	75	0.1495	300.0000	27.5000
40535.329	0	76	0.1495	304.0000	27.5000
40644.316	0	77	0.1495	308.0000	27.5000
40644.316	0	78	0.1495	312.0000	27.5000
40644.316	0	79	0.1495	316.0000	27.5000
40723.735	0	80	0.1495	320.0000	27.5000
40755.006	0	81	0.1495	324.0000	27.5000
40772.833	0	82	0.1495	328.0000	27.5000
40806.741	0	83	0.1495	332.0000	27.5000
40902.958	0	84	0.1495	336.0000	27.5000
41092.796	0	85	0.1495	340.0000	27.5000
41102.668	0	86	0.1495	344.0000	27.5000
41132.141	0	87	0.1495	348.0000	27.5000
41132.141	0	88	0.1495	352.0000	27.5000
41226.889	0	89	0.1495	356.0000	27.5000
41226.889	0	90	0.1495	360.0000	27.5000
41237.299	0	91	0.1495	364.0000	27.5000
41305.087	0	92	0.1495	368.0000	27.5000
41354.978	0	93	0.1495	372.0000	27.5000
41458.013	0	94	0.1495	376.0000	27.5000
41548.904	0	95	0.1495	380.0000	27.5000
41559.157	0	96	0.1495	384.0000	27.5000
41647.317	1	96	0.1495	384.0000	27.5000
41654.436	0	96	0.1495	384.0000	27.5000
41666.243	1	96	0.1495	384.0000	27.5000
41685.168	2	96	0.1495	384.0000	27.5000
41704.094	3	96	0.1495	384.0000	27.5000
41721.544	2	96	0.1495	384.0000	27.5000
41721.544	1	96	0.1495	384.0000	27.5000
41723.019	2	96	0.1495	384.0000	27.5000
41741.945	3	96	0.1495	384.0000	27.5000
41760.871	4	96	0.1495	384.0000	27.5000
41779.796	5	96	0.1495	384.0000	27.5000
41798.722	6	96	0.1495	384.0000	27.5000
41806.874	5	96	0.1495	384.0000	27.5000
41817.647	6	96	0.1495	384.0000	27.5000
41836.573	7	96	0.1496	384.0000	27.5000
41855.498	8	96	0.1496	384.0000	27.5000
41874.424	9	96	0.1496	384.0000	27.5000
41893.350	10	96	0.1496	384.0000	27.5000
41912.275	11	96	0.1497	384.0000	27.5000
41931.201	12	96	0.1497	384.0000	27.5000
41950.126	13	96	0.1497	384.0000	27.5000
41969.052	14	96	0.1498	384.0000	27.5000
41987.978	15	96	0.1498	384.0000	27.5000
41998.461	14	96	0.1498	384.0000	27.5000
41998.461	13	96	0.1498	384.0000	27.5000
42006.903	14	96	0.1499	384.0000	27.5000
42017.140	15	96	0.1499	384.0000	27.5000
42027.376	16	96	0.1499	384.0000	27.5000
42037.613	17	96	0.1499	384.0000	27.5000
42042.498	16	96	0.1499	384.0000	27.5000
42047.850	17	96	0.1500	384.0000	27.5000
42058.086	18	96	0.1500	384.0000	27.5000
42068.323	19	96	0.1500	384.0000	27.5000
42078.560	20	96	0.1500	384.0000	27.5000
42088.796	21	96	0.1501	384.0000	27.5000
42099.033	22	96	0.1501	384.0000	27.5000
42109.270	23	96	0.1501	384.0000	27.5000
42113.784	22	96	0.1502	384.0000	27.5000
42119.506	23	96	0.1502	384.0000	27.5000
42129.743	24	96	0.1502	384.0000	27.5000
42139.980	25	96	0.1503	384.0000	27.5000
42150.216	26	96	0.1503	384.0000	27.5000
42160.453	27	96	0.1503	384.0000	27.5000
42170.690	28	96	0.1504	384.0000	27.5000
42180.926	29	96	0.1504	384.0000	27.5000
42191.163	30	96	0.1505	384.0000	27.5000
42193.913	29	96	0.1505	384.0000	27.5000
42201.400	30	96	0.1505	384.0000	27.5000
42211.636	31	96	0.1506	384.0000	27.5000
42225.157	32	96	0.1506	384.0000	27.5000
42238.677	33	96	0.1507	384.0000	27.5000
42252.198	34	96	0.1508	384.0000	27.5000
42265.718	35	96	0.1508	384.0000	27.5000
42279.239	36	96	0.1509	384.0000	27.5000
42292.759	37	96	0.1510	384.0000	27.5000
42306.280	38	96	0.1511	384.0000	27.5000
42319.800	39	96	0.1512	384.0000	27.5000
42333.321	40	96	0.1512	384.0000	27.5000
42346.841	41	96	0.1513	384.0000	27.5000
42360.362	42	96	0.1514	384.0000	27.5000
42373.882	43	96	0.1515	384.0000	27.5000
42387.403	44	96	0.1516	384.0000	27.5000
42400.923	45	96	0.1517	384.0000	27.5000
42414.444	46	96	0.1518	384.0000	27.5000
42422.606	45	96	0.1518	384.0000	27.5000
42427.964	46	96	0.1519	384.0000	27.5000
42441.484	47	96	0.1520	384.0000	27.5000
42455.005	48	96	0.1521	384.0000	27.5000
42468.525	49	96	0.1522	384.0000	27.5000
42495.209	48	96	0.1524	384.0000	27.5000
42552.886	47	96	0.1528	384.0000	27.5000
42619.009	46	96	0.1533	384.0000	27.5000
42624.656	45	96	0.1534	384.0000	27.5000
42624.656	44	96	0.1534	384.0000	27.5000
42683.895	43	96	0.1538	384.0000	27.5000
42683.895	42	96	0.1538	384.0000	27.5000
42784.767	41	96	0.1544	384.0000	27.5000
42834.750	40	96	0.1548	384.0000	27.5000
42879.647	39	96	0.1550	384.0000	27.5000
42952.033	38	96	0.1555	384.0000	27.5000
43131.350	37	96	0.1566	384.0000	27.5000
43161.440	36	96	0.1567	384.0000	27.5000
43201.252	35	96	0.1570	384.0000	27.5000
43201.252	34	96	0.1570	384.0000	27.5000
43303.253	33	96	0.1575	384.0000	27.5000
43303.253	32	96	0.1575	384.0000	27.5000
