# s=55 S=70 h=0.0041 p=2.4000 c=2.5000
# time_s	level	cum_oos	holding_eur	shortage_eur	order_eur
0.000	70	0	0.0000	0.0000	0.0000
736.717	69	0	0.0049	0.0000	0.0000
779.008	68	0	0.0052	0.0000	0.0000
979.467	67	0	0.0065	0.0000	0.0000
1901.533	66	0	0.0123	0.0000	0.0000
2497.262	65	0	0.0161	0.0000	0.0000
3148.019	64	0	0.0201	0.0000	0.0000
3197.458	63	0	0.0204	0.0000	0.0000
3472.315	62	0	0.0220	0.0000	0.0000
3959.104	61	0	0.0249	0.0000	0.0000
3959.104	60	0	0.0249	0.0000	0.0000
3959.104	59	0	0.0249	0.0000	0.0000
4156.393	58	0	0.0260	0.0000	0.0000
4287.928	57	0	0.0267	0.0000	0.0000
4315.794	56	0	0.0269	0.0000	0.0000
4349.312	55	0	0.0270	0.0000	0.0000
4654.530	54	0	0.0286	0.0000	0.0000
4654.530	53	0	0.0286	0.0000	0.0000
4691.169	52	0	0.0288	0.0000	0.0000
4691.169	51	0	0.0288	0.0000	0.0000
4781.221	50	0	0.0293	0.0000	0.0000
4889.206	49	0	0.0298	0.0000	0.0000
5261.099	48	0	0.0315	0.0000	0.0000
5261.099	47	0	0.0315	0.0000	0.0000
5273.283	46	0	0.0315	0.0000	0.0000
5395.530	45	0	0.0321	0.0000	0.0000
5395.530	44	0	0.0321	0.0000	0.0000
5566.833	43	0	0.0328	0.0000	0.0000
5618.882	42	0	0.0330	0.0000	0.0000
6153.991	41	0	0.0351	0.0000	0.0000
6153.991	40	0	0.0351	0.0000	0.0000
6350.672	39	0	0.0359	0.0000	0.0000
6350.672	38	0	0.0359	0.0000	0.0000
6563.282	37	0	0.0367	0.0000	0.0000
6656.259	36	0	0.0370	0.0000	0.0000
6656.259	35	0	0.0370	0.0000	0.0000
6656.259	34	0	0.0370	0.0000	0.0000
6731.666	33	0	0.0372	0.0000	0.0000
6731.666	32	0	0.0372	0.0000	0.0000
6908.608	31	0	0.0378	0.0000	0.0000
6951.090	30	0	0.0379	0.0000	0.0000
6951.090	29	0	0.0379	0.0000	0.0000
6951.090	28	0	0.0379	0.0000	0.0000
6965.268	27	0	0.0379	0.0000	0.0000
7080.359	26	0	0.0382	0.0000	0.0000
7080.359	25	0	0.0382	0.0000	0.0000
7080.359	24	0	0.0382	0.0000	0.0000
7080.359	23	0	0.0382	0.0000	0.0000
7080.359	22	0	0.0382	0.0000	0.0000
7080.359	21	0	0.0382	0.0000	0.0000
7080.359	20	0	0.0382	0.0000	0.0000
7121.267	19	0	0.0383	0.0000	0.0000
7121.267	18	0	0.0383	0.0000	0.0000
7121.267	17	0	0.0383	0.0000	0.0000
7166.827	16	0	0.0384	0.0000	0.0000
7314.326	15	0	0.0386	0.0000	2.5000
7485.607	14	0	0.0388	0.0000	2.5000
7485.607	13	0	0.0388	0.0000	2.5000
7485.607	12	0	0.0388	0.0000	2.5000
8189.931	11	0	0.0396	0.0000	2.5000
8215.445	10	0	0.0397	0.0000	2.5000
8248.061	9	0	0.0397	0.0000	2.5000
8359.278	8	0	0.0398	0.0000	2.5000
8359.278	7	0	0.0398	0.0000	2.5000
8428.732	8	0	0.0398	0.0000	2.5000
8431.879	7	0	0.0398	0.0000	2.5000
8441.703	8	0	0.0399	0.0000	2.5000
8448.896	7	0	0.0399	0.0000	2.5000
8454.674	8	0	0.0399	0.0000	2.5000
8467.645	9	0	0.0399	0.0000	2.5000
8480.616	10	0	0.0399	0.0000	2.5000
8493.587	11	0	0.0399	0.0000	2.5000
8506.558	12	0	0.0399	0.0000	2.5000
8519.529	13	0	0.0399	0.0000	2.5000
8532.500	14	0	0.0399	0.0000	2.5000
8545.471	15	0	0.0400	0.0000	2.5000
8558.442	16	0	0.0400	0.0000	2.5000
8571.413	17	0	0.0400	0.0000	2.5000
8584.384	18	0	0.0400	0.0000	2.5000
8597.355	19	0	0.0400	0.0000	2.5000
8605.104	18	0	0.0401	0.0000	2.5000
8605.104	17	0	0.0401	0.0000	2.5000
8610.326	18	0	0.0401	0.0000	2.5000
8623.297	19	0	0.0401	0.0000	2.5000
8636.268	20	0	0.0401	0.0000	2.5000
8649.239	21	0	0.0401	0.0000	2.5000
8662.210	22	0	0.0402	0.0000	2.5000
8675.181	23	0	0.0402	0.0000	2.5000
8778.419	22	0	0.0404	0.0000	2.5000
8778.419	21	0	0.0404	0.0000	2.5000
8793.959	20	0	0.0404	0.0000	2.5000
8827.323	21	0	0.0405	0.0000	2.5000
8833.458	20	0	0.0405	0.0000	2.5000
8833.458	19	0	0.0405	0.0000	2.5000
8843.972	20	0	0.0405	0.0000	2.5000
8860.620	21	0	0.0406	0.0000	2.5000
8874.419	20	0	0.0406	0.0000	2.5000
8877.269	21	0	0.0406	0.0000	2.5000
8893.918	22	0	0.0406	0.0000	2.5000
8910.567	23	0	0.0407	0.0000	2.5000
8925.413	22	0	0.0407	0.0000	2.5000
8927.215	23	0	0.0407	0.0000	2.5000
8943.864	24	0	0.0407	0.0000	2.5000
8960.513	25	0	0.0408	0.0000	2.5000
8977.162	26	0	0.0408	0.0000	2.5000
8993.810	27	0	0.0409	0.0000	2.5000
9002.294	26	0	0.0409	0.0000	2.5000
9010.459	27	0	0.0409	0.0000	2.5000
9027.108	28	0	0.0409	0.0000	2.5000
9043.757	29	0	0.0410	0.0000	2.5000
9060.405	30	0	0.0410	0.0000	2.5000
9077.054	31	0	0.0411	0.0000	2.5000
9092.405	30	0	0.0411	0.0000	2.5000
9093.703	31	0	0.0411	0.0000	2.5000
9103.973	30	0	0.0412	0.0000	2.5000
9110.352	31	0	0.0412	0.0000	2.5000
9127.000	32	0	0.0412	0.0000	2.5000
9143.649	33	0	0.0413	0.0000	2.5000
9151.764	32	0	0.0413	0.0000	2.5000
9315.455	31	0	0.0418	0.0000	2.5000
9422.291	32	0	0.0421	0.0000	2.5000
9439.019	33	0	0.0422	0.0000	2.5000
9455.747	34	0	0.0422	0.0000	2.5000
9472.475	35	0	0.0423	0.0000	2.5000
9489.203	36	0	0.0423	0.0000	2.5000
9505.931	37	0	0.0424	0.0000	2.5000
9522.659	38	0	0.0424	0.0000	2.5000
9539.387	39	0	0.0425	0.0000	2.5000
9539.558	38	0	0.0425	0.0000	2.5000
9539.558	37	0	0.0425	0.0000	2.5000
9556.115	38	0	0.0426	0.0000	2.5000
9570.349	37	0	0.0426	0.0000	2.5000
9572.843	38	0	0.0426	0.0000	2.5000
9589.571	39	0	0.0427	0.0000	2.5000
9606.299	40	0	0.0427	0.0000	2.5000
9623.027	41	0	0.0428	0.0000	2.5000
9639.755	42	0	0.0429	0.0000	2.5000
9795.446	41	0	0.0435	0.0000	2.5000
9828.995	40	0	0.0436	0.0000	2.5000
10075.738	39	0	0.0446	0.0000	2.5000
10075.738	38	0	0.0446	0.0000	2.5000
10103.415	37	0	0.0447	0.0000	2.5000
10216.059	36	0	0.0451	0.0000	2.5000
10414.576	35	0	0.0457	0.0000	2.5000
10414.576	34	0	0.0457	0.0000	2.5000
10414.576	33	0	0.0457	0.0000	2.5000
10414.576	32	0	0.0457	0.0000	2.5000
10629.057	31	0	0.0464	0.0000	2.5000
10864.770	30	0	0.0471	0.0000	5.0000
11052.029	29	0	0.0476	0.0000	5.0000
11052.029	28	0	0.0476	0.0000	5.0000
11144.506	27	0	0.0479	0.0000	5.0000
11178.523	26	0	0.0479	0.0000	5.0000
11248.030	25	0	0.0481	0.0000	5.0000
11261.599	24	0	0.0481	0.0000	5.0000
11337.534	23	0	0.0483	0.0000	5.0000
11447.938	22	0	0.0486	0.0000	5.0000
11640.441	21	0	0.0490	0.0000	5.0000
11757.375	20	0	0.0492	0.0000	5.0000
11773.097	21	0	0.0492	0.0000	5.0000
11785.252	22	0	0.0492	0.0000	5.0000
11797.406	23	0	0.0493	0.0000	5.0000
11809.561	24	0	0.0493	0.0000	5.0000
11821.716	25	0	0.0493	0.0000	5.0000
11833.871	26	0	0.0494	0.0000	5.0000
11846.026	27	0	0.0494	0.0000	5.0000
11858.181	28	0	0.0494	0.0000	5.0000
11870.335	29	0	0.0495	0.0000	5.0000
11882.490	30	0	0.0495	0.0000	5.0000
11894.645	31	0	0.0495	0.0000	5.0000
11902.678	30	0	0.0495	0.0000	5.0000
11906.800	31	0	0.0496	0.0000	5.0000
11918.955	32	0	0.0496	0.0000	5.0000
11931.110	33	0	0.0496	0.0000	5.0000
11943.265	34	0	0.0497	0.0000	5.0000
11955.419	35	0	0.0497	0.0000	5.0000
11967.574	36	0	0.0497	0.0000	5.0000
11979.729	37	0	0.0498	0.0000	5.0000
11991.884	38	0	0.0498	0.0000	5.0000
12004.039	39	0	0.0499	0.0000	5.0000
12015.096	40	0	0.0499	0.0000	5.0000
12026.153	41	0	0.0500	0.0000	5.0000
12037.211	42	0	0.0500	0.0000	5.0000
12048.268	43	0	0.0500	0.0000	5.0000
12059.325	44	0	0.0501	0.0000	5.0000
12070.383	45	0	0.0501	0.0000	5.0000
12081.440	46	0	0.0502	0.0000	5.0000
12092.497	47	0	0.0502	0.0000	5.0000
12103.555	48	0	0.0503	0.0000	5.0000
12114.612	49	0	0.0503	0.0000	5.0000
12125.669	50	0	0.0504	0.0000	5.0000
12136.727	51	0	0.0504	0.0000	5.0000
12147.784	52	0	0.0505	0.0000	5.0000
12158.841	53	0	0.0505	0.0000	5.0000
12169.898	54	0	0.0506	0.0000	5.0000
12180.956	55	0	0.0507	0.0000	5.0000
12190.124	54	0	0.0507	0.0000	5.0000
12190.124	53	0	0.0507	0.0000	5.0000
12190.124	52	0	0.0507	0.0000	5.0000
12190.124	51	0	0.0507	0.0000	5.0000
12190.124	50	0	0.0507	0.0000	5.0000
12190.124	49	0	0.0507	0.0000	5.0000
12192.013	50	0	0.0507	0.0000	5.0000
12203.070	51	0	0.0508	0.0000	5.0000
12214.128	52	0	0.0508	0.0000	5.0000
12223.880	51	0	0.0509	0.0000	5.0000
12294.307	50	0	0.0512	0.0000	5.0000
12294.307	49	0	0.0512	0.0000	5.0000
12334.238	48	0	0.0514	0.0000	5.0000
12334.238	47	0	0.0514	0.0000	5.0000
12334.238	46	0	0.0514	0.0000	5.0000
12334.238	45	0	0.0514	0.0000	5.0000
12353.585	44	0	0.0515	0.0000	5.0000
12353.585	43	0	0.0515	0.0000	5.0000
12503.338	42	0	0.0521	0.0000	5.0000
12518.568	41	0	0.0521	0.0000	5.0000
12588.146	40	0	0.0524	0.0000	5.0000
12588.146	39	0	0.0524	0.0000	5.0000
12669.070	38	0	0.0527	0.0000	5.0000
12761.165	37	0	0.0530	0.0000	5.0000
12761.165	36	0	0.0530	0.0000	5.0000
12761.165	35	0	0.0530	0.0000	5.0000
12761.165	34	0	0.0530	0.0000	5.0000
12827.315	33	0	0.0533	0.0000	5.0000
13003.891	32	0	0.0538	0.0000	5.0000
13003.891	31	0	0.0538	0.0000	5.0000
13003.891	30	0	0.0538	0.0000	5.0000
13003.891	29	0	0.0538	0.0000	5.0000
13029.962	28	0	0.0539	0.0000	5.0000
13055.637	27	0	0.0540	0.0000	5.0000
13147.680	26	0	0.0542	0.0000	5.0000
13372.596	25	0	0.0547	0.0000	5.0000
13394.327	24	0	0.0548	0.0000	5.0000
13450.504	23	0	0.0549	0.0000	5.0000
13678.526	22	0	0.0554	0.0000	5.0000
13678.526	21	0	0.0554	0.0000	5.0000
13678.526	20	0	0.0554	0.0000	5.0000
13989.044	19	0	0.0560	0.0000	5.0000
14116.555	18	0	0.0562	0.0000	5.0000
14116.555	17	0	0.0562	0.0000	5.0000
14266.541	16	0	0.0565	0.0000	5.0000
14341.635	15	0	0.0566	0.0000	5.0000
14643.883	14	0	0.0570	0.0000	7.5000
14643.883	13	0	0.0570	0.0000	7.5000
14729.425	12	0	0.0571	0.0000	7.5000
14774.282	11	0	0.0572	0.0000	7.5000
14774.282	10	0	0.0572	0.0000	7.5000
14786.275	9	0	0.0572	0.0000	7.5000
15030.602	8	0	0.0574	0.0000	7.5000
15030.602	7	0	0.0574	0.0000	7.5000
15047.804	6	0	0.0574	0.0000	7.5000
15105.314	5	0	0.0574	0.0000	7.5000
15173.993	4	0	0.0575	0.0000	7.5000
15289.229	3	0	0.0575	0.0000	7.5000
15289.229	2	0	0.0575	0.0000	7.5000
15302.493	1	0	0.0575	0.0000	7.5000
15408.765	0	0	0.0575	0.0000	7.5000
15408.765	0	1	0.0575	2.4000	7.5000
15457.432	0	2	0.0575	4.8000	7.5000
15537.769	0	3	0.0575	7.2000	7.5000
15537.769	0	4	0.0575	9.6000	7.5000
15537.769	0	5	0.0575	12.0000	7.5000
15537.769	0	6	0.0575	14.4000	7.5000
15550.584	0	7	0.0575	16.8000	7.5000
15645.583	0	8	0.0575	19.2000	7.5000
15645.583	0	9	0.0575	21.6000	7.5000
15645.583	0	10	0.0575	24.0000	7.5000
15675.787	0	11	0.0575	26.4000	7.5000
15705.177	0	12	0.0575	28.8000	7.5000
15795.447	0	13	0.0575	31.2000	7.5000
15846.957	0	14	0.0575	33.6000	7.5000
15846.957	0	15	0.0575	36.0000	7.5000
15846.957	0	16	0.0575	38.4000	7.5000
15846.957	0	17	0.0575	40.8000	7.5000
15846.957	0	18	0.0575	43.2000	7.5000
15846.957	0	19	0.0575	45.6000	7.5000
15846.957	0	20	0.0575	48.0000	7.5000
15954.294	0	21	0.0575	50.4000	7.5000
15996.231	0	22	0.0575	52.8000	7.5000
16041.828	0	23	0.0575	55.2000	7.5000
16060.294	1	23	0.0575	55.2000	7.5000
16078.760	2	23	0.0575	55.2000	7.5000
16097.226	3	23	0.0575	55.2000	7.5000
16115.692	4	23	0.0575	55.2000	7.5000
16134.158	5	23	0.0576	55.2000	7.5000
16152.623	6	23	0.0576	55.2000	7.5000
16171.089	7	23	0.0576	55.2000	7.5000
16189.555	8	23	0.0576	55.2000	7.5000
16208.021	9	23	0.0576	55.2000	7.5000
16226.487	10	23	0.0576	55.2000	7.5000
16244.953	11	23	0.0576	55.2000	7.5000
16263.419	12	23	0.0577	55.2000	7.5000
16281.884	13	23	0.0577	55.2000	7.5000
16300.350	14	23	0.0577	55.2000	7.5000
16318.816	15	23	0.0577	55.2000	7.5000
16337.282	16	23	0.0577	55.2000	7.5000
16355.748	17	23	0.0578	55.2000	7.5000
16360.579	16	23	0.0578	55.2000	7.5000
16360.579	15	23	0.0578	55.2000	7.5000
16360.579	14	23	0.0578	55.2000	7.5000
16374.214	15	23	0.0578	55.2000	7.5000
16392.680	16	23	0.0578	55.2000	7.5000
16411.145	17	23	0.0579	55.2000	7.5000
16428.720	18	23	0.0579	55.2000	7.5000
16446.295	19	23	0.0579	55.2000	7.5000
16463.870	20	23	0.0579	55.2000	7.5000
16481.445	21	23	0.0580	55.2000	7.5000
16499.019	22	23	0.0580	55.2000	7.5000
16516.594	23	23	0.0581	55.2000	7.5000
16534.169	24	23	0.0581	55.2000	7.5000
16551.744	25	23	0.0581	55.2000	7.5000
16569.318	26	23	0.0582	55.2000	7.5000
16586.893	27	23	0.0582	55.2000	7.5000
16601.625	26	23	0.0583	55.2000	7.5000
16601.625	25	23	0.0583	55.2000	7.5000
16601.625	24	23	0.0583	55.2000	7.5000
16604.468	25	23	0.0583	55.2000	7.5000
16622.043	26	23	0.0583	55.2000	7.5000
16639.618	27	23	0.0583	55.2000	7.5000
16657.192	28	23	0.0584	55.2000	7.5000
16674.767	29	23	0.0584	55.2000	7.5000
16692.342	30	23	0.0585	55.2000	7.5000
16709.917	31	23	0.0585	55.2000	7.5000
16727.491	32	23	0.0586	55.2000	7.5000
16733.667	31	23	0.0586	55.2000	7.5000
16733.667	30	23	0.0586	55.2000	7.5000
16745.066	31	23	0.0586	55.2000	7.5000
16762.641	32	23	0.0587	55.2000	7.5000
16781.488	33	23	0.0587	55.2000	7.5000
16800.336	34	23	0.0588	55.2000	7.5000
16813.525	33	23	0.0588	55.2000	7.5000
16819.183	34	23	0.0589	55.2000	7.5000
16831.682	33	23	0.0589	55.2000	7.5000
16838.031	34	23	0.0589	55.2000	7.5000
16856.878	35	23	0.0590	55.2000	7.5000
16875.725	36	23	0.0591	55.2000	7.5000
16894.573	37	23	0.0591	55.2000	7.5000
16909.434	36	23	0.0592	55.2000	7.5000
16909.434	35	23	0.0592	55.2000	7.5000
16913.420	36	23	0.0592	55.2000	7.5000
16932.268	37	23	0.0592	55.2000	7.5000
16951.115	38	23	0.0593	55.2000	7.5000
16969.962	39	23	0.0594	55.2000	7.5000
16981.055	38	23	0.0594	55.2000	7.5000
16988.810	39	23	0.0594	55.2000	7.5000
17007.657	40	23	0.0595	55.2000	7.5000
17026.505	41	23	0.0596	55.2000	7.5000
17045.352	42	23	0.0597	55.2000	7.5000
17084.263	41	23	0.0598	55.2000	7.5000
17084.263	40	23	0.0598	55.2000	7.5000
17197.151	39	23	0.0602	55.2000	7.5000
17197.151	38	23	0.0602	55.2000	7.5000
17197.151	37	23	0.0602	55.2000	7.5000
17222.317	36	23	0.0603	55.2000	7.5000
17327.845	35	23	0.0607	55.2000	7.5000
17524.933	34	23	0.0613	55.2000	7.5000
17535.981	33	23	0.0614	55.2000	7.5000
17551.187	32	23	0.0614	55.2000	7.5000
17618.719	31	23	0.0616	55.2000	7.5000
17741.743	30	23	0.0620	55.2000	7.5000
17875.016	29	23	0.0624	55.2000	7.5000
17923.050	28	23	0.0625	55.2000	7.5000
17923.050	27	23	0.0625	55.2000	7.5000
18005.433	26	23	0.0627	55.2000	10.0000
18005.433	25	23	0.0627	55.2000	10.0000
18015.062	24	23	0.0627	55.2000	10.0000
18119.299	23	23	0.0630	55.2000	10.0000
18119.299	22	23	0.0630	55.2000	10.0000
18211.867	21	23	0.0632	55.2000	10.0000
18211.867	20	23	0.0632	55.2000	10.0000
18228.937	19	23	0.0632	55.2000	10.0000
18344.397	18	23	0.0634	55.2000	10.0000
18655.453	17	23	0.0639	55.2000	10.0000
18655.453	16	23	0.0639	55.2000	10.0000
18655.453	15	23	0.0639	55.2000	10.0000
18655.453	14	23	0.0639	55.2000	10.0000
18655.453	13	23	0.0639	55.2000	10.0000
18846.375	12	23	0.0642	55.2000	10.0000
18846.375	11	23	0.0642	55.2000	10.0000
18846.375	10	23	0.0642	55.2000	10.0000
18889.904	9	23	0.0642	55.2000	10.0000
19037.343	8	23	0.0644	55.2000	10.0000
19306.423	7	23	0.0646	55.2000	10.0000
19306.423	6	23	0.0646	55.2000	10.0000
19477.763	5	23	0.0647	55.2000	10.0000
19477.763	4	23	0.0647	55.2000	10.0000
19727.903	5	23	0.0647	55.2000	10.0000
19737.668	6	23	0.0648	55.2000	10.0000
19747.434	7	23	0.0648	55.2000	10.0000
19757.199	8	23	0.0648	55.2000	10.0000
19766.964	9	23	0.0648	55.2000	10.0000
19776.730	10	23	0.0648	55.2000	10.0000
19786.495	11	23	0.0648	55.2000	10.0000
19796.260	12	23	0.0648	55.2000	10.0000
19806.026	13	23	0.0648	55.2000	10.0000
19815.791	14	23	0.0648	55.2000	10.0000
19825.556	15	23	0.0648	55.2000	10.0000
19835.322	16	23	0.0648	55.2000	10.0000
19845.087	17	23	0.0649	55.2000	10.0000
19854.852	18	23	0.0649	55.2000	10.0000
19864.618	19	23	0.0649	55.2000	10.0000
19874.383	20	23	0.0649	55.2000	10.0000
19884.148	21	23	0.0649	55.2000	10.0000
19893.914	22	23	0.0650	55.2000	10.0000
19903.679	23	23	0.0650	55.2000	10.0000
19913.444	24	23	0.0650	55.2000	10.0000
19922.176	25	23	0.0650	55.2000	10.0000
19930.908	26	23	0.0650	55.2000	10.0000
19939.639	27	23	0.0651	55.2000	10.0000
19948.371	28	23	0.0651	55.2000	10.0000
19957.103	29	23	0.0651	55.2000	10.0000
19965.834	30	23	0.0651	55.2000	10.0000
19974.566	31	23	0.0652	55.2000	10.0000
19983.298	32	23	0.0652	55.2000	10.0000
19992.029	33	23	0.0652	55.2000	10.0000
20000.761	34	23	0.0652	55.2000	10.0000
20001.010	33	23	0.0652	55.2000	10.0000
20001.010	32	23	0.0652	55.2000	10.0000
20009.493	33	23	0.0653	55.2000	10.0000
20018.224	34	23	0.0653	55.2000	10.0000
20026.956	35	23	0.0653	55.2000	10.0000
20035.688	36	23	0.0653	55.2000	10.0000
20044.419	37	23	0.0654	55.2000	10.0000
20053.151	38	23	0.0654	55.2000	10.0000
20061.883	39	23	0.0654	55.2000	10.0000
20070.614	40	23	0.0655	55.2000	10.0000
20079.346	41	23	0.0655	55.2000	10.0000
20088.078	42	23	0.0655	55.2000	10.0000
20103.995	43	23	0.0656	55.2000	10.0000
20119.912	44	23	0.0657	55.2000	10.0000
20135.830	45	23	0.0657	55.2000	10.0000
20233.583	44	23	0.0661	55.2000	10.0000
20502.354	43	23	0.0673	55.2000	10.0000
20595.582	42	23	0.0676	55.2000	10.0000
20595.582	41	23	0.0676	55.2000	10.0000
20638.946	40	23	0.0678	55.2000	10.0000
20782.572	39	23	0.0684	55.2000	10.0000
20782.572	38	23	0.0684	55.2000	10.0000
20877.387	37	23	0.0687	55.2000	10.0000
20877.387	36	23	0.0687	55.2000	10.0000
20900.748	35	23	0.0688	55.2000	10.0000
20950.052	34	23	0.0689	55.2000	10.0000
21046.564	33	23	0.0693	55.2000	10.0000
21116.870	32	23	0.0695	55.2000	10.0000
21164.676	31	23	0.0696	55.2000	10.0000
21164.676	30	23	0.0696	55.2000	10.0000
21164.676	29	23	0.0696	55.2000	10.0000
21220.649	28	23	0.0698	55.2000	10.0000
21294.558	27	23	0.0700	55.2000	10.0000
21839.954	26	23	0.0714	55.2000	12.5000
21902.485	25	23	0.0715	55.2000	12.5000
22229.901	24	23	0.0723	55.2000	12.5000
22264.204	23	23	0.0724	55.2000	12.5000
22420.435	22	23	0.0727	55.2000	12.5000
22420.435	21	23	0.0727	55.2000	12.5000
22651.563	22	23	0.0732	55.2000	12.5000
22670.949	23	23	0.0732	55.2000	12.5000
22690.335	24	23	0.0733	55.2000	12.5000
22709.721	25	23	0.0733	55.2000	12.5000
22729.107	26	23	0.0734	55.2000	12.5000
22748.493	27	23	0.0734	55.2000	12.5000
22767.879	28	23	0.0735	55.2000	12.5000
22787.265	29	23	0.0735	55.2000	12.5000
22806.651	30	23	0.0736	55.2000	12.5000
22826.038	31	23	0.0736	55.2000	12.5000
22845.424	32	23	0.0737	55.2000	12.5000
22864.810	33	23	0.0737	55.2000	12.5000
22884.196	34	23	0.0738	55.2000	12.5000
22903.582	35	23	0.0739	55.2000	12.5000
22922.968	36	23	0.0739	55.2000	12.5000
22942.354	37	23	0.0740	55.2000	12.5000
22961.740	38	23	0.0741	55.2000	12.5000
22981.126	39	23	0.0741	55.2000	12.5000
23000.512	40	23	0.0742	55.2000	12.5000
23019.898	41	23	0.0743	55.2000	12.5000
23034.561	42	23	0.0743	55.2000	12.5000
23049.224	43	23	0.0744	55.2000	12.5000
23063.887	44	23	0.0744	55.2000	12.5000
23078.550	45	23	0.0745	55.2000	12.5000
23093.213	46	23	0.0746	55.2000	12.5000
23107.875	47	23	0.0746	55.2000	12.5000
23122.538	48	23	0.0747	55.2000	12.5000
23137.201	49	23	0.0748	55.2000	12.5000
23151.864	50	23	0.0748	55.2000	12.5000
23166.527	51	23	0.0749	55.2000	12.5000
23181.190	52	23	0.0750	55.2000	12.5000
23195.853	53	23	0.0750	55.2000	12.5000
23210.516	54	23	0.0751	55.2000	12.5000
23225.179	55	23	0.0752	55.2000	12.5000
23239.842	56	23	0.0753	55.2000	12.5000
23254.505	57	23	0.0753	55.2000	12.5000
23269.168	58	23	0.0754	55.2000	12.5000
23283.831	59	23	0.0755	55.2000	12.5000
23298.494	60	23	0.0756	55.2000	12.5000
23313.157	61	23	0.0757	55.2000	12.5000
23320.293	60	23	0.0757	55.2000	12.5000
23365.561	59	23	0.0760	55.2000	12.5000
23401.012	60	23	0.0762	55.2000	12.5000
23414.572	61	23	0.0762	55.2000	12.5000
23428.133	62	23	0.0763	55.2000	12.5000
23498.429	61	23	0.0767	55.2000	12.5000
23652.498	60	23	0.0776	55.2000	12.5000
23699.399	59	23	0.0779	55.2000	12.5000
23746.321	58	23	0.0782	55.2000	12.5000
23854.707	57	23	0.0788	55.2000	12.5000
23892.664	56	23	0.0790	55.2000	12.5000
24086.261	55	23	0.0800	55.2000	12.5000
24086.261	54	23	0.0800	55.2000	12.5000
24086.261	53	23	0.0800	55.2000	12.5000
24086.261	52	23	0.0800	55.2000	12.5000
24102.630	51	23	0.0801	55.2000	12.5000
24153.130	50	23	0.0803	55.2000	12.5000
24311.802	49	23	0.0811	55.2000	12.5000
24609.853	48	23	0.0825	55.2000	12.5000
24611.127	47	23	0.0825	55.2000	12.5000
24827.944	46	23	0.0834	55.2000	12.5000
24827.944	45	23	0.0834	55.2000	12.5000
24841.040	44	23	0.0835	55.2000	12.5000
25109.998	43	23	0.0846	55.2000	12.5000
25109.998	42	23	0.0846	55.2000	12.5000
25109.998	41	23	0.0846	55.2000	12.5000
25109.998	40	23	0.0846	55.2000	12.5000
25109.998	39	23	0.0846	55.2000	12.5000
25109.998	38	23	0.0846	55.2000	12.5000
25430.698	37	23	0.0858	55.2000	15.0000
25803.220	36	23	0.0871	55.2000	15.0000
25834.188	35	23	0.0872	55.2000	15.0000
25984.186	34	23	0.0877	55.2000	15.0000
26002.880	35	23	0.0877	55.2000	15.0000
26021.574	36	23	0.0878	55.2000	15.0000
26040.268	37	23	0.0879	55.2000	15.0000
26058.962	38	23	0.0879	55.2000	15.0000
26065.768	37	23	0.0880	55.2000	15.0000
26065.768	36	23	0.0880	55.2000	15.0000
26065.768	35	23	0.0880	55.2000	15.0000
26065.768	34	23	0.0880	55.2000	15.0000
26077.656	35	23	0.0880	55.2000	15.0000
26096.350	36	23	0.0881	55.2000	15.0000
26115.044	37	23	0.0881	55.2000	15.0000
26133.738	38	23	0.0882	55.2000	15.0000
26152.432	39	23	0.0883	55.2000	15.0000
26171.126	40	23	0.0883	55.2000	15.0000
26189.820	41	23	0.0884	55.2000	15.0000
26208.514	42	23	0.0885	55.2000	15.0000
26227.208	43	23	0.0885	55.2000	15.0000
26245.902	44	23	0.0886	55.2000	15.0000
26264.596	45	23	0.0887	55.2000	15.0000
26283.290	46	23	0.0888	55.2000	15.0000
26301.984	47	23	0.0889	55.2000	15.0000
26320.677	48	23	0.0889	55.2000	15.0000
26339.371	49	23	0.0890	55.2000	15.0000
26358.065	50	23	0.0891	55.2000	15.0000
26401.450	51	23	0.0893	55.2000	15.0000
26416.920	52	23	0.0894	55.2000	15.0000
26432.389	53	23	0.0895	55.2000	15.0000
26447.859	54	23	0.0895	55.2000	15.0000
26463.328	55	23	0.0896	55.2000	15.0000
26478.797	56	23	0.0897	55.2000	15.0000
26494.267	57	23	0.0898	55.2000	15.0000
26509.736	58	23	0.0899	55.2000	15.0000
26525.206	59	23	0.0900	55.2000	15.0000
26530.347	58	23	0.0900	55.2000	15.0000
26530.347	57	23	0.0900	55.2000	15.0000
26530.347	56	23	0.0900	55.2000	15.0000
26540.675	57	23	0.0900	55.2000	15.0000
26556.144	58	23	0.0901	55.2000	15.0000
26561.132	57	23	0.0902	55.2000	15.0000
26571.614	58	23	0.0902	55.2000	15.0000
26599.186	57	23	0.0904	55.2000	15.0000
26722.567	56	23	0.0910	55.2000	15.0000
26742.756	55	23	0.0911	55.2000	15.0000
26910.181	54	23	0.0920	55.2000	15.0000
27052.448	53	23	0.0927	55.2000	15.0000
27613.140	52	23	0.0956	55.2000	15.0000
27613.140	51	23	0.0956	55.2000	15.0000
27822.372	50	23	0.0966	55.2000	15.0000
27822.372	49	23	0.0966	55.2000	15.0000
27822.372	48	23	0.0966	55.2000	15.0000
27822.372	47	23	0.0966	55.2000	15.0000
28131.179	46	23	0.0979	55.2000	15.0000
28158.715	45	23	0.0981	55.2000	15.0000
28252.789	44	23	0.0985	55.2000	15.0000
28252.789	43	23	0.0985	55.2000	15.0000
28252.789	42	23	0.0985	55.2000	15.0000
28522.197	41	23	0.0995	55.2000	15.0000
28688.319	40	23	0.1002	55.2000	15.0000
28999.760	39	23	0.1014	55.2000	17.5000
28999.760	38	23	0.1014	55.2000	17.5000
29049.864	37	23	0.1016	55.2000	17.5000
29256.122	36	23	0.1023	55.2000	17.5000
29355.446	35	23	0.1026	55.2000	17.5000
29427.369	34	23	0.1029	55.2000	17.5000
29443.645	33	23	0.1029	55.2000	17.5000
29458.674	34	23	0.1030	55.2000	17.5000
29470.051	35	23	0.1030	55.2000	17.5000
29481.429	36	23	0.1030	55.2000	17.5000
29492.806	37	23	0.1031	55.2000	17.5000
29504.184	38	23	0.1031	55.2000	17.5000
29515.562	39	23	0.1031	55.2000	17.5000
29526.939	40	23	0.1032	55.2000	17.5000
29538.317	41	23	0.1032	55.2000	17.5000
29549.694	42	23	0.1033	55.2000	17.5000
29561.072	43	23	0.1033	55.2000	17.5000
29567.296	44	23	0.1033	55.2000	17.5000
29573.520	45	23	0.1034	55.2000	17.5000
29579.744	46	23	0.1034	55.2000	17.5000
29585.968	47	23	0.1034	55.2000	17.5000
29592.192	48	23	0.1035	55.2000	17.5000
29598.416	49	23	0.1035	55.2000	17.5000
29604.640	50	23	0.1035	55.2000	17.5000
29610.864	51	23	0.1035	55.2000	17.5000
29611.901	50	23	0.1035	55.2000	17.5000
29611.901	49	23	0.1035	55.2000	17.5000
29611.901	48	23	0.1035	55.2000	17.5000
29611.901	47	23	0.1035	55.2000	17.5000
29611.901	46	23	0.1035	55.2000	17.5000
29617.089	47	23	0.1036	55.2000	17.5000
29623.313	48	23	0.1036	55.2000	17.5000
29629.537	49	23	0.1036	55.2000	17.5000
29630.050	48	23	0.1036	55.2000	17.5000
29635.761	49	23	0.1037	55.2000	17.5000
29641.985	50	23	0.1037	55.2000	17.5000
29648.209	51	23	0.1037	55.2000	17.5000
29654.433	52	23	0.1037	55.2000	17.5000
29660.657	53	23	0.1038	55.2000	17.5000
29666.881	54	23	0.1038	55.2000	17.5000
29673.105	55	23	0.1038	55.2000	17.5000
29679.329	56	23	0.1039	55.2000	17.5000
29685.553	57	23	0.1039	55.2000	17.5000
29710.926	56	23	0.1040	55.2000	17.5000
29739.071	55	23	0.1042	55.2000	17.5000
29995.012	54	23	0.1055	55.2000	17.5000
30104.774	53	23	0.1061	55.2000	17.5000
30124.876	52	23	0.1062	55.2000	17.5000
30213.733	51	23	0.1066	55.2000	17.5000
30213.733	50	23	0.1066	55.2000	17.5000
30317.799	49	23	0.1071	55.2000	17.5000
30317.799	48	23	0.1071	55.2000	17.5000
30410.463	47	23	0.1075	55.2000	17.5000
30529.999	46	23	0.1081	55.2000	17.5000
30529.999	45	23	0.1081	55.2000	17.5000
30529.999	44	23	0.1081	55.2000	17.5000
30529.999	43	23	0.1081	55.2000	17.5000
30529.999	42	23	0.1081	55.2000	17.5000
30529.999	41	23	0.1081	55.2000	17.5000
30529.999	40	23	0.1081	55.2000	17.5000
30672.627	39	23	0.1086	55.2000	17.5000
30672.627	38	23	0.1086	55.2000	17.5000
30686.454	37	23	0.1087	55.2000	17.5000
30686.454	36	23	0.1087	55.2000	17.5000
30837.684	35	23	0.1092	55.2000	17.5000
30882.664	34	23	0.1093	55.2000	17.5000
30954.701	33	23	0.1096	55.2000	17.5000
31179.652	32	23	0.1103	55.2000	17.5000
31179.652	31	23	0.1103	55.2000	17.5000
31322.807	30	23	0.1107	55.2000	17.5000
31322.807	29	23	0.1107	55.2000	17.5000
31381.737	28	23	0.1109	55.2000	17.5000
31537.762	27	23	0.1113	55.2000	17.5000
31589.445	26	23	0.1114	55.2000	17.5000
31713.850	25	23	0.1117	55.2000	17.5000
31885.961	24	23	0.1121	55.2000	17.5000
31885.961	23	23	0.1121	55.2000	17.5000
31885.961	22	23	0.1121	55.2000	17.5000
31885.961	21	23	0.1121	55.2000	17.5000
31928.267	20	23	0.1122	55.2000	17.5000
31928.267	19	23	0.1122	55.2000	17.5000
31928.267	18	23	0.1122	55.2000	17.5000
31928.267	17	23	0.1122	55.2000	17.5000
31928.267	16	23	0.1122	55.2000	17.5000
31978.591	15	23	0.1123	55.2000	17.5000
31978.591	14	23	0.1123	55.2000	17.5000
32085.353	13	23	0.1124	55.2000	17.5000
32095.820	12	23	0.1124	55.2000	17.5000
32223.973	11	23	0.1126	55.2000	17.5000
32279.036	10	23	0.1126	55.2000	17.5000
32279.036	9	23	0.1126	55.2000	17.5000
32370.768	8	23	0.1127	55.2000	17.5000
32370.768	7	23	0.1127	55.2000	17.5000
32432.281	6	23	0.1128	55.2000	20.0000
32552.644	5	23	0.1128	55.2000	20.0000
32655.965	4	23	0.1129	55.2000	20.0000
32714.479	3	23	0.1129	55.2000	20.0000
32749.017	2	23	0.1129	55.2000	20.0000
32884.384	1	23	0.1129	55.2000	20.0000
32948.307	0	23	0.1129	55.2000	20.0000
33128.200	0	24	0.1129	57.6000	20.0000
33128.200	0	25	0.1129	60.0000	20.0000
33128.200	0	26	0.1129	62.4000	20.0000
33192.185	0	27	0.1129	64.8000	20.0000
33233.234	0	28	0.1129	67.2000	20.0000
33233.234	0	29	0.1129	69.6000	20.0000
33332.902	0	30	0.1129	72.0000	20.0000
33332.902	0	31	0.1129	74.4000	20.0000
33427.376	0	32	0.1129	76.8000	20.0000
33427.376	0	33	0.1129	79.2000	20.0000
33427.376	0	34	0.1129	81.6000	20.0000
33470.383	0	35	0.1129	84.0000	20.0000
33470.383	0	36	0.1129	86.4000	20.0000
33489.117	0	37	0.1129	88.8000	20.0000
33489.117	0	38	0.1129	91.2000	20.0000
33583.720	0	39	0.1129	93.6000	20.0000
33583.720	0	40	0.1129	96.0000	20.0000
33752.002	0	41	0.1129	98.4000	20.0000
33831.797	0	42	0.1129	100.8000	20.0000
33871.709	1	42	0.1129	100.8000	20.0000
33884.772	2	42	0.1129	100.8000	20.0000
33897.835	3	42	0.1129	100.8000	20.0000
33901.584	2	42	0.1129	100.8000	20.0000
33910.898	3	42	0.1129	100.8000	20.0000
33923.961	4	42	0.1129	100.8000	20.0000
33937.025	5	42	0.1130	100.8000	20.0000
33950.088	6	42	0.1130	100.8000	20.0000
33963.151	7	42	0.1130	100.8000	20.0000
33976.214	8	42	0.1130	100.8000	20.0000
33989.277	9	42	0.1130	100.8000	20.0000
34002.341	10	42	0.1130	100.8000	20.0000
34003.865	9	42	0.1130	100.8000	20.0000
34015.404	10	42	0.1130	100.8000	20.0000
34028.467	11	42	0.1130	100.8000	20.0000
34041.530	12	42	0.1130	100.8000	20.0000
34054.593	13	42	0.1130	100.8000	20.0000
34067.657	14	42	0.1131	100.8000	20.0000
34080.720	15	42	0.1131	100.8000	20.0000
34093.783	16	42	0.1131	100.8000	20.0000
34106.846	17	42	0.1131	100.8000	20.0000
34119.909	18	42	0.1131	100.8000	20.0000
34135.175	19	42	0.1132	100.8000	20.0000
34141.688	20	42	0.1132	100.8000	20.0000
34142.851	19	42	0.1132	100.8000	20.0000
34148.200	20	42	0.1132	100.8000	20.0000
34154.713	21	42	0.1132	100.8000	20.0000
34161.225	22	42	0.1132	100.8000	20.0000
34167.738	23	42	0.1132	100.8000	20.0000
34174.250	24	42	0.1132	100.8000	20.0000
34180.763	25	42	0.1133	100.8000	20.0000
34187.275	26	42	0.1133	100.8000	20.0000
34193.787	27	42	0.1133	100.8000	20.0000
34200.300	28	42	0.1133	100.8000	20.0000
34206.812	29	42	0.1133	100.8000	20.0000
34213.325	30	42	0.1133	100.8000	20.0000
34219.837	31	42	0.1134	100.8000	20.0000
34226.350	32	42	0.1134	100.8000	20.0000
34232.862	33	42	0.1134	100.8000	20.0000
34239.375	34	42	0.1134	100.8000	20.0000
34245.298	33	42	0.1134	100.8000	20.0000
34245.887	34	42	0.1134	100.8000	20.0000
34252.400	35	42	0.1135	100.8000	20.0000
34258.912	36	42	0.1135	100.8000	20.0000
34264.103	35	42	0.1135	100.8000	20.0000
34298.373	34	42	0.1136	100.8000	20.0000
34298.373	33	42	0.1136	100.8000	20.0000
34380.686	34	42	0.1139	100.8000	20.0000
34392.023	33	42	0.1139	100.8000	20.0000
34398.619	34	42	0.1139	100.8000	20.0000
34416.552	35	42	0.1140	100.8000	20.0000
34424.979	36	42	0.1140	100.8000	20.0000
34433.406	37	42	0.1140	100.8000	20.0000
34435.649	36	42	0.1141	100.8000	20.0000
34441.833	37	42	0.1141	100.8000	20.0000
34450.260	38	42	0.1141	100.8000	20.0000
34458.687	39	42	0.1141	100.8000	20.0000
34467.114	40	42	0.1142	100.8000	20.0000
34475.542	41	42	0.1142	100.8000	20.0000
34483.969	42	42	0.1142	100.8000	20.0000
34492.396	43	42	0.1143	100.8000	20.0000
34500.823	44	42	0.1143	100.8000	20.0000
34509.250	45	42	0.1143	100.8000	20.0000
34517.677	46	42	0.1144	100.8000	20.0000
34526.105	47	42	0.1144	100.8000	20.0000
34534.532	48	42	0.1144	100.8000	20.0000
34542.959	49	42	0.1145	100.8000	20.0000
34551.386	50	42	0.1145	100.8000	20.0000
34559.813	51	42	0.1146	100.8000	20.0000
34568.240	52	42	0.1146	100.8000	20.0000
34576.667	53	42	0.1146	100.8000	20.0000
34585.095	54	42	0.1147	100.8000	20.0000
34915.072	53	42	0.1164	100.8000	20.0000
34915.072	52	42	0.1164	100.8000	20.0000
34915.072	51	42	0.1164	100.8000	20.0000
34915.072	50	42	0.1164	100.8000	20.0000
35023.512	49	42	0.1169	100.8000	20.0000
35084.450	48	42	0.1172	100.8000	20.0000
35181.653	47	42	0.1176	100.8000	20.0000
35238.816	46	42	0.1179	100.8000	20.0000
35327.359	45	42	0.1183	100.8000	20.0000
35342.278	44	42	0.1183	100.8000	20.0000
35459.631	43	42	0.1188	100.8000	20.0000
35557.750	42	42	0.1192	100.8000	20.0000
35557.750	41	42	0.1192	100.8000	20.0000
35589.181	40	42	0.1193	100.8000	20.0000
35611.620	39	42	0.1194	100.8000	20.0000
35662.205	38	42	0.1196	100.8000	20.0000
35672.015	37	42	0.1196	100.8000	20.0000
35672.015	36	42	0.1196	100.8000	20.0000
35672.015	35	42	0.1196	100.8000	20.0000
36026.457	34	42	0.1208	100.8000	22.5000
36233.309	33	42	0.1215	100.8000	22.5000
36351.319	32	42	0.1219	100.8000	22.5000
36425.373	31	42	0.1221	100.8000	22.5000
36602.973	30	42	0.1226	100.8000	22.5000
36614.035	29	42	0.1226	100.8000	22.5000
36655.912	28	42	0.1228	100.8000	22.5000
36655.912	27	42	0.1228	100.8000	22.5000
36722.610	26	42	0.1229	100.8000	22.5000
36907.852	25	42	0.1234	100.8000	22.5000
37086.330	24	42	0.1238	100.8000	22.5000
37131.814	23	42	0.1239	100.8000	22.5000
37131.814	22	42	0.1239	100.8000	22.5000
37131.814	21	42	0.1239	100.8000	22.5000
37167.503	20	42	0.1240	100.8000	22.5000
37187.589	19	42	0.1240	100.8000	22.5000
37187.589	18	42	0.1240	100.8000	22.5000
37187.589	17	42	0.1240	100.8000	22.5000
37217.299	16	42	0.1241	100.8000	22.5000
37392.046	17	42	0.1243	100.8000	22.5000
37396.160	16	42	0.1243	100.8000	22.5000
37410.738	17	42	0.1244	100.8000	22.5000
37429.430	18	42	0.1244	100.8000	22.5000
37448.123	19	42	0.1244	100.8000	22.5000
37466.815	20	42	0.1245	100.8000	22.5000
37485.507	21	42	0.1245	100.8000	22.5000
37504.199	22	42	0.1245	100.8000	22.5000
37522.891	23	42	0.1246	100.8000	22.5000
37541.583	24	42	0.1246	100.8000	22.5000
37542.535	23	42	0.1246	100.8000	22.5000
37542.535	22	42	0.1246	100.8000	22.5000
37542.535	21	42	0.1246	100.8000	22.5000
37560.275	22	42	0.1246	100.8000	22.5000
37578.967	23	42	0.1247	100.8000	22.5000
37596.709	22	42	0.1247	100.8000	22.5000
37597.659	23	42	0.1247	100.8000	22.5000
37616.352	24	42	0.1248	100.8000	22.5000
37627.084	23	42	0.1248	100.8000	22.5000
37635.044	24	42	0.1248	100.8000	22.5000
37653.736	25	42	0.1249	100.8000	22.5000
37668.206	26	42	0.1249	100.8000	22.5000
37682.675	27	42	0.1249	100.8000	22.5000
37697.145	28	42	0.1250	100.8000	22.5000
37711.615	29	42	0.1250	100.8000	22.5000
37726.084	30	42	0.1250	100.8000	22.5000
37740.554	31	42	0.1251	100.8000	22.5000
37755.024	32	42	0.1251	100.8000	22.5000
37769.494	33	42	0.1252	100.8000	22.5000
37783.963	34	42	0.1252	100.8000	22.5000
37798.433	35	42	0.1253	100.8000	22.5000
37812.903	36	42	0.1253	100.8000	22.5000
37827.372	37	42	0.1254	100.8000	22.5000
37841.842	38	42	0.1254	100.8000	22.5000
37856.312	39	42	0.1255	100.8000	22.5000
37870.782	40	42	0.1255	100.8000	22.5000
37871.060	39	42	0.1255	100.8000	22.5000
37871.060	38	42	0.1255	100.8000	22.5000
37885.251	39	42	0.1256	100.8000	22.5000
37899.721	40	42	0.1256	100.8000	22.5000
37903.147	39	42	0.1256	100.8000	22.5000
37914.191	40	42	0.1257	100.8000	22.5000
37928.660	41	42	0.1257	100.8000	22.5000
37943.130	42	42	0.1258	100.8000	22.5000
38035.287	41	42	0.1261	100.8000	22.5000
38139.044	40	42	0.1266	100.8000	22.5000
38139.044	39	42	0.1266	100.8000	22.5000
38166.187	38	42	0.1267	100.8000	22.5000
38178.572	37	42	0.1267	100.8000	22.5000
38326.786	36	42	0.1272	100.8000	22.5000
38579.557	35	42	0.1281	100.8000	22.5000
38719.762	34	42	0.1285	100.8000	22.5000
38793.290	33	42	0.1288	100.8000	22.5000
38793.290	32	42	0.1288	100.8000	22.5000
38816.038	31	42	0.1289	100.8000	22.5000
38816.038	30	42	0.1289	100.8000	22.5000
38858.609	29	42	0.1290	100.8000	22.5000
38902.885	28	42	0.1291	100.8000	22.5000
39104.579	27	42	0.1296	100.8000	22.5000
39133.438	26	42	0.1297	100.8000	22.5000
39133.438	25	42	0.1297	100.8000	22.5000
39243.148	24	42	0.1300	100.8000	22.5000
39243.148	23	42	0.1300	100.8000	22.5000
39280.266	22	42	0.1300	100.8000	22.5000
39316.674	21	42	0.1301	100.8000	22.5000
39452.934	20	42	0.1304	100.8000	22.5000
39490.790	19	42	0.1305	100.8000	22.5000
39506.967	18	42	0.1305	100.8000	22.5000
39539.234	17	42	0.1306	100.8000	22.5000
39539.234	16	42	0.1306	100.8000	22.5000
39539.234	15	42	0.1306	100.8000	22.5000
39644.365	14	42	0.1307	100.8000	25.0000
39929.768	13	42	0.1311	100.8000	25.0000
39929.768	12	42	0.1311	100.8000	25.0000
39929.768	11	42	0.1311	100.8000	25.0000
39929.768	10	42	0.1311	100.8000	25.0000
39929.768	9	42	0.1311	100.8000	25.0000
39929.768	8	42	0.1311	100.8000	25.0000
39942.549	7	42	0.1311	100.8000	25.0000
40074.728	6	42	0.1312	100.8000	25.0000
40074.728	5	42	0.1312	100.8000	25.0000
40074.728	4	42	0.1312	100.8000	25.0000
40232.323	3	42	0.1312	100.8000	25.0000
40395.148	2	42	0.1313	100.8000	25.0000
40395.148	1	42	0.1313	100.8000	25.0000
40426.423	0	42	0.1313	100.8000	25.0000
40515.630	0	43	0.1313	103.2000	25.0000
40515.630	0	44	0.1313	105.6000	25.0000
40535.329	0	45	0.1313	108.0000	25.0000
40644.316	0	46	0.1313	110.4000	25.0000
40723.735	0	47	0.1313	112.8000	25.0000
40723.735	0	48	0.1313	115.2000	25.0000
40723.735	0	49	0.1313	117.6000	25.0000
40844.664	0	50	0.1313	120.0000	25.0000
40844.664	0	51	0.1313	122.4000	25.0000
40902.958	0	52	0.1313	124.8000	25.0000
40996.783	0	53	0.1313	127.2000	25.0000
41092.796	0	54	0.1313	129.6000	25.0000
41092.796	0	55	0.1313	132.0000	25.0000
41102.668	0	56	0.1313	134.4000	25.0000
41102.668	0	57	0.1313	136.8000	25.0000
41110.955	1	57	0.1313	136.8000	25.0000
41119.243	2	57	0.1313	136.8000	25.0000
41127.531	3	57	0.1313	136.8000	25.0000
41135.818	4	57	0.1313	136.8000	25.0000
41144.106	5	57	0.1313	136.8000	25.0000
41152.394	6	57	0.1313	136.8000	25.0000
41160.682	7	57	0.1313	136.8000	25.0000
41168.969	8	57	0.1313	136.8000	25.0000
41177.257	9	57	0.1313	136.8000	25.0000
41185.545	10	57	0.1313	136.8000	25.0000
41193.832	11	57	0.1313	136.8000	25.0000
41202.120	12	57	0.1313	136.8000	25.0000
41210.408	13	57	0.1313	136.8000	25.0000
41218.696	14	57	0.1314	136.8000	25.0000
41226.983	15	57	0.1314	136.8000	25.0000
41235.271	16	57	0.1314	136.8000	25.0000
41243.559	17	57	0.1314	136.8000	25.0000
41251.846	18	57	0.1314	136.8000	25.0000
41253.923	17	57	0.1314	136.8000	25.0000
41260.134	18	57	0.1314	136.8000	25.0000
41268.422	19	57	0.1314	136.8000	25.0000
41275.447	20	57	0.1314	136.8000	25.0000
41282.473	21	57	0.1315	136.8000	25.0000
41284.540	20	57	0.1315	136.8000	25.0000
41289.498	21	57	0.1315	136.8000	25.0000
41296.523	22	57	0.1315	136.8000	25.0000
41303.549	23	57	0.1315	136.8000	25.0000
41305.087	22	57	0.1315	136.8000	25.0000
41310.574	23	57	0.1315	136.8000	25.0000
41317.599	24	57	0.1315	136.8000	25.0000
41324.625	25	57	0.1315	136.8000	25.0000
41331.650	26	57	0.1316	136.8000	25.0000
41338.675	27	57	0.1316	136.8000	25.0000
41345.701	28	57	0.1316	136.8000	25.0000
41352.726	29	57	0.1316	136.8000	25.0000
41359.751	30	57	0.1316	136.8000	25.0000
41366.777	31	57	0.1317	136.8000	25.0000
41370.911	30	57	0.1317	136.8000	25.0000
41373.802	31	57	0.1317	136.8000	25.0000
41380.827	32	57	0.1317	136.8000	25.0000
41387.853	33	57	0.1317	136.8000	25.0000
41394.878	34	57	0.1317	136.8000	25.0000
41401.903	35	57	0.1318	136.8000	25.0000
41408.929	36	57	0.1318	136.8000	25.0000
41414.948	35	57	0.1318	136.8000	25.0000
41423.560	36	57	0.1318	136.8000	25.0000
41438.190	37	57	0.1319	136.8000	25.0000
41452.821	38	57	0.1319	136.8000	25.0000
41467.452	39	57	0.1320	136.8000	25.0000
41482.083	40	57	0.1320	136.8000	25.0000
41496.714	41	57	0.1321	136.8000	25.0000
41511.345	42	57	0.1322	136.8000	25.0000
41525.976	43	57	0.1322	136.8000	25.0000
41540.606	44	57	0.1323	136.8000	25.0000
41548.904	43	57	0.1323	136.8000	25.0000
41555.237	44	57	0.1323	136.8000	25.0000
41569.868	45	57	0.1324	136.8000	25.0000
41584.499	46	57	0.1325	136.8000	25.0000
41585.895	45	57	0.1325	136.8000	25.0000
41599.130	46	57	0.1325	136.8000	25.0000
41613.761	47	57	0.1326	136.8000	25.0000
41615.041	46	57	0.1326	136.8000	25.0000
41628.391	47	57	0.1327	136.8000	25.0000
41735.737	46	57	0.1331	136.8000	25.0000
41841.456	45	57	0.1336	136.8000	25.0000
41841.456	44	57	0.1336	136.8000	25.0000
42149.926	43	57	0.1349	136.8000	25.0000
42193.913	42	57	0.1351	136.8000	25.0000
42619.009	41	57	0.1368	136.8000	25.0000
42624.656	40	57	0.1368	136.8000	25.0000
42624.656	39	57	0.1368	136.8000	25.0000
42624.656	38	57	0.1368	136.8000	25.0000
42660.140	37	57	0.1369	136.8000	25.0000
42683.895	36	57	0.1370	136.8000	25.0000
42683.895	35	57	0.1370	136.8000	25.0000
42702.342	34	57	0.1370	136.8000	25.0000
42784.767	33	57	0.1373	136.8000	25.0000
42834.750	32	57	0.1375	136.8000	25.0000
43016.626	31	57	0.1380	136.8000	25.0000
43131.350	30	57	0.1384	136.8000	25.0000
43266.040	29	57	0.1387	136.8000	25.0000
