# s=60 S=80 h=0.0151 p=8.8000 c=2.5000
# time_s	level	cum_oos	holding_eur	shortage_eur	order_eur
0.000	80	0	0.0000	0.0000	0.0000
223.366	79	0	0.0062	0.0000	0.0000
1635.873	78	0	0.0453	0.0000	0.0000
1737.715	77	0	0.0480	0.0000	0.0000
1901.533	76	0	0.0524	0.0000	0.0000
2228.953	75	0	0.0611	0.0000	0.0000
2497.262	74	0	0.0682	0.0000	0.0000
2497.262	73	0	0.0682	0.0000	0.0000
2582.597	72	0	0.0703	0.0000	0.0000
3197.458	71	0	0.0858	0.0000	0.0000
3197.458	70	0	0.0858	0.0000	0.0000
3472.315	69	0	0.0925	0.0000	0.0000
3734.994	68	0	0.0989	0.0000	0.0000
3847.438	67	0	0.1016	0.0000	0.0000
3847.438	66	0	0.1016	0.0000	0.0000
3959.104	65	0	0.1041	0.0000	0.0000
3959.104	64	0	0.1041	0.0000	0.0000
4011.612	63	0	0.1053	0.0000	0.0000
4011.612	62	0	0.1053	0.0000	0.0000
4108.693	61	0	0.1074	0.0000	0.0000
4219.861	60	0	0.1098	0.0000	0.0000
4219.861	59	0	0.1098	0.0000	0.0000
4219.861	58	0	0.1098	0.0000	0.0000
4300.696	57	0	0.1114	0.0000	0.0000
4654.530	56	0	0.1185	0.0000	0.0000
4654.530	55	0	0.1185	0.0000	0.0000
4781.221	54	0	0.1209	0.0000	0.0000
4866.289	53	0	0.1225	0.0000	0.0000
4866.289	52	0	0.1225	0.0000	0.0000
4866.289	51	0	0.1225	0.0000	0.0000
4866.289	50	0	0.1225	0.0000	0.0000
4889.206	49	0	0.1229	0.0000	0.0000
4992.384	48	0	0.1247	0.0000	0.0000
4992.384	47	0	0.1247	0.0000	0.0000
5140.525	46	0	0.1271	0.0000	0.0000
5171.958	45	0	0.1276	0.0000	0.0000
5203.972	44	0	0.1281	0.0000	0.0000
5261.099	43	0	0.1290	0.0000	0.0000
5273.283	42	0	0.1292	0.0000	0.0000
5273.283	41	0	0.1292	0.0000	0.0000
5520.875	40	0	0.1327	0.0000	0.0000
6059.401	39	0	0.1403	0.0000	0.0000
6153.991	38	0	0.1415	0.0000	0.0000
6235.233	37	0	0.1426	0.0000	0.0000
6280.125	36	0	0.1432	0.0000	0.0000
6350.672	35	0	0.1441	0.0000	0.0000
6430.930	34	0	0.1451	0.0000	0.0000
6674.828	33	0	0.1480	0.0000	0.0000
6731.666	32	0	0.1486	0.0000	0.0000
6783.769	31	0	0.1492	0.0000	0.0000
6831.695	30	0	0.1497	0.0000	0.0000
6908.608	29	0	0.1505	0.0000	0.0000
6908.608	28	0	0.1505	0.0000	0.0000
6951.090	27	0	0.1510	0.0000	0.0000
7080.359	26	0	0.1522	0.0000	0.0000
7080.359	25	0	0.1522	0.0000	0.0000
7121.267	24	0	0.1525	0.0000	0.0000
7213.410	23	0	0.1533	0.0000	2.5000
7213.410	22	0	0.1533	0.0000	2.5000
7299.872	21	0	0.1540	0.0000	2.5000
7299.872	20	0	0.1540	0.0000	2.5000
7347.336	19	0	0.1543	0.0000	2.5000
7485.607	18	0	0.1552	0.0000	2.5000
7485.607	17	0	0.1552	0.0000	2.5000
7485.607	16	0	0.1552	0.0000	2.5000
7565.742	17	0	0.1557	0.0000	2.5000
7581.354	18	0	0.1558	0.0000	2.5000
7596.967	19	0	0.1559	0.0000	2.5000
7612.579	20	0	0.1560	0.0000	2.5000
7628.192	21	0	0.1561	0.0000	2.5000
7643.804	22	0	0.1562	0.0000	2.5000
7659.417	23	0	0.1563	0.0000	2.5000
7675.029	24	0	0.1564	0.0000	2.5000
7690.642	25	0	0.1566	0.0000	2.5000
7706.254	26	0	0.1567	0.0000	2.5000
7721.867	27	0	0.1568	0.0000	2.5000
7737.479	28	0	0.1570	0.0000	2.5000
7753.092	29	0	0.1571	0.0000	2.5000
7768.704	30	0	0.1573	0.0000	2.5000
7784.317	31	0	0.1575	0.0000	2.5000
7799.929	32	0	0.1576	0.0000	2.5000
7815.542	33	0	0.1578	0.0000	2.5000
7831.154	34	0	0.1580	0.0000	2.5000
7846.767	35	0	0.1582	0.0000	2.5000
7862.379	36	0	0.1584	0.0000	2.5000
7879.187	37	0	0.1586	0.0000	2.5000
7895.994	38	0	0.1588	0.0000	2.5000
7912.801	39	0	0.1590	0.0000	2.5000
7929.608	40	0	0.1592	0.0000	2.5000
7946.415	41	0	0.1595	0.0000	2.5000
7963.222	42	0	0.1597	0.0000	2.5000
7980.030	43	0	0.1600	0.0000	2.5000
7996.837	44	0	0.1602	0.0000	2.5000
8013.644	45	0	0.1605	0.0000	2.5000
8030.451	46	0	0.1607	0.0000	2.5000
8047.258	47	0	0.1610	0.0000	2.5000
8064.065	48	0	0.1613	0.0000	2.5000
8080.873	49	0	0.1616	0.0000	2.5000
8097.680	50	0	0.1619	0.0000	2.5000
8102.722	49	0	0.1619	0.0000	2.5000
8102.722	48	0	0.1619	0.0000	2.5000
8114.487	49	0	0.1621	0.0000	2.5000
8131.294	50	0	0.1624	0.0000	2.5000
8148.101	51	0	0.1627	0.0000	2.5000
8164.908	52	0	0.1630	0.0000	2.5000
8181.716	53	0	0.1633	0.0000	2.5000
8198.523	54	0	0.1636	0.0000	2.5000
8237.812	53	0	0.1644	0.0000	2.5000
8238.444	52	0	0.1644	0.0000	2.5000
8249.526	53	0	0.1646	0.0000	2.5000
8260.608	54	0	0.1648	0.0000	2.5000
8271.691	55	0	0.1650	0.0000	2.5000
8278.175	54	0	0.1651	0.0000	2.5000
8282.773	55	0	0.1652	0.0000	2.5000
8293.855	56	0	0.1654	0.0000	2.5000
8304.938	57	0	0.1657	0.0000	2.5000
8316.020	58	0	0.1659	0.0000	2.5000
8327.102	59	0	0.1661	0.0000	2.5000
8338.185	60	0	0.1663	0.0000	2.5000
8349.267	61	0	0.1666	0.0000	2.5000
8359.278	60	0	0.1668	0.0000	2.5000
8360.350	61	0	0.1668	0.0000	2.5000
8371.432	62	0	0.1670	0.0000	2.5000
8382.514	63	0	0.1673	0.0000	2.5000
8393.597	64	0	0.1675	0.0000	2.5000
8404.679	65	0	0.1678	0.0000	2.5000
8415.761	66	0	0.1680	0.0000	2.5000
8431.879	65	0	0.1684	0.0000	2.5000
8431.879	64	0	0.1684	0.0000	2.5000
8605.104	63	0	0.1723	0.0000	2.5000
8605.104	62	0	0.1723	0.0000	2.5000
8605.104	61	0	0.1723	0.0000	2.5000
8674.704	60	0	0.1737	0.0000	2.5000
8674.704	59	0	0.1737	0.0000	2.5000
8705.224	58	0	0.1744	0.0000	2.5000
8778.419	57	0	0.1759	0.0000	2.5000
8778.419	56	0	0.1759	0.0000	2.5000
8804.972	55	0	0.1764	0.0000	2.5000
8810.674	54	0	0.1765	0.0000	2.5000
8833.458	53	0	0.1769	0.0000	2.5000
8833.458	52	0	0.1769	0.0000	2.5000
8833.458	51	0	0.1769	0.0000	2.5000
8833.458	50	0	0.1769	0.0000	2.5000
8874.419	49	0	0.1776	0.0000	2.5000
8891.537	48	0	0.1779	0.0000	2.5000
8906.341	47	0	0.1782	0.0000	2.5000
8957.824	46	0	0.1790	0.0000	2.5000
9002.294	45	0	0.1797	0.0000	2.5000
9092.405	44	0	0.1812	0.0000	2.5000
9151.764	43	0	0.1821	0.0000	2.5000
9424.836	42	0	0.1862	0.0000	2.5000
9476.463	41	0	0.1869	0.0000	2.5000
9606.140	40	0	0.1888	0.0000	2.5000
9617.318	39	0	0.1889	0.0000	2.5000
9683.950	38	0	0.1899	0.0000	2.5000
9755.227	37	0	0.1908	0.0000	2.5000
9795.446	36	0	0.1913	0.0000	2.5000
9810.582	35	0	0.1915	0.0000	2.5000
10075.738	34	0	0.1948	0.0000	2.5000
10075.738	33	0	0.1948	0.0000	2.5000
10075.738	32	0	0.1948	0.0000	2.5000
10075.738	31	0	0.1948	0.0000	2.5000
10075.738	30	0	0.1948	0.0000	2.5000
10164.423	29	0	0.1957	0.0000	2.5000
10414.576	28	0	0.1982	0.0000	2.5000
10414.576	27	0	0.1982	0.0000	2.5000
10700.107	26	0	0.2009	0.0000	2.5000
10912.262	25	0	0.2028	0.0000	5.0000
11052.029	24	0	0.2041	0.0000	5.0000
11052.029	23	0	0.2041	0.0000	5.0000
11052.029	22	0	0.2041	0.0000	5.0000
11144.506	21	0	0.2048	0.0000	5.0000
11144.506	20	0	0.2048	0.0000	5.0000
11157.496	21	0	0.2049	0.0000	5.0000
11172.457	22	0	0.2050	0.0000	5.0000
11178.523	21	0	0.2050	0.0000	5.0000
11187.418	22	0	0.2051	0.0000	5.0000
11202.379	23	0	0.2052	0.0000	5.0000
11217.340	24	0	0.2053	0.0000	5.0000
11230.175	23	0	0.2054	0.0000	5.0000
11232.301	24	0	0.2054	0.0000	5.0000
11247.262	25	0	0.2056	0.0000	5.0000
11262.223	26	0	0.2057	0.0000	5.0000
11277.184	27	0	0.2058	0.0000	5.0000
11292.145	28	0	0.2060	0.0000	5.0000
11303.647	27	0	0.2061	0.0000	5.0000
11307.106	28	0	0.2061	0.0000	5.0000
11322.067	29	0	0.2063	0.0000	5.0000
11337.028	30	0	0.2064	0.0000	5.0000
11337.534	29	0	0.2064	0.0000	5.0000
11351.989	30	0	0.2066	0.0000	5.0000
11366.950	31	0	0.2067	0.0000	5.0000
11381.911	32	0	0.2069	0.0000	5.0000
11396.872	33	0	0.2071	0.0000	5.0000
11411.833	34	0	0.2072	0.0000	5.0000
11426.794	35	0	0.2074	0.0000	5.0000
11441.755	36	0	0.2076	0.0000	5.0000
11447.938	35	0	0.2077	0.0000	5.0000
11451.524	36	0	0.2077	0.0000	5.0000
11461.294	37	0	0.2078	0.0000	5.0000
11471.064	38	0	0.2080	0.0000	5.0000
11480.834	39	0	0.2081	0.0000	5.0000
11481.116	38	0	0.2081	0.0000	5.0000
11490.604	39	0	0.2082	0.0000	5.0000
11500.373	40	0	0.2084	0.0000	5.0000
11510.143	41	0	0.2085	0.0000	5.0000
11519.913	42	0	0.2086	0.0000	5.0000
11529.683	43	0	0.2088	0.0000	5.0000
11539.453	44	0	0.2089	0.0000	5.0000
11549.223	45	0	0.2091	0.0000	5.0000
11558.992	46	0	0.2092	0.0000	5.0000
11568.762	47	0	0.2094	0.0000	5.0000
11578.532	48	0	0.2095	0.0000	5.0000
11588.302	49	0	0.2097	0.0000	5.0000
11598.072	50	0	0.2099	0.0000	5.0000
11607.841	51	0	0.2100	0.0000	5.0000
11617.611	52	0	0.2102	0.0000	5.0000
11627.381	53	0	0.2104	0.0000	5.0000
11637.151	54	0	0.2106	0.0000	5.0000
11640.441	53	0	0.2106	0.0000	5.0000
11640.441	52	0	0.2106	0.0000	5.0000
11645.993	53	0	0.2107	0.0000	5.0000
11654.835	54	0	0.2109	0.0000	5.0000
11663.678	55	0	0.2111	0.0000	5.0000
11672.520	56	0	0.2112	0.0000	5.0000
11681.362	57	0	0.2114	0.0000	5.0000
11690.204	58	0	0.2116	0.0000	5.0000
11699.046	59	0	0.2118	0.0000	5.0000
11707.889	60	0	0.2120	0.0000	5.0000
11716.731	61	0	0.2121	0.0000	5.0000
11725.573	62	0	0.2123	0.0000	5.0000
11734.415	63	0	0.2125	0.0000	5.0000
11743.257	64	0	0.2127	0.0000	5.0000
11752.100	65	0	0.2129	0.0000	5.0000
11757.375	64	0	0.2130	0.0000	5.0000
11757.375	63	0	0.2130	0.0000	5.0000
11757.375	62	0	0.2130	0.0000	5.0000
11760.942	63	0	0.2131	0.0000	5.0000
11773.979	62	0	0.2134	0.0000	5.0000
11902.678	61	0	0.2162	0.0000	5.0000
11943.235	60	0	0.2171	0.0000	5.0000
12190.124	59	0	0.2222	0.0000	5.0000
12190.124	58	0	0.2222	0.0000	5.0000
12252.880	57	0	0.2235	0.0000	5.0000
12252.880	56	0	0.2235	0.0000	5.0000
12334.238	55	0	0.2251	0.0000	5.0000
12334.238	54	0	0.2251	0.0000	5.0000
12334.238	53	0	0.2251	0.0000	5.0000
12334.238	52	0	0.2251	0.0000	5.0000
12334.238	51	0	0.2251	0.0000	5.0000
12353.585	50	0	0.2254	0.0000	5.0000
12503.338	49	0	0.2281	0.0000	5.0000
12503.338	48	0	0.2281	0.0000	5.0000
12588.146	47	0	0.2295	0.0000	5.0000
12669.070	46	0	0.2308	0.0000	5.0000
12669.070	45	0	0.2308	0.0000	5.0000
12761.165	44	0	0.2323	0.0000	5.0000
12761.165	43	0	0.2323	0.0000	5.0000
12793.283	42	0	0.2327	0.0000	5.0000
12827.315	41	0	0.2332	0.0000	5.0000
13003.891	40	0	0.2358	0.0000	5.0000
13003.891	39	0	0.2358	0.0000	5.0000
13003.891	38	0	0.2358	0.0000	5.0000
13003.891	37	0	0.2358	0.0000	5.0000
13102.469	36	0	0.2370	0.0000	5.0000
13117.431	35	0	0.2372	0.0000	5.0000
13133.695	34	0	0.2374	0.0000	5.0000
13215.849	33	0	0.2384	0.0000	5.0000
13215.849	32	0	0.2384	0.0000	5.0000
13298.709	31	0	0.2393	0.0000	5.0000
13336.166	30	0	0.2397	0.0000	5.0000
13388.217	29	0	0.2403	0.0000	5.0000
13401.052	28	0	0.2404	0.0000	5.0000
13450.504	27	0	0.2409	0.0000	5.0000
13464.570	26	0	0.2410	0.0000	5.0000
13580.387	25	0	0.2421	0.0000	5.0000
14116.555	24	0	0.2468	0.0000	5.0000
14116.555	23	0	0.2468	0.0000	5.0000
14116.555	22	0	0.2468	0.0000	5.0000
14116.555	21	0	0.2468	0.0000	5.0000
14116.555	20	0	0.2468	0.0000	5.0000
14116.555	19	0	0.2468	0.0000	5.0000
14171.633	18	0	0.2471	0.0000	5.0000
14184.856	17	0	0.2472	0.0000	5.0000
14227.013	16	0	0.2475	0.0000	5.0000
14482.794	15	0	0.2489	0.0000	7.5000
14513.998	14	0	0.2491	0.0000	7.5000
14643.883	13	0	0.2497	0.0000	7.5000
14729.425	12	0	0.2501	0.0000	7.5000
14729.425	11	0	0.2501	0.0000	7.5000
14729.425	10	0	0.2501	0.0000	7.5000
14734.603	11	0	0.2501	0.0000	7.5000
14745.520	12	0	0.2502	0.0000	7.5000
14756.437	13	0	0.2502	0.0000	7.5000
14767.353	14	0	0.2502	0.0000	7.5000
14778.270	15	0	0.2503	0.0000	7.5000
14789.187	16	0	0.2504	0.0000	7.5000
14798.403	15	0	0.2504	0.0000	7.5000
14800.104	16	0	0.2504	0.0000	7.5000
14811.020	17	0	0.2505	0.0000	7.5000
14821.937	18	0	0.2505	0.0000	7.5000
14832.854	19	0	0.2506	0.0000	7.5000
14843.771	20	0	0.2507	0.0000	7.5000
14854.687	21	0	0.2508	0.0000	7.5000
14865.604	22	0	0.2508	0.0000	7.5000
14876.521	23	0	0.2509	0.0000	7.5000
14887.438	24	0	0.2510	0.0000	7.5000
14898.354	25	0	0.2511	0.0000	7.5000
14909.271	26	0	0.2512	0.0000	7.5000
14920.188	27	0	0.2513	0.0000	7.5000
14931.105	28	0	0.2514	0.0000	7.5000
14942.021	29	0	0.2515	0.0000	7.5000
14952.577	30	0	0.2516	0.0000	7.5000
14963.132	31	0	0.2517	0.0000	7.5000
14973.687	32	0	0.2518	0.0000	7.5000
14984.243	33	0	0.2520	0.0000	7.5000
14994.798	34	0	0.2521	0.0000	7.5000
15005.354	35	0	0.2522	0.0000	7.5000
15015.909	36	0	0.2523	0.0000	7.5000
15026.464	37	0	0.2525	0.0000	7.5000
15030.602	36	0	0.2525	0.0000	7.5000
15030.602	35	0	0.2525	0.0000	7.5000
15037.020	36	0	0.2526	0.0000	7.5000
15047.575	37	0	0.2527	0.0000	7.5000
15058.130	38	0	0.2529	0.0000	7.5000
15068.686	39	0	0.2530	0.0000	7.5000
15079.241	40	0	0.2532	0.0000	7.5000
15089.796	41	0	0.2533	0.0000	7.5000
15100.352	42	0	0.2535	0.0000	7.5000
15105.314	41	0	0.2535	0.0000	7.5000
15105.314	40	0	0.2535	0.0000	7.5000
15110.907	41	0	0.2536	0.0000	7.5000
15121.463	42	0	0.2538	0.0000	7.5000
15132.018	43	0	0.2539	0.0000	7.5000
15142.573	44	0	0.2541	0.0000	7.5000
15153.129	45	0	0.2542	0.0000	7.5000
15170.605	46	0	0.2545	0.0000	7.5000
15173.993	45	0	0.2546	0.0000	7.5000
15188.081	46	0	0.2548	0.0000	7.5000
15205.557	47	0	0.2551	0.0000	7.5000
15223.034	48	0	0.2553	0.0000	7.5000
15241.997	49	0	0.2557	0.0000	7.5000
15260.960	50	0	0.2560	0.0000	7.5000
15279.923	51	0	0.2563	0.0000	7.5000
15289.229	50	0	0.2565	0.0000	7.5000
15298.886	51	0	0.2567	0.0000	7.5000
15317.849	52	0	0.2570	0.0000	7.5000
15330.885	51	0	0.2572	0.0000	7.5000
15330.885	50	0	0.2572	0.0000	7.5000
15336.812	51	0	0.2573	0.0000	7.5000
15355.775	52	0	0.2577	0.0000	7.5000
15374.738	53	0	0.2580	0.0000	7.5000
15393.701	54	0	0.2584	0.0000	7.5000
15408.765	53	0	0.2587	0.0000	7.5000
15412.664	54	0	0.2587	0.0000	7.5000
15431.627	55	0	0.2591	0.0000	7.5000
15450.590	56	0	0.2595	0.0000	7.5000
15457.432	55	0	0.2596	0.0000	7.5000
15469.553	56	0	0.2598	0.0000	7.5000
15488.516	57	0	0.2602	0.0000	7.5000
15507.479	58	0	0.2606	0.0000	7.5000
15526.442	59	0	0.2610	0.0000	7.5000
15537.769	58	0	0.2612	0.0000	7.5000
15537.769	57	0	0.2612	0.0000	7.5000
15545.405	58	0	0.2613	0.0000	7.5000
15564.368	59	0	0.2617	0.0000	7.5000
15583.331	60	0	0.2621	0.0000	7.5000
15602.294	61	0	0.2625	0.0000	7.5000
15645.583	60	0	0.2634	0.0000	7.5000
15645.583	59	0	0.2634	0.0000	7.5000
15795.447	58	0	0.2665	0.0000	7.5000
15795.447	57	0	0.2665	0.0000	7.5000
15795.447	56	0	0.2665	0.0000	7.5000
15846.957	55	0	0.2675	0.0000	7.5000
15846.957	54	0	0.2675	0.0000	7.5000
15919.905	53	0	0.2689	0.0000	7.5000
15919.905	52	0	0.2689	0.0000	7.5000
15919.905	51	0	0.2689	0.0000	7.5000
15996.231	50	0	0.2703	0.0000	7.5000
15996.231	49	0	0.2703	0.0000	7.5000
15996.231	48	0	0.2703	0.0000	7.5000
15996.231	47	0	0.2703	0.0000	7.5000
16041.828	46	0	0.2710	0.0000	7.5000
16041.828	45	0	0.2710	0.0000	7.5000
16041.828	44	0	0.2710	0.0000	7.5000
16360.579	43	0	0.2759	0.0000	7.5000
16360.579	42	0	0.2759	0.0000	7.5000
16360.579	41	0	0.2759	0.0000	7.5000
16360.579	40	0	0.2759	0.0000	7.5000
16373.517	39	0	0.2761	0.0000	7.5000
16601.625	38	0	0.2792	0.0000	7.5000
16601.625	37	0	0.2792	0.0000	7.5000
16601.625	36	0	0.2792	0.0000	7.5000
16635.091	35	0	0.2796	0.0000	7.5000
16635.091	34	0	0.2796	0.0000	7.5000
16813.525	33	0	0.2818	0.0000	7.5000
16813.525	32	0	0.2818	0.0000	7.5000
16813.525	31	0	0.2818	0.0000	7.5000
16813.525	30	0	0.2818	0.0000	7.5000
16981.055	29	0	0.2835	0.0000	7.5000
17084.263	28	0	0.2846	0.0000	7.5000
17084.263	27	0	0.2846	0.0000	7.5000
17084.263	26	0	0.2846	0.0000	7.5000
17197.151	25	0	0.2856	0.0000	7.5000
17207.895	24	0	0.2857	0.0000	7.5000
17349.513	23	0	0.2869	0.0000	7.5000
17349.513	22	0	0.2869	0.0000	7.5000
17349.513	21	0	0.2869	0.0000	7.5000
17427.494	20	0	0.2874	0.0000	7.5000
17427.494	19	0	0.2874	0.0000	7.5000
17484.012	18	0	0.2878	0.0000	7.5000
17535.981	17	0	0.2881	0.0000	7.5000
17618.719	16	0	0.2886	0.0000	7.5000
17680.347	15	0	0.2890	0.0000	7.5000
17741.743	14	0	0.2893	0.0000	7.5000
17875.016	13	0	0.2899	0.0000	7.5000
17875.016	12	0	0.2899	0.0000	7.5000
17875.016	11	0	0.2899	0.0000	7.5000
17875.016	10	0	0.2899	0.0000	7.5000
17923.050	9	0	0.2901	0.0000	7.5000
18005.433	8	0	0.2904	0.0000	10.0000
18005.433	7	0	0.2904	0.0000	10.0000
18005.433	6	0	0.2904	0.0000	10.0000
18015.062	5	0	0.2904	0.0000	10.0000
18015.062	4	0	0.2904	0.0000	10.0000
18119.299	3	0	0.2905	0.0000	10.0000
18119.299	2	0	0.2905	0.0000	10.0000
18211.867	1	0	0.2906	0.0000	10.0000
18211.867	0	0	0.2906	0.0000	10.0000
18344.397	0	1	0.2906	8.8000	10.0000
18344.397	0	2	0.2906	17.6000	10.0000
18344.397	0	3	0.2906	26.4000	10.0000
18503.626	1	3	0.2906	26.4000	10.0000
18523.200	2	3	0.2906	26.4000	10.0000
18542.775	3	3	0.2906	26.4000	10.0000
18562.349	4	3	0.2906	26.4000	10.0000
18581.924	5	3	0.2907	26.4000	10.0000
18601.498	6	3	0.2907	26.4000	10.0000
18621.073	7	3	0.2907	26.4000	10.0000
18640.647	8	3	0.2908	26.4000	10.0000
18655.453	7	3	0.2908	26.4000	10.0000
18655.453	6	3	0.2908	26.4000	10.0000
18655.453	5	3	0.2908	26.4000	10.0000
18655.453	4	3	0.2908	26.4000	10.0000
18655.453	3	3	0.2908	26.4000	10.0000
18655.453	2	3	0.2908	26.4000	10.0000
18660.222	3	3	0.2908	26.4000	10.0000
18679.796	4	3	0.2909	26.4000	10.0000
18699.371	5	3	0.2909	26.4000	10.0000
18702.457	4	3	0.2909	26.4000	10.0000
18702.457	3	3	0.2909	26.4000	10.0000
18718.945	4	3	0.2909	26.4000	10.0000
18738.519	5	3	0.2909	26.4000	10.0000
18758.094	6	3	0.2910	26.4000	10.0000
18777.668	7	3	0.2910	26.4000	10.0000
18797.243	8	3	0.2911	26.4000	10.0000
18816.817	9	3	0.2911	26.4000	10.0000
18836.392	10	3	0.2912	26.4000	10.0000
18846.375	9	3	0.2912	26.4000	10.0000
18846.375	8	3	0.2912	26.4000	10.0000
18846.375	7	3	0.2912	26.4000	10.0000
18855.966	8	3	0.2912	26.4000	10.0000
18875.541	9	3	0.2913	26.4000	10.0000
18889.904	8	3	0.2913	26.4000	10.0000
18906.531	9	3	0.2914	26.4000	10.0000
18921.595	10	3	0.2914	26.4000	10.0000
18936.659	11	3	0.2915	26.4000	10.0000
18951.723	12	3	0.2915	26.4000	10.0000
18966.787	13	3	0.2916	26.4000	10.0000
18981.851	14	3	0.2917	26.4000	10.0000
18996.914	15	3	0.2917	26.4000	10.0000
19011.978	16	3	0.2918	26.4000	10.0000
19027.042	17	3	0.2919	26.4000	10.0000
19037.343	16	3	0.2920	26.4000	10.0000
19037.343	15	3	0.2920	26.4000	10.0000
19037.343	14	3	0.2920	26.4000	10.0000
19042.106	15	3	0.2920	26.4000	10.0000
19057.170	16	3	0.2921	26.4000	10.0000
19072.234	17	3	0.2922	26.4000	10.0000
19087.298	18	3	0.2922	26.4000	10.0000
19102.362	19	3	0.2923	26.4000	10.0000
19117.426	20	3	0.2924	26.4000	10.0000
19127.613	19	3	0.2925	26.4000	10.0000
19132.490	20	3	0.2925	26.4000	10.0000
19138.315	19	3	0.2926	26.4000	10.0000
19147.554	20	3	0.2926	26.4000	10.0000
19162.618	21	3	0.2928	26.4000	10.0000
19164.787	20	3	0.2928	26.4000	10.0000
19177.682	21	3	0.2929	26.4000	10.0000
19192.746	22	3	0.2930	26.4000	10.0000
19212.535	23	3	0.2931	26.4000	10.0000
19232.324	24	3	0.2933	26.4000	10.0000
19244.021	23	3	0.2934	26.4000	10.0000
19244.021	22	3	0.2934	26.4000	10.0000
19244.021	21	3	0.2934	26.4000	10.0000
19252.113	22	3	0.2934	26.4000	10.0000
19271.902	23	3	0.2936	26.4000	10.0000
19291.692	24	3	0.2938	26.4000	10.0000
19311.481	25	3	0.2939	26.4000	10.0000
19331.270	26	3	0.2941	26.4000	10.0000
19351.059	27	3	0.2943	26.4000	10.0000
19370.848	28	3	0.2945	26.4000	10.0000
19390.637	29	3	0.2947	26.4000	10.0000
19410.426	30	3	0.2949	26.4000	10.0000
19446.630	29	3	0.2952	26.4000	10.0000
19455.870	30	3	0.2953	26.4000	10.0000
19465.111	31	3	0.2954	26.4000	10.0000
19474.352	32	3	0.2955	26.4000	10.0000
19477.763	31	3	0.2956	26.4000	10.0000
19477.763	30	3	0.2956	26.4000	10.0000
19477.763	29	3	0.2956	26.4000	10.0000
19477.763	28	3	0.2956	26.4000	10.0000
19483.593	29	3	0.2956	26.4000	10.0000
19492.833	30	3	0.2957	26.4000	10.0000
19502.074	31	3	0.2958	26.4000	10.0000
19508.621	30	3	0.2959	26.4000	10.0000
19511.315	31	3	0.2959	26.4000	10.0000
19520.555	32	3	0.2960	26.4000	10.0000
19529.796	33	3	0.2961	26.4000	10.0000
19539.037	34	3	0.2962	26.4000	10.0000
19548.277	35	3	0.2963	26.4000	10.0000
19557.518	36	3	0.2964	26.4000	10.0000
19562.314	35	3	0.2965	26.4000	10.0000
19562.314	34	3	0.2965	26.4000	10.0000
19566.759	35	3	0.2966	26.4000	10.0000
19575.999	36	3	0.2967	26.4000	10.0000
19585.240	37	3	0.2968	26.4000	10.0000
19594.481	38	3	0.2969	26.4000	10.0000
19603.721	39	3	0.2970	26.4000	10.0000
19612.962	40	3	0.2971	26.4000	10.0000
19622.203	41	3	0.2973	26.4000	10.0000
19631.444	42	3	0.2974	26.4000	10.0000
19646.612	41	3	0.2976	26.4000	10.0000
19653.984	40	3	0.2977	26.4000	10.0000
19718.138	39	3	0.2986	26.4000	10.0000
19718.138	38	3	0.2986	26.4000	10.0000
19878.509	37	3	0.3008	26.4000	10.0000
19878.509	36	3	0.3008	26.4000	10.0000
19912.670	35	3	0.3012	26.4000	10.0000
19912.670	34	3	0.3012	26.4000	10.0000
20233.583	33	3	0.3050	26.4000	10.0000
20502.354	32	3	0.3081	26.4000	10.0000
20502.354	31	3	0.3081	26.4000	10.0000
20595.582	30	3	0.3091	26.4000	10.0000
20610.347	29	3	0.3093	26.4000	10.0000
20828.640	28	3	0.3115	26.4000	10.0000
20877.387	27	3	0.3120	26.4000	10.0000
20975.124	26	3	0.3129	26.4000	10.0000
20975.124	25	3	0.3129	26.4000	10.0000
21046.564	24	3	0.3135	26.4000	10.0000
21046.564	23	3	0.3135	26.4000	10.0000
21116.870	22	3	0.3141	26.4000	10.0000
21164.676	21	3	0.3144	26.4000	10.0000
21220.649	20	3	0.3149	26.4000	10.0000
21294.558	19	3	0.3154	26.4000	10.0000
21294.558	18	3	0.3154	26.4000	10.0000
21294.558	17	3	0.3154	26.4000	10.0000
21365.720	16	3	0.3158	26.4000	10.0000
21382.041	15	3	0.3159	26.4000	10.0000
21401.203	14	3	0.3160	26.4000	10.0000
21604.419	13	3	0.3170	26.4000	12.5000
21604.419	12	3	0.3170	26.4000	12.5000
21843.310	13	3	0.3180	26.4000	12.5000
21856.468	14	3	0.3180	26.4000	12.5000
21869.627	15	3	0.3181	26.4000	12.5000
21882.786	16	3	0.3182	26.4000	12.5000
21895.945	17	3	0.3183	26.4000	12.5000
21902.485	16	3	0.3183	26.4000	12.5000
21902.485	15	3	0.3183	26.4000	12.5000
21909.104	16	3	0.3183	26.4000	12.5000
21915.844	15	3	0.3184	26.4000	12.5000
21922.262	16	3	0.3184	26.4000	12.5000
21935.421	17	3	0.3185	26.4000	12.5000
21948.580	18	3	0.3185	26.4000	12.5000
21961.739	19	3	0.3186	26.4000	12.5000
21974.897	20	3	0.3187	26.4000	12.5000
21988.056	21	3	0.3188	26.4000	12.5000
22001.215	22	3	0.3189	26.4000	12.5000
22010.030	21	3	0.3190	26.4000	12.5000
22010.030	20	3	0.3190	26.4000	12.5000
22014.374	21	3	0.3190	26.4000	12.5000
22027.532	22	3	0.3191	26.4000	12.5000
22040.691	23	3	0.3192	26.4000	12.5000
22053.850	24	3	0.3193	26.4000	12.5000
22067.009	25	3	0.3194	26.4000	12.5000
22080.167	26	3	0.3195	26.4000	12.5000
22093.326	27	3	0.3197	26.4000	12.5000
22102.033	28	3	0.3197	26.4000	12.5000
22110.739	29	3	0.3198	26.4000	12.5000
22119.446	30	3	0.3199	26.4000	12.5000
22128.152	31	3	0.3200	26.4000	12.5000
22136.859	32	3	0.3201	26.4000	12.5000
22145.565	33	3	0.3202	26.4000	12.5000
22154.272	34	3	0.3203	26.4000	12.5000
22161.549	33	3	0.3204	26.4000	12.5000
22162.978	34	3	0.3204	26.4000	12.5000
22171.684	35	3	0.3205	26.4000	12.5000
22180.391	36	3	0.3206	26.4000	12.5000
22189.097	37	3	0.3207	26.4000	12.5000
22197.804	38	3	0.3208	26.4000	12.5000
22206.510	39	3	0.3209	26.4000	12.5000
22215.217	40	3	0.3211	26.4000	12.5000
22223.923	41	3	0.3212	26.4000	12.5000
22229.901	40	3	0.3213	26.4000	12.5000
22232.630	41	3	0.3213	26.4000	12.5000
22241.336	42	3	0.3214	26.4000	12.5000
22250.043	43	3	0.3216	26.4000	12.5000
22258.749	44	3	0.3217	26.4000	12.5000
22267.456	45	3	0.3218	26.4000	12.5000
22282.143	46	3	0.3221	26.4000	12.5000
22296.830	47	3	0.3223	26.4000	12.5000
22311.517	48	3	0.3225	26.4000	12.5000
22326.204	49	3	0.3228	26.4000	12.5000
22340.891	50	3	0.3230	26.4000	12.5000
22355.579	51	3	0.3233	26.4000	12.5000
22356.329	50	3	0.3233	26.4000	12.5000
22369.408	51	3	0.3235	26.4000	12.5000
22383.238	52	3	0.3238	26.4000	12.5000
22397.068	53	3	0.3240	26.4000	12.5000
22410.898	54	3	0.3243	26.4000	12.5000
22424.728	55	3	0.3245	26.4000	12.5000
22438.558	56	3	0.3248	26.4000	12.5000
22438.843	55	3	0.3248	26.4000	12.5000
22452.388	56	3	0.3251	26.4000	12.5000
22458.557	55	3	0.3252	26.4000	12.5000
22466.218	56	3	0.3253	26.4000	12.5000
22480.048	57	3	0.3256	26.4000	12.5000
22493.878	58	3	0.3259	26.4000	12.5000
22507.708	59	3	0.3262	26.4000	12.5000
22521.538	60	3	0.3265	26.4000	12.5000
22535.368	61	3	0.3267	26.4000	12.5000
22549.198	62	3	0.3270	26.4000	12.5000
22563.028	63	3	0.3273	26.4000	12.5000
22576.857	64	3	0.3276	26.4000	12.5000
22590.687	65	3	0.3280	26.4000	12.5000
22604.517	66	3	0.3283	26.4000	12.5000
22618.347	67	3	0.3286	26.4000	12.5000
22632.177	68	3	0.3289	26.4000	12.5000
22651.874	67	3	0.3294	26.4000	12.5000
23190.166	66	3	0.3420	26.4000	12.5000
23365.561	65	3	0.3460	26.4000	12.5000
23369.235	64	3	0.3461	26.4000	12.5000
23498.429	63	3	0.3490	26.4000	12.5000
23652.498	62	3	0.3524	26.4000	12.5000
23652.498	61	3	0.3524	26.4000	12.5000
23652.498	60	3	0.3524	26.4000	12.5000
23668.977	59	3	0.3527	26.4000	12.5000
23681.534	58	3	0.3530	26.4000	12.5000
23775.790	57	3	0.3549	26.4000	12.5000
24086.261	56	3	0.3611	26.4000	12.5000
24086.261	55	3	0.3611	26.4000	12.5000
24153.130	54	3	0.3624	26.4000	12.5000
24311.802	53	3	0.3654	26.4000	12.5000
24446.190	52	3	0.3679	26.4000	12.5000
24446.190	51	3	0.3679	26.4000	12.5000
24611.127	50	3	0.3708	26.4000	12.5000
24827.944	49	3	0.3746	26.4000	12.5000
24877.515	48	3	0.3754	26.4000	12.5000
25109.998	47	3	0.3793	26.4000	12.5000
25109.998	46	3	0.3793	26.4000	12.5000
25136.757	45	3	0.3798	26.4000	12.5000
25138.318	44	3	0.3798	26.4000	12.5000
25197.218	43	3	0.3807	26.4000	12.5000
25207.276	42	3	0.3809	26.4000	15.0000
25430.698	41	3	0.3841	26.4000	15.0000
25430.698	40	3	0.3841	26.4000	15.0000
25446.233	41	3	0.3844	26.4000	15.0000
25463.061	42	3	0.3846	26.4000	15.0000
25479.889	43	3	0.3848	26.4000	15.0000
25496.717	44	3	0.3851	26.4000	15.0000
25513.544	45	3	0.3854	26.4000	15.0000
25530.372	46	3	0.3856	26.4000	15.0000
25547.200	47	3	0.3859	26.4000	15.0000
25564.028	48	3	0.3862	26.4000	15.0000
25580.855	49	3	0.3865	26.4000	15.0000
25597.683	50	3	0.3867	26.4000	15.0000
25614.511	51	3	0.3870	26.4000	15.0000
25631.338	52	3	0.3873	26.4000	15.0000
25648.166	53	3	0.3876	26.4000	15.0000
25664.994	54	3	0.3880	26.4000	15.0000
25681.822	55	3	0.3883	26.4000	15.0000
25698.649	56	3	0.3886	26.4000	15.0000
25715.477	57	3	0.3889	26.4000	15.0000
25727.668	58	3	0.3892	26.4000	15.0000
25739.858	59	3	0.3894	26.4000	15.0000
25752.048	60	3	0.3897	26.4000	15.0000
25764.238	61	3	0.3899	26.4000	15.0000
25776.429	62	3	0.3902	26.4000	15.0000
25788.619	63	3	0.3904	26.4000	15.0000
25800.809	64	3	0.3907	26.4000	15.0000
25803.220	63	3	0.3908	26.4000	15.0000
25803.220	62	3	0.3908	26.4000	15.0000
25813.000	63	3	0.3910	26.4000	15.0000
25825.190	64	3	0.3912	26.4000	15.0000
25834.188	63	3	0.3914	26.4000	15.0000
25837.380	64	3	0.3915	26.4000	15.0000
25849.571	65	3	0.3918	26.4000	15.0000
25861.761	66	3	0.3921	26.4000	15.0000
25873.951	67	3	0.3923	26.4000	15.0000
25886.142	68	3	0.3926	26.4000	15.0000
25898.332	69	3	0.3929	26.4000	15.0000
25910.522	70	3	0.3932	26.4000	15.0000
25922.713	71	3	0.3935	26.4000	15.0000
25934.903	72	3	0.3938	26.4000	15.0000
25947.093	73	3	0.3941	26.4000	15.0000
25959.284	74	3	0.3944	26.4000	15.0000
26166.271	73	3	0.3998	26.4000	15.0000
26452.111	72	3	0.4071	26.4000	15.0000
26452.111	71	3	0.4071	26.4000	15.0000
26530.347	70	3	0.4090	26.4000	15.0000
26910.181	69	3	0.4183	26.4000	15.0000
26910.181	68	3	0.4183	26.4000	15.0000
26910.181	67	3	0.4183	26.4000	15.0000
27052.448	66	3	0.4217	26.4000	15.0000
27052.448	65	3	0.4217	26.4000	15.0000
27134.348	64	3	0.4235	26.4000	15.0000
27556.569	63	3	0.4330	26.4000	15.0000
27613.140	62	3	0.4342	26.4000	15.0000
27797.610	61	3	0.4382	26.4000	15.0000
27797.610	60	3	0.4382	26.4000	15.0000
27797.610	59	3	0.4382	26.4000	15.0000
27867.028	58	3	0.4396	26.4000	15.0000
27878.658	57	3	0.4399	26.4000	15.0000
27878.658	56	3	0.4399	26.4000	15.0000
28082.932	55	3	0.4439	26.4000	15.0000
28158.715	54	3	0.4453	26.4000	15.0000
28252.789	53	3	0.4471	26.4000	15.0000
28286.268	52	3	0.4477	26.4000	15.0000
28389.005	51	3	0.4496	26.4000	15.0000
28522.197	50	3	0.4520	26.4000	15.0000
28848.571	49	3	0.4577	26.4000	17.5000
28999.760	48	3	0.4603	26.4000	17.5000
29022.910	49	3	0.4606	26.4000	17.5000
29035.026	50	3	0.4608	26.4000	17.5000
29047.143	51	3	0.4611	26.4000	17.5000
29049.864	50	3	0.4611	26.4000	17.5000
29059.260	51	3	0.4613	26.4000	17.5000
29063.238	50	3	0.4613	26.4000	17.5000
29071.377	51	3	0.4615	26.4000	17.5000
29083.493	52	3	0.4617	26.4000	17.5000
29095.610	53	3	0.4619	26.4000	17.5000
29107.727	54	3	0.4621	26.4000	17.5000
29119.843	55	3	0.4624	26.4000	17.5000
29131.960	56	3	0.4626	26.4000	17.5000
29147.727	57	3	0.4629	26.4000	17.5000
29150.578	56	3	0.4630	26.4000	17.5000
29150.578	55	3	0.4630	26.4000	17.5000
29163.494	56	3	0.4632	26.4000	17.5000
29179.261	57	3	0.4635	26.4000	17.5000
29195.027	58	3	0.4638	26.4000	17.5000
29203.581	57	3	0.4640	26.4000	17.5000
29210.794	58	3	0.4642	26.4000	17.5000
29226.561	59	3	0.4645	26.4000	17.5000
29242.328	60	3	0.4648	26.4000	17.5000
29258.095	61	3	0.4651	26.4000	17.5000
29273.861	62	3	0.4655	26.4000	17.5000
29289.628	63	3	0.4658	26.4000	17.5000
29305.395	64	3	0.4662	26.4000	17.5000
29321.162	65	3	0.4665	26.4000	17.5000
29327.069	64	3	0.4667	26.4000	17.5000
29336.928	65	3	0.4669	26.4000	17.5000
29352.695	66	3	0.4672	26.4000	17.5000
29368.462	67	3	0.4676	26.4000	17.5000
29384.229	68	3	0.4680	26.4000	17.5000
29399.996	69	3	0.4683	26.4000	17.5000
29415.762	70	3	0.4687	26.4000	17.5000
29427.369	69	3	0.4690	26.4000	17.5000
29427.369	68	3	0.4690	26.4000	17.5000
29431.529	69	3	0.4691	26.4000	17.5000
29447.296	70	3	0.4695	26.4000	17.5000
29611.901	69	3	0.4735	26.4000	17.5000
29662.483	68	3	0.4747	26.4000	17.5000
29727.108	67	3	0.4763	26.4000	17.5000
29995.012	66	3	0.4825	26.4000	17.5000
29995.012	65	3	0.4825	26.4000	17.5000
29995.012	64	3	0.4825	26.4000	17.5000
30021.868	63	3	0.4831	26.4000	17.5000
30213.733	62	3	0.4874	26.4000	17.5000
30317.799	61	3	0.4896	26.4000	17.5000
30317.799	60	3	0.4896	26.4000	17.5000
30529.999	59	3	0.4941	26.4000	17.5000
30543.230	58	3	0.4943	26.4000	17.5000
30672.627	57	3	0.4970	26.4000	17.5000
30672.627	56	3	0.4970	26.4000	17.5000
30686.454	55	3	0.4972	26.4000	17.5000
30686.454	54	3	0.4972	26.4000	17.5000
30701.346	53	3	0.4975	26.4000	17.5000
30806.754	52	3	0.4995	26.4000	17.5000
30806.754	51	3	0.4995	26.4000	17.5000
30856.471	50	3	0.5004	26.4000	17.5000
30882.664	49	3	0.5008	26.4000	17.5000
30954.701	48	3	0.5020	26.4000	17.5000
30954.701	47	3	0.5020	26.4000	17.5000
31179.652	46	3	0.5057	26.4000	17.5000
31179.652	45	3	0.5057	26.4000	17.5000
31179.652	44	3	0.5057	26.4000	17.5000
31179.652	43	3	0.5057	26.4000	17.5000
31179.652	42	3	0.5057	26.4000	17.5000
31229.154	41	3	0.5065	26.4000	17.5000
31229.154	40	3	0.5065	26.4000	17.5000
31322.807	39	3	0.5078	26.4000	17.5000
31322.807	38	3	0.5078	26.4000	17.5000
31322.807	37	3	0.5078	26.4000	17.5000
31322.807	36	3	0.5078	26.4000	17.5000
31322.807	35	3	0.5078	26.4000	17.5000
31397.921	34	3	0.5087	26.4000	17.5000
31433.210	33	3	0.5091	26.4000	17.5000
31433.210	32	3	0.5091	26.4000	17.5000
31494.190	31	3	0.5098	26.4000	17.5000
31494.190	30	3	0.5098	26.4000	17.5000
31537.762	29	3	0.5103	26.4000	17.5000
31589.445	28	3	0.5108	26.4000	17.5000
31640.204	27	3	0.5113	26.4000	17.5000
31666.372	26	3	0.5115	26.4000	17.5000
31688.641	25	3	0.5117	26.4000	17.5000
31713.850	24	3	0.5119	26.4000	17.5000
31713.850	23	3	0.5119	26.4000	17.5000
31763.517	22	3	0.5123	26.4000	17.5000
31763.517	21	3	0.5123	26.4000	17.5000
31766.985	20	3	0.5124	26.4000	17.5000
31766.985	19	3	0.5124	26.4000	17.5000
31766.985	18	3	0.5124	26.4000	17.5000
31885.961	17	3	0.5131	26.4000	17.5000
31885.961	16	3	0.5131	26.4000	17.5000
31885.961	15	3	0.5131	26.4000	17.5000
31928.267	14	3	0.5133	26.4000	17.5000
31928.267	13	3	0.5133	26.4000	17.5000
31978.591	12	3	0.5136	26.4000	17.5000
32223.973	11	3	0.5146	26.4000	17.5000
32223.973	10	3	0.5146	26.4000	17.5000
32223.973	9	3	0.5146	26.4000	17.5000
32279.036	8	3	0.5148	26.4000	17.5000
32279.036	7	3	0.5148	26.4000	17.5000
32279.036	6	3	0.5148	26.4000	17.5000
32279.036	5	3	0.5148	26.4000	17.5000
32370.768	4	3	0.5149	26.4000	17.5000
32370.768	3	3	0.5149	26.4000	17.5000
32370.768	2	3	0.5149	26.4000	17.5000
32402.308	1	3	0.5150	26.4000	20.0000
32527.999	0	3	0.5150	26.4000	20.0000
32527.999	0	4	0.5150	35.2000	20.0000
32527.999	0	5	0.5150	44.0000	20.0000
32527.999	0	6	0.5150	52.8000	20.0000
32527.999	0	7	0.5150	61.6000	20.0000
32612.403	0	8	0.5150	70.4000	20.0000
32612.403	0	9	0.5150	79.2000	20.0000
32655.965	0	10	0.5150	88.0000	20.0000
32669.792	1	10	0.5150	88.0000	20.0000
32687.687	2	10	0.5150	88.0000	20.0000
32705.581	3	10	0.5150	88.0000	20.0000
32714.479	2	10	0.5150	88.0000	20.0000
32723.475	3	10	0.5150	88.0000	20.0000
32741.369	4	10	0.5151	88.0000	20.0000
32759.263	5	10	0.5151	88.0000	20.0000
32777.158	6	10	0.5151	88.0000	20.0000
32795.052	7	10	0.5151	88.0000	20.0000
32812.946	8	10	0.5152	88.0000	20.0000
32830.840	9	10	0.5152	88.0000	20.0000
32848.735	10	10	0.5153	88.0000	20.0000
32866.629	11	10	0.5154	88.0000	20.0000
32884.384	10	10	0.5154	88.0000	20.0000
32884.384	9	10	0.5154	88.0000	20.0000
32884.523	10	10	0.5154	88.0000	20.0000
32902.417	11	10	0.5155	88.0000	20.0000
32920.312	12	10	0.5156	88.0000	20.0000
32938.206	13	10	0.5156	88.0000	20.0000
32956.100	14	10	0.5157	88.0000	20.0000
32973.994	15	10	0.5158	88.0000	20.0000
32991.889	16	10	0.5159	88.0000	20.0000
33009.783	17	10	0.5160	88.0000	20.0000
33019.425	18	10	0.5161	88.0000	20.0000
33029.067	19	10	0.5161	88.0000	20.0000
33038.709	20	10	0.5162	88.0000	20.0000
33048.351	21	10	0.5162	88.0000	20.0000
33057.993	22	10	0.5163	88.0000	20.0000
33067.635	23	10	0.5164	88.0000	20.0000
33077.278	24	10	0.5165	88.0000	20.0000
33086.920	25	10	0.5166	88.0000	20.0000
33096.562	26	10	0.5166	88.0000	20.0000
33106.204	27	10	0.5167	88.0000	20.0000
33115.846	28	10	0.5168	88.0000	20.0000
33125.488	29	10	0.5169	88.0000	20.0000
33128.200	28	10	0.5169	88.0000	20.0000
33128.200	27	10	0.5169	88.0000	20.0000
33128.200	26	10	0.5169	88.0000	20.0000
33135.130	27	10	0.5170	88.0000	20.0000
33144.772	28	10	0.5171	88.0000	20.0000
33154.415	29	10	0.5172	88.0000	20.0000
33164.057	30	10	0.5173	88.0000	20.0000
33173.699	31	10	0.5174	88.0000	20.0000
33183.341	32	10	0.5175	88.0000	20.0000
33192.983	33	10	0.5176	88.0000	20.0000
33202.625	34	10	0.5177	88.0000	20.0000
33220.493	35	10	0.5179	88.0000	20.0000
33230.822	36	10	0.5180	88.0000	20.0000
33241.151	37	10	0.5182	88.0000	20.0000
33251.480	38	10	0.5183	88.0000	20.0000
33261.809	39	10	0.5184	88.0000	20.0000
33272.138	40	10	0.5186	88.0000	20.0000
33282.467	41	10	0.5187	88.0000	20.0000
33292.796	42	10	0.5189	88.0000	20.0000
33303.125	43	10	0.5190	88.0000	20.0000
33313.454	44	10	0.5192	88.0000	20.0000
33323.783	45	10	0.5193	88.0000	20.0000
33332.902	44	10	0.5195	88.0000	20.0000
33334.112	45	10	0.5195	88.0000	20.0000
33344.441	46	10	0.5197	88.0000	20.0000
33354.770	47	10	0.5198	88.0000	20.0000
33365.099	48	10	0.5200	88.0000	20.0000
33375.428	49	10	0.5202	88.0000	20.0000
33385.757	50	10	0.5204	88.0000	20.0000
33396.086	51	10	0.5205	88.0000	20.0000
33406.415	52	10	0.5207	88.0000	20.0000
33416.744	53	10	0.5209	88.0000	20.0000
33427.376	52	10	0.5211	88.0000	20.0000
33427.376	51	10	0.5211	88.0000	20.0000
33435.765	50	10	0.5213	88.0000	20.0000
33470.383	49	10	0.5219	88.0000	20.0000
33489.117	48	10	0.5222	88.0000	20.0000
33520.210	47	10	0.5227	88.0000	20.0000
33550.180	48	10	0.5232	88.0000	20.0000
33567.666	49	10	0.5235	88.0000	20.0000
33585.151	50	10	0.5238	88.0000	20.0000
33595.757	49	10	0.5240	88.0000	20.0000
33602.637	50	10	0.5241	88.0000	20.0000
33620.123	51	10	0.5244	88.0000	20.0000
33629.423	50	10	0.5246	88.0000	20.0000
33637.609	51	10	0.5247	88.0000	20.0000
33655.095	52	10	0.5250	88.0000	20.0000
33672.581	53	10	0.5253	88.0000	20.0000
33690.067	54	10	0.5257	88.0000	20.0000
33707.553	55	10	0.5260	88.0000	20.0000
33725.039	56	10	0.5263	88.0000	20.0000
33742.524	57	10	0.5267	88.0000	20.0000
33752.002	56	10	0.5269	88.0000	20.0000
33760.010	57	10	0.5270	88.0000	20.0000
33763.111	56	10	0.5271	88.0000	20.0000
33776.622	55	10	0.5273	88.0000	20.0000
33777.496	56	10	0.5274	88.0000	20.0000
33794.982	57	10	0.5277	88.0000	20.0000
33812.468	58	10	0.5280	88.0000	20.0000
33829.954	59	10	0.5284	88.0000	20.0000
33847.440	60	10	0.5288	88.0000	20.0000
33912.039	59	10	0.5301	88.0000	20.0000
33951.302	58	10	0.5309	88.0000	20.0000
34003.865	57	10	0.5320	88.0000	20.0000
34044.495	56	10	0.5328	88.0000	20.0000
34128.663	55	10	0.5344	88.0000	20.0000
34142.851	54	10	0.5347	88.0000	20.0000
34300.133	53	10	0.5377	88.0000	20.0000
34309.921	52	10	0.5379	88.0000	20.0000
34329.481	51	10	0.5382	88.0000	20.0000
34419.643	50	10	0.5398	88.0000	20.0000
34531.337	49	10	0.5418	88.0000	20.0000
34531.337	48	10	0.5418	88.0000	20.0000
34559.600	47	10	0.5423	88.0000	20.0000
34915.072	46	10	0.5481	88.0000	20.0000
34915.072	45	10	0.5481	88.0000	20.0000
34915.072	44	10	0.5481	88.0000	20.0000
34915.072	43	10	0.5481	88.0000	20.0000
34915.072	42	10	0.5481	88.0000	20.0000
35023.512	41	10	0.5497	88.0000	20.0000
35045.581	40	10	0.5500	88.0000	20.0000
35136.582	39	10	0.5513	88.0000	20.0000
35238.816	38	10	0.5527	88.0000	20.0000
35257.926	37	10	0.5529	88.0000	20.0000
35352.666	36	10	0.5542	88.0000	20.0000
35557.750	35	10	0.5567	88.0000	20.0000
35557.750	34	10	0.5567	88.0000	20.0000
35593.459	33	10	0.5572	88.0000	20.0000
35730.861	32	10	0.5587	88.0000	20.0000
35951.159	31	10	0.5612	88.0000	20.0000
36026.457	30	10	0.5620	88.0000	22.5000
36066.036	29	10	0.5624	88.0000	22.5000
36132.533	28	10	0.5631	88.0000	22.5000
36132.533	27	10	0.5631	88.0000	22.5000
36206.615	26	10	0.5638	88.0000	22.5000
36206.615	25	10	0.5638	88.0000	22.5000
36206.615	24	10	0.5638	88.0000	22.5000
36351.319	23	10	0.5650	88.0000	22.5000
36351.319	22	10	0.5650	88.0000	22.5000
36351.319	21	10	0.5650	88.0000	22.5000
36425.373	20	10	0.5656	88.0000	22.5000
36435.943	21	10	0.5656	88.0000	22.5000
36437.470	20	10	0.5657	88.0000	22.5000
36452.263	21	10	0.5658	88.0000	22.5000
36468.583	22	10	0.5659	88.0000	22.5000
36483.909	21	10	0.5660	88.0000	22.5000
36483.909	20	10	0.5660	88.0000	22.5000
36484.903	21	10	0.5660	88.0000	22.5000
36501.223	22	10	0.5661	88.0000	22.5000
36517.543	23	10	0.5662	88.0000	22.5000
36533.864	24	10	0.5664	88.0000	22.5000
36535.104	23	10	0.5664	88.0000	22.5000
36535.104	22	10	0.5664	88.0000	22.5000
36546.695	21	10	0.5665	88.0000	22.5000
36550.184	22	10	0.5665	88.0000	22.5000
36560.945	21	10	0.5666	88.0000	22.5000
36566.504	22	10	0.5666	88.0000	22.5000
36576.775	21	10	0.5667	88.0000	22.5000
36582.824	22	10	0.5667	88.0000	22.5000
36590.102	21	10	0.5668	88.0000	22.5000
36599.144	22	10	0.5669	88.0000	22.5000
36615.464	23	10	0.5670	88.0000	22.5000
36631.785	24	10	0.5671	88.0000	22.5000
36648.105	25	10	0.5673	88.0000	22.5000
36655.912	24	10	0.5673	88.0000	22.5000
36664.425	25	10	0.5674	88.0000	22.5000
36680.745	26	10	0.5675	88.0000	22.5000
36697.065	27	10	0.5677	88.0000	22.5000
36713.385	28	10	0.5678	88.0000	22.5000
36729.705	29	10	0.5680	88.0000	22.5000
36746.026	30	10	0.5682	88.0000	22.5000
36762.051	31	10	0.5683	88.0000	22.5000
36778.077	32	10	0.5685	88.0000	22.5000
36794.102	33	10	0.5687	88.0000	22.5000
36810.127	34	10	0.5689	88.0000	22.5000
36826.153	35	10	0.5691	88.0000	22.5000
36827.853	34	10	0.5691	88.0000	22.5000
36827.853	33	10	0.5691	88.0000	22.5000
36827.853	32	10	0.5691	88.0000	22.5000
36842.178	33	10	0.5693	88.0000	22.5000
36846.401	32	10	0.5693	88.0000	22.5000
36858.204	33	10	0.5694	88.0000	22.5000
36874.229	34	10	0.5696	88.0000	22.5000
36880.599	33	10	0.5697	88.0000	22.5000
36890.255	34	10	0.5698	88.0000	22.5000
36893.020	33	10	0.5698	88.0000	22.5000
36906.280	34	10	0.5700	88.0000	22.5000
36922.306	35	10	0.5702	88.0000	22.5000
36937.355	34	10	0.5704	88.0000	22.5000
36938.331	35	10	0.5704	88.0000	22.5000
36954.356	36	10	0.5706	88.0000	22.5000
36970.382	37	10	0.5708	88.0000	22.5000
36986.407	38	10	0.5710	88.0000	22.5000
37002.433	39	10	0.5712	88.0000	22.5000
37018.458	40	10	0.5714	88.0000	22.5000
37034.484	41	10	0.5716	88.0000	22.5000
37050.509	42	10	0.5719	88.0000	22.5000
37066.535	43	10	0.5721	88.0000	22.5000
37086.330	42	10	0.5724	88.0000	22.5000
37086.330	41	10	0.5724	88.0000	22.5000
37086.330	40	10	0.5724	88.0000	22.5000
37187.589	39	10	0.5738	88.0000	22.5000
37187.589	38	10	0.5738	88.0000	22.5000
37247.843	37	10	0.5746	88.0000	22.5000
37247.843	36	10	0.5746	88.0000	22.5000
37247.843	35	10	0.5746	88.0000	22.5000
37256.479	34	10	0.5747	88.0000	22.5000
37256.479	33	10	0.5747	88.0000	22.5000
37271.010	34	10	0.5749	88.0000	22.5000
37282.594	35	10	0.5750	88.0000	22.5000
37286.702	34	10	0.5751	88.0000	22.5000
37294.179	35	10	0.5752	88.0000	22.5000
37305.764	36	10	0.5753	88.0000	22.5000
37317.349	37	10	0.5755	88.0000	22.5000
37328.934	38	10	0.5756	88.0000	22.5000
37340.519	39	10	0.5758	88.0000	22.5000
37352.103	40	10	0.5759	88.0000	22.5000
37363.688	41	10	0.5761	88.0000	22.5000
37373.354	40	10	0.5762	88.0000	22.5000
37378.500	39	10	0.5763	88.0000	22.5000
37378.500	38	10	0.5763	88.0000	22.5000
37378.500	37	10	0.5763	88.0000	22.5000
37542.535	36	10	0.5784	88.0000	22.5000
37542.535	35	10	0.5784	88.0000	22.5000
37542.535	34	10	0.5784	88.0000	22.5000
37558.334	33	10	0.5786	88.0000	22.5000
37569.573	32	10	0.5787	88.0000	22.5000
37673.822	31	10	0.5799	88.0000	22.5000
37871.060	30	10	0.5820	88.0000	22.5000
37871.060	29	10	0.5820	88.0000	22.5000
37871.060	28	10	0.5820	88.0000	22.5000
37871.060	27	10	0.5820	88.0000	22.5000
37871.060	26	10	0.5820	88.0000	22.5000
37871.060	25	10	0.5820	88.0000	22.5000
38035.287	24	10	0.5835	88.0000	22.5000
38035.287	23	10	0.5835	88.0000	22.5000
38139.044	22	10	0.5843	88.0000	22.5000
38139.044	21	10	0.5843	88.0000	22.5000
38261.005	20	10	0.5852	88.0000	22.5000
38394.945	19	10	0.5861	88.0000	22.5000
38487.569	18	10	0.5867	88.0000	22.5000
38579.557	17	10	0.5873	88.0000	22.5000
38579.557	16	10	0.5873	88.0000	22.5000
38592.900	15	10	0.5874	88.0000	22.5000
38623.741	14	10	0.5876	88.0000	22.5000
38668.775	13	10	0.5878	88.0000	22.5000
38719.762	12	10	0.5880	88.0000	22.5000
38816.038	11	10	0.5884	88.0000	22.5000
38858.609	10	10	0.5886	88.0000	22.5000
38885.167	9	10	0.5887	88.0000	22.5000
38948.794	8	10	0.5889	88.0000	22.5000
38948.794	7	10	0.5889	88.0000	22.5000
38954.093	6	10	0.5889	88.0000	22.5000
39133.438	5	10	0.5893	88.0000	22.5000
39133.438	4	10	0.5893	88.0000	22.5000
39133.438	3	10	0.5893	88.0000	22.5000
39243.148	2	10	0.5894	88.0000	22.5000
39243.148	1	10	0.5894	88.0000	22.5000
39280.266	0	10	0.5894	88.0000	22.5000
39366.618	0	11	0.5894	96.8000	22.5000
39490.790	0	12	0.5894	105.6000	22.5000
39490.790	0	13	0.5894	114.4000	22.5000
39490.790	0	14	0.5894	123.2000	22.5000
39539.234	0	15	0.5894	132.0000	22.5000
39867.398	1	15	0.5894	132.0000	25.0000
39880.544	2	15	0.5894	132.0000	25.0000
39893.690	3	15	0.5894	132.0000	25.0000
39906.837	4	15	0.5894	132.0000	25.0000
39919.983	5	15	0.5894	132.0000	25.0000
39929.768	4	15	0.5895	132.0000	25.0000
39929.768	3	15	0.5895	132.0000	25.0000
39929.768	2	15	0.5895	132.0000	25.0000
39929.768	1	15	0.5895	132.0000	25.0000
39929.768	0	15	0.5895	132.0000	25.0000
39933.130	1	15	0.5895	132.0000	25.0000
39946.276	2	15	0.5895	132.0000	25.0000
39959.422	3	15	0.5895	132.0000	25.0000
39972.569	4	15	0.5895	132.0000	25.0000
39985.715	5	15	0.5895	132.0000	25.0000
39998.861	6	15	0.5895	132.0000	25.0000
40012.008	7	15	0.5895	132.0000	25.0000
40025.154	8	15	0.5896	132.0000	25.0000
40038.300	9	15	0.5896	132.0000	25.0000
40051.447	10	15	0.5897	132.0000	25.0000
40064.593	11	15	0.5897	132.0000	25.0000
40074.728	10	15	0.5897	132.0000	25.0000
40077.740	11	15	0.5898	132.0000	25.0000
40090.886	12	15	0.5898	132.0000	25.0000
40104.032	13	15	0.5899	132.0000	25.0000
40117.179	14	15	0.5899	132.0000	25.0000
40131.879	15	15	0.5900	132.0000	25.0000
40146.579	16	15	0.5901	132.0000	25.0000
40161.279	17	15	0.5902	132.0000	25.0000
40175.979	18	15	0.5902	132.0000	25.0000
40190.679	19	15	0.5903	132.0000	25.0000
40205.379	20	15	0.5904	132.0000	25.0000
40220.079	21	15	0.5905	132.0000	25.0000
40232.323	20	15	0.5906	132.0000	25.0000
40232.323	19	15	0.5906	132.0000	25.0000
40232.323	18	15	0.5906	132.0000	25.0000
40232.323	17	15	0.5906	132.0000	25.0000
40234.779	18	15	0.5906	132.0000	25.0000
40249.479	19	15	0.5907	132.0000	25.0000
40264.179	20	15	0.5908	132.0000	25.0000
40277.924	19	15	0.5909	132.0000	25.0000
40278.879	20	15	0.5909	132.0000	25.0000
40293.579	21	15	0.5910	132.0000	25.0000
40308.279	22	15	0.5911	132.0000	25.0000
40322.979	23	15	0.5913	132.0000	25.0000
40337.679	24	15	0.5914	132.0000	25.0000
40352.379	25	15	0.5915	132.0000	25.0000
40367.079	26	15	0.5916	132.0000	25.0000
40381.779	27	15	0.5918	132.0000	25.0000
40395.148	26	15	0.5919	132.0000	25.0000
40396.480	27	15	0.5919	132.0000	25.0000
40407.546	26	15	0.5920	132.0000	25.0000
40411.180	27	15	0.5920	132.0000	25.0000
40442.058	26	15	0.5923	132.0000	25.0000
40515.630	25	15	0.5930	132.0000	25.0000
40515.630	24	15	0.5930	132.0000	25.0000
40515.630	23	15	0.5930	132.0000	25.0000
40515.630	22	15	0.5930	132.0000	25.0000
40523.478	21	15	0.5931	132.0000	25.0000
40535.329	20	15	0.5931	132.0000	25.0000
40535.329	19	15	0.5931	132.0000	25.0000
40536.670	20	15	0.5931	132.0000	25.0000
40549.861	21	15	0.5932	132.0000	25.0000
40563.053	22	15	0.5933	132.0000	25.0000
40576.245	23	15	0.5934	132.0000	25.0000
40589.437	24	15	0.5935	132.0000	25.0000
40602.629	25	15	0.5937	132.0000	25.0000
40615.820	26	15	0.5938	132.0000	25.0000
40629.012	27	15	0.5939	132.0000	25.0000
40642.204	28	15	0.5940	132.0000	25.0000
40644.316	27	15	0.5940	132.0000	25.0000
40655.396	28	15	0.5941	132.0000	25.0000
40668.587	29	15	0.5943	132.0000	25.0000
40681.779	30	15	0.5944	132.0000	25.0000
40694.971	31	15	0.5945	132.0000	25.0000
40708.163	32	15	0.5947	132.0000	25.0000
40721.355	33	15	0.5948	132.0000	25.0000
40723.735	32	15	0.5949	132.0000	25.0000
40723.735	31	15	0.5949	132.0000	25.0000
40734.546	32	15	0.5950	132.0000	25.0000
40747.738	33	15	0.5951	132.0000	25.0000
40755.006	32	15	0.5952	132.0000	25.0000
40760.930	33	15	0.5953	132.0000	25.0000
40774.122	34	15	0.5954	132.0000	25.0000
40787.314	35	15	0.5956	132.0000	25.0000
40820.291	36	15	0.5960	132.0000	25.0000
40833.841	37	15	0.5962	132.0000	25.0000
40847.391	38	15	0.5963	132.0000	25.0000
40860.941	39	15	0.5965	132.0000	25.0000
40874.491	40	15	0.5967	132.0000	25.0000
40888.041	41	15	0.5969	132.0000	25.0000
40901.591	42	15	0.5971	132.0000	25.0000
40902.958	41	15	0.5971	132.0000	25.0000
40915.141	42	15	0.5973	132.0000	25.0000
40928.691	43	15	0.5975	132.0000	25.0000
40942.242	44	15	0.5977	132.0000	25.0000
40955.792	45	15	0.5979	132.0000	25.0000
40969.342	46	15	0.5981	132.0000	25.0000
40982.892	47	15	0.5983	132.0000	25.0000
40996.442	48	15	0.5985	132.0000	25.0000
41007.867	47	15	0.5987	132.0000	25.0000
41009.992	48	15	0.5988	132.0000	25.0000
41023.542	49	15	0.5990	132.0000	25.0000
41037.092	50	15	0.5992	132.0000	25.0000
41050.642	51	15	0.5995	132.0000	25.0000
41064.192	52	15	0.5997	132.0000	25.0000
41077.742	53	15	0.6000	132.0000	25.0000
41092.796	52	15	0.6002	132.0000	25.0000
41132.141	51	15	0.6009	132.0000	25.0000
41226.889	50	15	0.6026	132.0000	25.0000
41284.540	49	15	0.6036	132.0000	25.0000
41354.978	48	15	0.6048	132.0000	25.0000
41354.978	47	15	0.6048	132.0000	25.0000
41458.013	46	15	0.6065	132.0000	25.0000
41458.013	45	15	0.6065	132.0000	25.0000
41548.904	44	15	0.6080	132.0000	25.0000
41548.904	43	15	0.6080	132.0000	25.0000
41548.904	42	15	0.6080	132.0000	25.0000
41548.904	41	15	0.6080	132.0000	25.0000
41585.895	40	15	0.6085	132.0000	25.0000
41721.544	39	15	0.6104	132.0000	25.0000
41721.544	38	15	0.6104	132.0000	25.0000
41764.786	37	15	0.6110	132.0000	25.0000
41775.156	36	15	0.6111	132.0000	25.0000
41875.624	35	15	0.6124	132.0000	25.0000
41875.624	34	15	0.6124	132.0000	25.0000
41937.105	33	15	0.6131	132.0000	25.0000
41937.105	32	15	0.6131	132.0000	25.0000
41937.105	31	15	0.6131	132.0000	25.0000
41998.461	30	15	0.6138	132.0000	25.0000
42070.427	29	15	0.6145	132.0000	25.0000
42070.427	28	15	0.6145	132.0000	25.0000
42193.913	27	15	0.6157	132.0000	25.0000
42495.209	26	15	0.6186	132.0000	25.0000
42784.767	25	15	0.6212	132.0000	25.0000
42834.750	24	15	0.6216	132.0000	25.0000
42879.647	23	15	0.6220	132.0000	25.0000
42879.647	22	15	0.6220	132.0000	25.0000
42952.033	21	15	0.6226	132.0000	25.0000
42952.033	20	15	0.6226	132.0000	25.0000
42966.833	19	15	0.6227	132.0000	25.0000
42973.772	18	15	0.6227	132.0000	25.0000
43131.350	17	15	0.6237	132.0000	25.0000
43131.350	16	15	0.6237	132.0000	25.0000
43144.999	15	15	0.6238	132.0000	25.0000
43201.252	14	15	0.6241	132.0000	25.0000
43266.040	13	15	0.6244	132.0000	25.0000
43266.040	12	15	0.6244	132.0000	25.0000
43266.040	11	15	0.6244	132.0000	25.0000
43303.253	10	15	0.6245	132.0000	25.0000
43303.253	9	15	0.6245	132.0000	25.0000
