# s=50 S=60
# time_s	level
0.000	40
2206.732	39
2636.214	38
2636.214	37
3861.009	36
3956.504	56
3979.129	55
3992.323	58
4239.317	57
4239.317	56
4862.915	55
4862.915	54
4885.390	53
5025.715	52
5025.715	51
5025.715	50
5149.632	49
5149.632	48
5149.632	47
5149.632	46
5149.632	45
5222.729	44
5222.729	43
5264.351	42
5689.599	41
5750.899	40
5913.515	39
5976.612	38
6052.618	37
6054.026	36
6054.026	35
6124.896	34
6124.896	33
6124.896	32
6177.774	31
6303.296	30
6436.677	29
6578.584	28
7164.340	27
7219.042	26
7219.042	25
7219.042	24
7261.216	23
7261.216	22
7987.259	21
8007.370	20
8168.793	19
8314.665	18
8314.665	17
8314.665	16
8314.665	15
8338.669	14
8421.523	13
8576.766	12
8604.785	11
9117.945	10
9117.945	9
9141.512	29
9464.605	28
9477.367	27
9632.830	26
9636.100	39
9812.051	38
10024.976	37
10719.628	36
10722.190	35
10722.190	34
10722.190	33
10779.379	32
11130.730	31
11340.001	30
11340.001	29
11340.001	28
11470.695	27
11582.230	26
11582.230	25
11609.684	24
11789.906	23
11899.736	22
11931.146	21
11931.146	20
12002.578	19
12002.578	18
12093.177	17
12445.373	16
12445.373	15
12445.373	14
12519.600	22
12648.484	21
12648.484	20
12648.484	19
12775.548	18
12775.548	17
12775.548	16
13019.967	15
13019.967	14
13083.822	13
13186.158	12
13513.678	32
13562.081	31
13562.081	30
13562.081	29
13577.790	28
13650.566	27
13690.526	26
13775.694	25
13838.542	24
13920.220	23
13920.220	22
14015.426	21
14079.199	20
14174.888	19
14174.888	18
14179.977	17
14188.688	16
14248.409	15
14584.272	14
14584.272	13
14625.567	12
15037.244	11
15117.154	10
15117.154	9
15312.515	8
15323.176	7
15408.649	6
15626.691	5
15728.924	4
15911.884	3
15911.884	2
15911.884	1
15911.884	0
15981.523	0
16159.293	0
16540.172	20
16568.372	19
16568.372	18
16568.372	17
16568.372	16
16612.873	21
16709.827	20
16709.827	19
16763.984	18
16871.814	17
16899.406	37
16907.571	36
16988.732	35
16988.732	34
17003.971	33
17031.763	32
17096.251	31
17108.736	30
17147.330	29
17230.021	28
17269.454	27
17337.380	26
17374.503	25
17389.860	24
17389.860	23
17439.430	22
17516.633	21
17516.633	20
17753.028	19
17753.028	18
17753.028	17
17916.981	16
18142.111	15
18142.111	14
18152.432	13
18291.613	12
18326.201	11
18398.154	10
18795.026	9
18795.026	8
18795.026	7
18795.026	6
18795.026	5
18795.026	4
18795.026	3
18846.359	2
18949.140	1
19070.084	0
19119.672	0
19187.372	0
19187.372	0
19290.436	0
19752.968	0
19858.281	0
19858.281	0
19858.281	0
19858.281	0
19903.744	0
20277.379	0
20277.379	0
20277.379	0
20294.050	0
20647.281	0
20807.787	0
20851.024	0
20851.024	0
21239.380	20
21455.899	19
21489.684	39
21514.949	38
21526.828	42
21679.592	41
21731.082	40
22180.946	39
22180.946	38
22268.989	37
22315.895	36
22509.224	35
22550.638	34
22648.184	33
22648.184	32
22648.184	31
22648.184	30
22721.217	29
22721.217	28
22738.910	27
22864.936	26
22864.936	25
22864.936	24
22864.936	23
22864.936	22
22970.280	21
23108.284	20
23152.649	19
23261.302	18
23413.723	17
23413.723	16
23469.475	34
23600.578	33
23600.578	32
24198.432	31
24198.432	30
24280.785	29
24284.093	28
24448.903	27
24945.514	26
25039.595	25
25039.595	24
25039.595	23
25146.267	22
25241.315	21
25241.315	20
25241.315	19
25241.315	18
25411.465	17
25411.465	16
25442.436	15
25495.082	14
25542.111	13
25614.425	12
25614.425	11
25938.164	10
26128.048	9
26221.928	8
26256.161	7
26445.336	6
26634.332	5
26840.104	4
26901.140	3
27129.762	2
27502.321	1
27855.093	0
27855.093	0
27855.093	0
28012.371	0
28141.229	20
28280.974	19
28531.941	18
28542.689	17
28616.733	35
28683.796	34
28685.674	33
28757.731	32
28784.935	31
29084.597	30
29322.589	29
29415.056	28
29927.851	27
30095.110	26
30330.958	25
30453.362	24
30453.362	23
30453.362	22
30453.362	21
30453.362	20
30453.362	19
30557.287	18
30557.287	17
30557.287	16
30649.327	15
30723.965	14
30894.706	13
30894.706	12
30991.512	21
31010.788	20
31033.351	19
31163.138	39
31275.493	38
31875.069	37
31875.069	36
32186.881	35
32422.996	34
32422.996	33
32422.996	32
32422.996	31
32472.148	30
32722.057	29
32722.057	28
32722.057	27
32722.057	26
32774.685	25
32862.082	24
32862.082	23
32862.082	22
32862.082	21
33022.287	20
33164.356	19
33233.700	18
33233.700	17
33465.381	16
33484.063	15
33582.224	14
33582.224	13
33614.960	12
33681.493	11
33681.493	10
33788.529	9
33861.267	8
33951.390	7
34057.240	12
34123.607	11
34162.086	10
34256.320	9
34256.320	8
34344.673	7
34383.759	27
34497.054	26
34799.472	25
34988.648	24
34988.648	23
35110.218	22
35290.259	21
35290.259	20
35502.578	19
35503.687	18
35555.393	17
35649.411	16
35649.411	15
35679.952	14
35906.778	13
35906.778	12
35906.778	11
36003.598	10
36003.598	9
36023.229	8
36155.407	7
36155.407	6
36155.407	5
36155.407	4
36303.950	3
36373.219	2
36413.008	1
36561.440	0
36561.440	0
36878.465	0
36878.465	0
36878.465	0
36878.465	0
36878.465	0
36878.465	0
36878.465	0
36973.228	0
37044.431	0
37044.860	0
37044.860	0
37139.447	0
37219.551	0
37494.610	0
37494.610	0
37542.436	0
37542.436	0
37566.122	0
37680.058	0
37695.149	0
37710.285	0
37905.168	0
37951.226	0
38278.256	0
38278.256	0
38278.256	0
38278.256	0
38569.835	0
38569.835	0
38569.835	0
38687.971	0
38738.552	0
38829.564	0
38957.626	20
38959.936	19
38976.610	18
39026.749	17
39128.104	16
39291.042	15
39341.794	35
39468.089	44
39478.086	43
39894.180	42
39894.180	41
39894.180	40
40061.714	39
40169.473	38
40242.052	37
40252.249	36
40280.372	35
40280.372	34
40409.972	33
40456.297	32
40568.708	31
40568.708	30
40706.587	29
40977.144	28
40977.144	27
40977.144	26
40977.144	25
41028.660	24
41121.098	23
41162.607	22
41324.514	21
41340.829	20
41527.206	19
41527.206	18
41527.206	17
41583.613	16
41698.591	15
41698.591	14
41791.210	13
41804.320	12
41834.956	11
41919.344	10
41919.344	9
41983.751	8
41983.751	7
41983.751	6
42012.037	5
42033.908	22
42104.827	21
42232.836	20
42360.947	19
42378.159	18
42493.463	17
42493.463	16
42510.545	15
42695.319	14
42695.319	13
42848.469	12
42848.469	11
43107.187	10
43107.187	9
43142.512	8
43214.403	7
43214.403	6
43331.459	5
