492.5714885017146
536.8005523196591
458.0102307240108
456.41912157172146
476.1164790228261
427.8289136475551
480.81235625556087
418.0586366528844
424.1225595487331
515.9031288357968
505.58192238341053
483.00385309904897
391.817657877447
451.2399010384717
445.4802671897678
468.4760872957073
482.4880323355667
475.4044381757942
497.65319471830213
462.193595401379
464.8868819625464
458.0437595820033
464.1592931458478
492.956089911972
469.3364030164392
423.8173453321307
442.7640412425202
599.4047701647658
463.37859382975034
447.23720451492625
433.6522933204781
467.6983944922643
429.25041596873393
480.9174175613355
537.3837947424174
440.2529796331225
482.65118062148406
487.11021040958894
446.11172715993877
454.2034229180094
525.519391705798
455.5773080826427
471.7102999916213
526.305976760108
410.7824596660924
533.4580688856827
480.1028010671847
462.39045770678894
490.69396294670565
436.72965827495267
453.49872961691875
506.40788718172706
432.0152950773356
466.09558453160724
383.7924814792954
480.38686654856843
482.0805114691591
452.4193408344239
498.6172996778927
434.4592246518651
463.1277013155064
556.2290710096654
486.9761021360812
468.8336905237867
