108.95131573072777
187.6696878637698
166.26628711255154
98.44656388301992
138.0519031885196
143.38390571960022
152.75944372841283
127.78764414243577
140.13969888259126
109.65778657387652
133.41060067532055
177.49920746598823
190.48110196678925
100.52401828772064
142.8384944629674
135.69259947690264
109.94803077362788
158.28733068897344
155.40053881100133
122.36088640184076
111.5723800614157
124.05193524521907
154.79849652754442
129.146034118716
121.41151511824147
135.24320770518233
130.3171492636014
188.02943325193672
108.50771083157558
141.6694544114699
120.17402416870762
141.69253509085348
144.38189449670642
145.38243379566126
132.7638014089187
98.01034948383598
115.10615013294097
132.37231527736753
177.36068828492108
103.3747361614636
162.7235480996691
146.94369119817847
130.52733162493632
125.09267745714244
167.47877613394553
209.14762842460678
141.2228873209895
121.7551295747745
123.39923843653786
144.0318686936367
125.96773064930508
132.21275555127932
108.88113794236236
158.22784291979295
117.46704342839973
139.38421398748673
115.95214518841335
120.61898904226933
125.1849334278274
103.96130189999144
162.58551029040026
142.5960808559378
105.14703006998394
133.19600687671053
