53.46326385771043
66.00070152873046
54.29585500132173
48.30891878090968
59.813250156539475
59.54545657212105
74.09547662286415
60.396890245090546
60.244094941393044
58.84180269237117
67.760234989955
55.08501598041524
64.46831930860773
65.28494712202387
71.36717261312435
70.6665857359132
57.58698997714593
50.28299245281257
58.73116713238013
57.66364783840618
76.5617582915471
72.95546336167116
55.364556251725716
67.2184297811947
68.63469274876832
74.10273629039698
70.92124192692572
74.90720606261817
70.88289981921913
56.79174659565503
61.3917972079254
80.0801083360264
73.34272646172903
61.75189006293227
58.80873353844659
69.51165882698618
61.30159428127279
59.59298976039281
54.123235282004934
75.49005712878149
83.5979585687791
55.87540675892874
67.02150113397234
60.91521280976012
61.528689809819205
68.40602441510076
74.4228808170883
71.52427184561648
61.210551499838715
62.38375801361148
66.40127514915119
67.43517767765519
63.43718478333789
52.12233591446271
59.30841320536898
68.33855219386719
53.728256876835424
55.659971284168755
64.63271158597239
51.629706242087686
51.27401456670751
70.77956386032376
66.23768775424521
69.34519242058741
