129.77342513102786
137.66443958780997
130.3728614996658
133.78232105279454
131.69812374898964
135.45614566787435
134.98414221794744
133.26102085063454
132.09778199796582
129.86500791302845
133.19871070531636
135.06326135967836
131.7283265514638
130.77704791369578
128.9561115335303
132.32591965693499
138.98903706165092
132.51202630873786
131.66743626227833
133.118534180964
128.78569198596537
128.39694437426408
134.3982688896351
135.60187668589907
133.68233166784714
130.57699400048372
133.08543493364098
135.40765025994477
131.23942803585427
136.49362313578706
132.71436323851205
133.68024394653563
133.32130187716365
130.2029155990992
131.37052761354605
130.04627701804367
132.83901010741576
134.23038977459993
131.67016239796365
132.76933527066228
136.91016949509248
133.19789021352304
136.99702387874012
130.15619405149945
131.1318321326978
130.95626040508185
134.19353124718847
132.37496472792122
134.23143752962352
137.32058779986292
130.77409641837195
131.3226869928348
136.14771936583296
133.6536206859781
134.31436540204558
136.78550987711884
132.05521305800787
129.01205208612606
138.96736077759638
130.75098832719044
142.62006811044043
137.61442160776414
139.7753162826297
129.3877544354937
