79.69121215439804
78.86364787154216
94.98953631335799
81.57740383166174
84.92124285390479
77.19673404698368
88.81567298652146
75.83906138085865
118.58079184063635
81.10955915085935
85.90210935164174
84.71410107894727
77.28017230507601
78.68617967293349
82.10540008993664
72.2575487112429
76.77955877327925
87.24440053128637
89.48948363494948
76.04053831377414
76.02183968250559
87.70879366840241
93.07287632009063
78.78760121378822
91.61519118015043
81.97280673332965
88.6508336312926
81.11848524120477
87.70347648278133
85.12267793984228
95.68387026884002
78.33973071158758
86.595849312513
92.53997407331151
76.70537793781926
81.08256615155618
84.73762768080354
97.39274988361356
84.26832095562335
75.2889578831966
97.32687525918757
83.33325737156936
76.80679631615939
83.31613234113033
89.05667427733191
76.324477769679
79.1465969540559
84.79960651632959
90.37036075595454
90.78714167117644
83.7128255022661
86.0068205791638
82.62666806065307
97.6920367017535
77.16327150172626
78.05490692191981
71.97048294813753
83.90940799249455
81.743042084897
92.65668933417192
103.47205132726187
94.17644622598505
82.57207550550429
86.13594693260524
