3.302152223022253
3.196614140943958
3.0060429109389615
3.0401878623378304
3.008631338815779
3.1393924209133193
3.2412766916906537
3.1473159206370354
3.0526028342085545
3.075714506080012
3.043325203286856
3.2066958801507135
3.249246891454404
3.18175587709375
3.012361239089551
3.309986201719811
3.183957350251733
2.9866109814234423
3.102395337702665
3.153019418686013
3.179772838007455
3.29977392382445
3.107653560069005
3.343629695500414
3.226991364654699
3.297071302393014
3.0469464469702414
3.2313377773632985
3.1768794748593336
3.4249007531340143
3.3292100044072357
2.9903786047256684
3.01520510915324
3.2189295919163636
3.180167483785523
2.927363234221272
3.1125540049636
3.2678018068902954
3.098635200155353
3.097326403759159
3.2623604274179856
3.139816901138227
3.2306251247524522
3.0593573867500403
3.1417320987342086
3.1845350594714845
3.147920123426047
3.185134160059689
3.343553717279704
3.1485128141214878
3.075674308664348
3.193599542958353
3.2172284679350387
3.1754613747678735
3.1891594856388923
3.1572578594781335
3.166885847927219
3.13261604296147
3.3443899282026255
3.131131768499613
2.9827753839301883
3.2855364407126424
3.2425019211814288
3.2469132951215407
