323.0951315349163
398.05261458801056
385.2531870830226
318.3944054394306
352.9164596501172
353.67168574472066
375.9651566688782
338.1389425290238
390.8814400512898
327.5432958584175
355.70001353316803
395.26566266777706
392.103106843383
316.2935243296116
353.0272502341586
341.9309417948295
330.2265382862046
372.9251174857638
371.3985015808265
331.56197173098883
318.90840170317466
340.96419897035844
381.134347425529
346.8111726989185
347.31116170957864
348.4760641269438
353.8150225807549
399.7662242865721
331.40449978673405
364.10811564623344
351.6245703134942
350.68535250559
363.71394373967587
367.5578014377639
341.69705836296276
314.9590528531335
335.37368371819855
365.12170458893104
384.93595577251153
318.06561038117576
394.70564835520827
362.5826140945067
347.56154510753163
339.4402877507375
382.9402026179942
410.1645343529498
356.174133234304
342.74471038090826
350.41841425328863
366.56013257090626
342.6793537113791
353.74299316251387
329.76986517417555
387.7369613177376
328.70170522259104
356.32508621805687
326.28736032698157
335.5049821757347
347.6379727806299
333.8287228566204
402.2886170129698
376.8759927265147
331.02747507701423
349.54430233558435
