362.82530837655025
350.85517072779237
376.1712390774458
334.6611585854383
337.30773588079705
339.39377542472954
344.17774450596283
337.30773588079705
339.39377542472954
336.4184213976234
333.9494765703498
320.7889405179373
338.5074854942972
331.5755129498856
345.57696838331884
354.0907427944961
344.43888953085354
359.8141902240919
334.0856337178005
338.56105826193203
353.2327417151416
350.97701217503
329.62411278185454
347.3967272127311
340.7874227321919
350.21239622673284
342.19798277540906
337.9088746476745
334.3146538624839
355.2157912224707
354.0907427944961
350.11951050619916
359.8141902240919
334.0856337178005
308.3496531608553
353.2327417151416
350.97701217503
329.62411278185454
347.3967272127311
340.7874227321919
365.70140925790645
342.19798277540906
337.9088746476745
363.49349858148724
366.3383583702082
362.82530837655025
350.85517072779237
322.3617201137187
334.6611585854383
337.30773588079705
354.945725559754
338.0529006843326
337.30773588079705
354.945725559754
336.4184213976234
356.48909826774377
320.7889405179373
338.5074854942972
323.22826585371564
345.57696838331884
350.6398167306926
352.3171445546155
358.42714247685717
330.40471055115887
338.56105826193203
345.1972598847489
336.20293787813364
339.7575420479212
330.38397698377025
329.5072365667023
356.5881312887614
347.82142956836157
355.3869989001897
334.3146538624839
355.2157912224707
350.6398167306926
350.11951050619916
364.59609226058063
328.7353095361829
308.3496531608553
345.1972598847489
307.8710603445978
339.7575420479212
330.38397698377025
330.8674505867866
355.1395078675609
347.82142956836157
355.3869989001897
356.8443197649301
350.62909261911915
352.6917957745758
350.85517072779237
322.3617201137187
313.7826149032688
348.88070919932545
318.68121940220277
333.2232763402758
324.43585824664984
337.4658950706225
337.83822723076156
356.48909826774377
344.46672990299163
331.4867412353403
338.64747063381753
344.46672990299163
350.6398167306926
343.639046517808
371.05188114453114
332.87919011650763
350.1837903876251
358.73908026953615
317.6028637065959
363.9413593179741
335.75950059050615
329.5072365667023
356.5881312887614
347.539622330309
346.03412725212405
334.70502999108913
351.979301003822
350.6398167306926
350.11951050619916
369.27724591907094
332.87919011650763
350.1837903876251
358.73908026953615
356.11239930756125
355.1193366867556
333.6838211943736
330.8674505867866
355.1395078675609
347.539622330309
346.03412725212405
356.8443197649301
350.62909261911915
352.6917957745758
350.85517072779237
342.6179683431406
313.7826149032688
348.88070919932545
318.68121940220277
316.7973128739121
324.43585824664984
337.4658950706225
334.9324717537493
352.6028450037842
327.0940076504079
359.0060400477201
340.2995644862183
345.26987516637485
350.6398167306926
343.639046517808
371.05188114453114
320.97315761352627
322.3372736592786
349.411256157919
341.10464668361317
340.46476738107566
353.6533831672114
376.2487860345745
348.391639313377
339.13194849037467
372.4379977330259
347.09539202239597
341.70791184774424
368.0689622180234
350.11951050619916
369.27724591907094
320.97315761352627
322.3372736592786
349.569903070212
341.10464668361317
340.46476738107566
353.6533831672114
376.2487860345745
331.8231536532095
339.13194849037467
367.4509668835458
350.29658293533515
341.70791184774424
354.709646902839
368.05979848196154
380.52213052939464
313.7826149032688
348.88070919932545
318.68121940220277
316.7973128739121
324.43585824664984
337.4658950706225
334.9324717537493
300.0218570833692
327.0940076504079
359.0060400477201
340.2995644862183
357.50494949838213
290.2926233587919
352.3692064932958
355.5556806056699
320.97315761352627
307.32455890229136
290.44173580271405
349.644413438834
340.46476738107566
353.2726749696208
372.186058521864
323.57439812199516
353.076533247396
375.35451313104744
347.09539202239597
358.90226767989617
332.207670098352
352.3692064932958
355.5556806056699
320.97315761352627
307.32455890229136
329.00682963991756
349.644413438834
340.46476738107566
353.2726749696208
372.186058521864
348.391639313377
351.9556732793086
377.37556185371017
350.29658293533515
358.90226767989617
362.82530837655025
350.85517072779237
376.1712390774458
348.67683519977186
337.30773588079705
339.39377542472954
328.82063652144586
337.30773588079705
339.39377542472954
336.4184213976234
341.65823339524746
320.7889405179373
347.51102919227196
331.5755129498856
345.57696838331884
354.0907427944961
344.43888953085354
359.8141902240919
318.22863363456025
341.6689972422481
353.2327417151416
350.97701217503
327.7788069739456
347.3967272127311
340.7874227321919
349.4988524802078
353.08511537128874
337.9088746476745
354.88984334642606
343.1193115787039
354.0907427944961
350.11951050619916
359.8141902240919
318.22863363456025
352.14398160892495
353.2327417151416
350.97701217503
327.7788069739456
347.3967272127311
340.7874227321919
357.7259955847541
353.08511537128874
337.9088746476745
354.1581181718234
343.1193115787039
362.82530837655025
350.85517072779237
340.238461331874
356.4301822091347
337.30773588079705
354.945725559754
328.57402670482884
337.30773588079705
354.945725559754
336.4184213976234
356.48909826774377
320.7889405179373
347.51102919227196
323.22826585371564
345.57696838331884
350.6398167306926
352.3171445546155
358.42714247685717
316.8278329180715
353.53057616273514
345.1972598847489
336.20293787813364
342.72370261120705
330.38397698377025
329.5072365667023
345.75776935266833
347.7529883400679
351.08070863339276
342.03278457074737
353.8193966207681
350.6398167306926
350.11951050619916
364.59609226058063
329.48449656076826
353.75597406400726
345.1972598847489
307.8710603445978
342.72370261120705
330.38397698377025
330.8674505867866
338.61195065938426
351.55409096792687
350.9473580513349
342.03278457074737
354.9649207983293
342.4373829464509
350.85517072779237
340.238461331874
299.0209685197178
348.88070919932545
333.67809441405717
333.2232763402758
323.16783324069314
337.4658950706225
337.83822723076156
341.82665171737426
352.78742777944353
331.4867412353403
338.64747063381753
352.050869668827
350.6398167306926
356.8728942563017
371.05188114453114
343.83609662906326
333.661807345638
319.1986132571168
317.6028637065959
346.26453288556445
335.75950059050615
329.5072365667023
344.51629514697805
347.7529883400679
351.08070863339276
350.47970281549357
353.8193966207681
354.13468860585795
350.11951050619916
369.27724591907094
343.83609662906326
344.7929763611285
341.48904614814046
356.11239930756125
346.26453288556445
333.6838211943736
330.8674505867866
338.61195065938426
361.0410186815028
350.9473580513349
350.47970281549357
354.9649207983293
352.6917957745758
350.85517072779237
350.67070765669905
299.0209685197178
348.88070919932545
316.66027324857095
316.7973128739121
323.16783324069314
337.4658950706225
336.99454917625496
343.32872917242395
359.1904618573363
312.3018743767568
343.32872917242395
345.26987516637485
350.6398167306926
356.8728942563017
371.05188114453114
333.78599851531163
335.0100888266537
343.3390621355849
362.0113526687372
343.3485913005124
323.79750768453994
376.2487860345745
342.4908934281323
343.26921738577704
372.4379977330259
357.3429014562184
334.23576595092624
350.6398167306926
350.11951050619916
369.27724591907094
333.78599851531163
335.0100888266537
331.7960636343843
362.0113526687372
343.3485913005124
323.79750768453994
376.2487860345745
341.8271328478058
342.30355937707054
367.4509668835458
357.3429014562184
336.93610662205714
354.709646902839
381.03467160887186
380.52213052939464
301.1107267630783
348.88070919932545
318.68121940220277
316.7973128739121
323.16783324069314
337.4658950706225
336.99454917625496
343.32872917242395
359.1904618573363
312.3018743767568
343.32872917242395
357.50494949838213
334.9154068420924
352.3692064932958
355.5556806056699
333.78599851531163
335.0100888266537
343.3390621355849
353.62593146115034
343.3485913005124
322.6383839978514
372.186058521864
342.4908934281323
344.66545521605224
375.35451313104744
357.3429014562184
334.12205332903306
342.6074427844768
352.3692064932958
355.5556806056699
333.78599851531163
335.0100888266537
331.7960636343843
355.0090378297998
343.3485913005124
322.6383839978514
372.186058521864
341.8271328478058
345.6194577725972
377.37556185371017
357.3429014562184
334.6999687105773
367.61749737399
379.61540761485276
355.8714168987769
374.86700142164585
353.55391164493795
374.98251289302914
358.0024570065475
357.00390279138395
346.7858814441817
355.29062141999566
360.22000281557115
369.10676907080824
341.00041059348433
347.0174168246144
349.4809331287668
376.3849339488882
354.4542248941251
377.87925145491926
320.57447576535674
364.27909380496584
335.7845694922787
320.57447576535674
364.27909380496584
343.1568504993802
372.8898708109207
342.8299082246081
356.2103756440693
372.48696962222874
346.3411625914979
347.6498252962013
376.3849339488882
358.39979562466465
377.87925145491926
320.57447576535674
361.04413426233987
360.9914625728563
320.57447576535674
361.04413426233987
341.3805284166361
359.8540987307746
326.0587641233068
361.1927720819701
356.40790658536764
374.71694564797195
347.6498252962013
344.7244280942293
379.61540761485276
355.8714168987769
357.15528574069594
353.55391164493795
355.5842118594816
351.22580454879346
357.00390279138395
354.99987769058356
334.11053181192375
343.2720292476223
369.10676907080824
341.00041059348433
364.56062720123066
349.4809331287668
357.3153106172747
361.18836325352
377.87925145491926
320.64723791710816
339.5248894787406
319.54423164672386
320.64723791710816
339.5248894787406
345.25248145327595
348.52902901891065
342.8299082246081
361.3964519445604
371.84279550508955
346.3411625914979
347.6498252962013
357.67873246696547
357.80402450759453
377.87925145491926
321.90877179206933
340.555208766964
341.3805284166361
321.90877179206933
340.555208766964
341.3805284166361
359.8540987307746
351.62094091491616
361.1927720819701
372.30787496826787
368.9084857372751
347.6498252962013
344.7244280942293
379.61540761485276
362.24525521821516
357.15528574069594
353.55391164493795
357.98359448644374
349.5600306486355
357.00390279138395
354.99987769058356
334.11053181192375
319.8437309580154
369.10676907080824
344.61522437841774
364.56062720123066
357.87375711842475
361.2570909146999
354.76443068997236
377.87925145491926
352.325186835317
357.90245920337844
319.54423164672386
342.3623087234411
342.3623087234411
346.9499596027832
348.52902901891065
342.8299082246081
361.3964519445604
371.84279550508955
340.5855728837046
351.35011066215475
361.2570909146999
353.8906762319625
377.87925145491926
329.51874313938293
332.4311871042532
349.1784111725302
316.2312593588422
341.2264501292953
349.1784111725302
359.8540987307746
351.62094091491616
361.70617519185896
372.30787496826787
368.9084857372751
352.13624782111526
355.8492939917535
379.61540761485276
362.24525521821516
343.5670563355586
343.5670563355586
331.84613218697183
343.5670563355586
343.5670563355586
331.84613218697183
369.09991123792565
327.65019363357953
330.9287404436828
369.09991123792565
332.5639835710266
328.5987415954098
361.2570909146999
355.2935315063997
376.88295031159754
332.0059285265173
347.9127216908192
354.89861967671925
357.9711826514659
347.9127216908192
353.38706880696566
341.2870602764215
356.2000581185063
347.8548785621523
337.3376888327719
356.2000581185063
352.3114968016735
361.2570909146999
358.7556327751248
376.88295031159754
332.0059285265173
350.5975090473309
366.5628294070122
371.54715528847584
350.5975090473309
366.5628294070122
331.7184887256297
353.9623361032576
349.282177036113
334.330250545149
356.2000581185063
348.7321317733796
373.8967722174706
377.78072662495515
362.24525521821516
343.5670563355586
343.5670563355586
331.84613218697183
343.5670563355586
343.5670563355586
331.84613218697183
344.9860420666442
329.2723878369779
349.941330777401
346.3968742104756
340.49265542440213
345.6339752668619
361.6349119302871
355.2935315063997
370.4662218551014
331.16474281846945
347.9127216908192
354.89861967671925
372.34053564724377
347.9127216908192
353.38706880696566
341.2870602764215
356.2000581185063
347.8548785621523
337.3376888327719
356.2000581185063
352.3114968016735
350.928478616237
358.7556327751248
370.4662218551014
331.16474281846945
350.5975090473309
365.7924236277482
367.58133153242204
350.5975090473309
366.5628294070122
331.7184887256297
356.2000581185063
345.5983597706778
334.330250545149
356.2000581185063
348.7321317733796
367.61749737399
361.3399649650289
360.8249841422893
376.81956504120143
353.55391164493795
374.98251289302914
358.0024570065475
357.00390279138395
354.7421384137758
355.29062141999566
360.22000281557115
369.10676907080824
341.00041059348433
341.745605989003
368.7815945195233
376.3849339488882
339.70183031073884
328.1588550813885
326.08759574205163
370.49557257841803
373.4305217763152
328.6356440804779
370.49557257841803
343.1568504993802
372.8898708109207
342.8299082246081
356.2103756440693
369.1978378286164
346.3411625914979
347.6498252962013
376.3849339488882
339.70183031073884
328.1588550813885
329.0081135754166
376.5280363716325
341.3805284166361
340.9101434426467
376.5280363716325
341.3805284166361
357.90995464368405
326.0587641233068
366.8970144658334
367.9419710242579
374.71694564797195
347.6498252962013
344.7244280942293
375.6157135335053
360.8249841422893
357.15528574069594
353.55391164493795
359.8713428397311
351.22580454879346
357.00390279138395
354.7421384137758
344.55753854350155
319.8437309580154
369.10676907080824
341.00041059348433
348.7824336342066
368.7815945195233
357.67873246696547
339.70183031073884
328.1588550813885
359.88379788030386
356.8113728148629
319.54423164672386
359.88379788030386
356.8113728148629
348.4690759813905
348.52902901891065
342.8299082246081
361.3964519445604
369.1978378286164
346.3411625914979
347.6498252962013
357.67873246696547
339.70183031073884
328.1588550813885
359.88379788030386
356.8113728148629
341.3805284166361
359.88379788030386
356.8113728148629
341.3805284166361
357.90995464368405
351.62094091491616
366.8970144658334
367.9419710242579
368.9084857372751
347.6498252962013
344.7244280942293
375.6157135335053
360.8249841422893
357.15528574069594
353.55391164493795
357.98359448644374
349.5600306486355
357.00390279138395
354.7421384137758
344.55753854350155
319.8437309580154
369.10676907080824
344.61522437841774
348.7824336342066
368.7815945195233
361.2570909146999
339.70183031073884
341.87832297268926
352.325186835317
357.90245920337844
319.54423164672386
342.3623087234411
342.3623087234411
355.95674512396414
348.52902901891065
342.8299082246081
361.3964519445604
364.2646426202448
340.5855728837046
351.35011066215475
361.2570909146999
347.3731627960305
341.87832297268926
329.51874313938293
332.4311871042532
349.1784111725302
314.8698076170641
341.2264501292953
349.1784111725302
357.90995464368405
351.62094091491616
359.3103606204729
367.9419710242579
368.9084857372751
352.13624782111526
355.8492939917535
375.6157135335053
362.70057438492853
341.4672610758356
346.04798614829775
371.5309175003428
327.6349056415147
346.04798614829775
356.15268574057615
377.34243562142274
327.65019363357953
351.9805490229047
377.34243562142274
332.5639835710266
328.5987415954098
361.2570909146999
319.79976842774147
341.87832297268926
332.0059285265173
355.6238744479075
352.56398610564037
354.0201814363701
357.716949770422
352.56398610564037
322.41193622737615
330.18851441612435
358.70390559005773
331.1799039872984
343.7532130643035
352.3114968016735
361.2570909146999
339.66205338497156
341.87832297268926
332.0059285265173
355.6238744479075
363.68964394986676
371.54715528847584
357.716949770422
363.68964394986676
360.3164871322303
330.18851441612435
358.70390559005773
358.7565461148387
344.7076651503364
348.7321317733796
364.80622655074984
354.72843024865534
365.7185353263731
341.4672610758356
346.04798614829775
371.5309175003428
341.4672610758356
346.04798614829775
356.15268574057615
344.9860420666442
334.28565437310095
349.941330777401
346.3968742104756
340.49265542440213
345.6339752668619
361.6349119302871
339.66205338497156
333.22671558864016
331.16474281846945
355.6238744479075
352.56398610564037
372.34053564724377
357.716949770422
352.56398610564037
322.41193622737615
339.0957794938254
358.70390559005773
331.1799039872984
343.7532130643035
352.3114968016735
350.928478616237
339.66205338497156
372.98459106894427
331.16474281846945
355.6238744479075
363.68964394986676
367.58133153242204
357.716949770422
363.68964394986676
360.3164871322303
339.0957794938254
358.70390559005773
358.7565461148387
344.7076651503364
348.7321317733796
367.61749737399
371.2998154815466
360.8249841422893
376.81956504120143
353.55391164493795
374.98251289302914
363.59772704096855
370.26010267567057
358.94998863156286
361.0313877655188
364.7185675025601
369.10676907080824
330.9841390184001
341.745605989003
368.7815945195233
360.44437020056426
339.70183031073884
348.17322790450083
330.28430874168527
370.49557257841803
356.7128965111374
337.84509865414265
370.49557257841803
353.01646767483413
380.09522149381604
342.8299082246081
356.2103756440693
369.1978378286164
338.3227128109709
347.6498252962013
360.44437020056426
339.70183031073884
350.224214860985
339.6622475219831
376.5280363716325
339.68307734860787
341.83295098195657
376.5280363716325
339.68307734860787
357.90995464368405
326.0587641233068
366.8970144658334
367.9419710242579
374.71694564797195
347.6498252962013
344.7244280942293
375.6157135335053
360.8249841422893
357.15528574069594
353.55391164493795
359.8713428397311
351.22580454879346
370.26010267567057
358.94998863156286
357.6791319300596
329.4713107199794
369.10676907080824
343.28720415666436
348.7824336342066
368.7815945195233
370.7867225309888
339.70183031073884
348.17322790450083
359.88379788030386
356.8113728148629
356.7128965111374
359.88379788030386
356.8113728148629
353.01646767483413
353.9257480295498
342.8299082246081
361.3964519445604
369.1978378286164
338.3227128109709
347.6498252962013
375.49466464685804
339.70183031073884
350.224214860985
359.88379788030386
356.8113728148629
368.8058779142217
359.88379788030386
356.8113728148629
368.8058779142217
357.90995464368405
363.0694371723887
366.8970144658334
367.9419710242579
373.0460432660832
347.6498252962013
344.7244280942293
375.6157135335053
360.8249841422893
357.15528574069594
353.55391164493795
357.98359448644374
349.5600306486355
376.6417977429156
358.94998863156286
357.6791319300596
329.4713107199794
369.10676907080824
343.28720415666436
348.7824336342066
368.7815945195233
370.7867225309888
339.70183031073884
350.3158780285043
352.325186835317
357.90245920337844
356.7128965111374
348.1684467170666
348.1684467170666
353.01646767483413
353.28271697906837
342.8299082246081
361.3964519445604
364.2646426202448
357.7168430926436
351.35011066215475
375.49466464685804
339.70183031073884
353.3659363547005
329.51874313938293
332.4311871042532
363.5092943310178
314.8698076170641
341.2264501292953
363.5092943310178
357.90995464368405
363.0694371723887
359.3103606204729
367.9419710242579
373.0460432660832
352.13624782111526
355.8492939917535
375.6157135335053
393.71555290207687
341.4672610758356
346.04798614829775
371.5309175003428
341.4672610758356
346.04798614829775
356.15268574057615
377.34243562142274
327.65019363357953
351.9805490229047
377.34243562142274
332.5639835710266
328.5987415954098
375.81469512607987
339.66205338497156
350.3158780285043
341.9454540418757
356.1980586770043
375.46404184532696
345.00329544905605
367.1261668213883
375.46404184532696
322.41193622737615
342.455568802615
358.70390559005773
336.3418873525061
343.7532130643035
352.3114968016735
379.3998023405773
339.66205338497156
353.3659363547005
346.0190144888027
356.1980586770043
355.24525234677446
345.00329544905605
367.1261668213883
355.24525234677446
360.3164871322303
335.4903001978138
358.70390559005773
358.7565461148387
344.7076651503364
348.7321317733796
364.80622655074984
372.65470553401366
393.71555290207687
341.4672610758356
346.04798614829775
371.5309175003428
341.4672610758356
346.04798614829775
356.15268574057615
344.9860420666442
334.28565437310095
360.1912736796965
349.3213041619687
346.5317199276091
340.8120416168945
361.28377811792467
339.66205338497156
361.9172484514236
341.9454540418757
356.1980586770043
375.46404184532696
345.00329544905605
367.1261668213883
375.46404184532696
322.41193622737615
342.455568802615
358.70390559005773
336.3418873525061
343.7532130643035
352.3114968016735
350.928478616237
339.66205338497156
372.1410328080592
346.0190144888027
356.1980586770043
350.97569810306214
345.00329544905605
367.1261668213883
350.97569810306214
360.3164871322303
335.4903001978138
358.70390559005773
358.7565461148387
344.7076651503364
348.7321317733796
371.8603892090468
384.04863491066544
385.5313819618191
371.18337096519906
349.06706417572315
393.6305657105863
363.8681375981617
337.84783014564624
371.1124903900882
361.0313877655188
332.22844500248357
369.10676907080824
330.9841390184001
362.69807068645383
368.7815945195233
360.44437020056426
339.70183031073884
379.74623182924614
341.4709842519753
341.4709842519753
359.79554823199703
358.6417111623935
358.6417111623935
359.79554823199703
381.54544556007664
371.1186860847245
341.6506563136395
352.94093195149526
364.632950214488
356.4900312143442
360.44437020056426
339.70183031073884
379.74623182924614
345.2407536875573
345.2407536875573
343.5179696106019
358.6417111623935
358.6417111623935
343.5179696106019
360.34042635429995
360.9811492441908
357.3222185273118
363.73685693801787
372.6845452852003
352.6559917450227
369.2458392974411
349.6602558334195
364.53039436589603
372.7763930706048
349.06706417572315
363.8937876165134
361.40580669030754
353.4329447667669
371.1124903900882
357.6791319300596
344.5164624544728
369.10676907080824
343.28720415666436
364.7374390063533
368.7815945195233
370.7867225309888
339.70183031073884
379.74623182924614
341.4709842519753
341.4709842519753
359.79554823199703
353.64841137246776
355.3677074492819
359.79554823199703
381.54544556007664
371.1186860847245
341.6506563136395
352.94093195149526
356.52912434993505
356.4900312143442
375.49466464685804
339.70183031073884
379.74623182924614
345.2407536875573
345.2407536875573
343.5179696106019
353.64841137246776
355.3677074492819
343.5179696106019
360.34042635429995
360.9811492441908
357.3222185273118
363.73685693801787
367.4559929008364
352.6559917450227
369.2458392974411
356.8196706094871
364.53039436589603
372.7763930706048
349.06706417572315
363.8937876165134
361.40580669030754
353.4329447667669
366.646381327411
357.6791319300596
344.5164624544728
369.10676907080824
343.28720415666436
364.7374390063533
368.7815945195233
370.7867225309888
339.70183031073884
378.7036282819688
346.1055882174714
346.1055882174714
349.85582899090383
346.1055882174714
346.1055882174714
349.85582899090383
378.84572319681797
371.1186860847245
341.6506563136395
352.94093195149526
356.52912434993505
356.4900312143442
375.49466464685804
339.70183031073884
378.7036282819688
352.3193968656705
352.3193968656705
343.5179696106019
340.0140253836168
340.0140253836168
343.5179696106019
360.34042635429995
356.40782280545517
357.3222185273118
363.73685693801787
367.4559929008364
352.6559917450227
369.2458392974411
356.8196706094871
393.71555290207687
325.7570674282742
347.2621609761807
371.5309175003428
325.7570674282742
347.2621609761807
357.7028687917951
354.71593705773023
349.4915069798772
348.77643943103743
354.71593705773023
354.8125220922064
335.6759345264457
375.81469512607987
339.66205338497156
378.7036282819688
352.8129307737454
356.1980586770043
375.46404184532696
345.00329544905605
367.1261668213883
375.46404184532696
347.9160515381767
342.455568802615
340.34154603703377
335.3267269473053
338.2545566412921
352.3114968016735
379.3998023405773
339.66205338497156
378.7036282819688
352.8129307737454
356.1980586770043
355.24525234677446
345.00329544905605
367.1261668213883
355.24525234677446
360.3164871322303
335.4903001978138
340.34154603703377
358.7565461148387
336.0435427727351
348.7321317733796
381.63926140259304
372.65470553401366
393.71555290207687
325.7570674282742
347.2621609761807
371.5309175003428
325.7570674282742
347.2621609761807
357.7028687917951
382.1802629464231
334.28565437310095
354.8232071299859
349.3213041619687
355.826024857767
354.8232071299859
361.28377811792467
339.66205338497156
357.2564050672699
352.8129307737454
356.1980586770043
375.46404184532696
345.00329544905605
367.1261668213883
375.46404184532696
349.0858157922351
342.455568802615
340.34154603703377
335.3267269473053
338.96991843931085
352.3114968016735
350.928478616237
339.66205338497156
357.2564050672699
352.8129307737454
356.1980586770043
350.97569810306214
345.00329544905605
367.1261668213883
350.97569810306214
360.3164871322303
335.4903001978138
340.34154603703377
358.7565461148387
333.0996598565354
348.7321317733796
371.8603892090468
361.565877003935
385.5313819618191
366.5176739148538
331.78766776413386
392.80370360554707
354.53204870133646
336.63218266289107
381.9973464295032
370.7804747603629
341.38556994093653
380.26652027284695
356.91117999976575
370.54679803508685
367.67816321053317
373.68000348355866
371.0327270942717
380.48700662518473
341.4709842519753
341.4709842519753
359.79554823199703
358.6417111623935
358.6417111623935
359.79554823199703
369.05417822095745
367.16625828787517
341.6506563136395
363.200225222538
354.3444176267934
356.4900312143442
373.68000348355866
371.0327270942717
380.48700662518473
345.2407536875573
345.2407536875573
343.5179696106019
358.6417111623935
358.6417111623935
343.5179696106019
373.86515747026885
370.48111340463845
357.3222185273118
371.0958230108687
357.5773642261673
352.6559917450227
369.2458392974411
361.565877003935
364.53039436589603
355.0058587509901
347.5718600656082
373.642316674162
356.21431835838837
343.94240954606755
355.86169848712933
370.7804747603629
347.1094276337564
364.44790260383763
356.91117999976575
358.21672678165146
367.67816321053317
361.16061443540593
371.0327270942717
370.10290175563364
341.4709842519753
341.4709842519753
359.79554823199703
353.64841137246776
355.3677074492819
359.79554823199703
369.05417822095745
367.16625828787517
341.6506563136395
363.200225222538
352.88420910024297
356.4900312143442
361.16061443540593
371.0327270942717
373.68025981848206
345.2407536875573
345.2407536875573
343.5179696106019
353.64841137246776
355.3677074492819
343.5179696106019
365.76374592437605
370.48111340463845
357.3222185273118
371.0958230108687
357.5773642261673
352.6559917450227
369.2458392974411
361.565877003935
364.53039436589603
355.0058587509901
347.5718600656082
373.642316674162
356.21431835838837
343.94240954606755
355.86169848712933
370.7804747603629
347.1094276337564
373.70510351849765
356.91117999976575
358.21672678165146
367.67816321053317
361.16061443540593
371.0327270942717
370.10290175563364
346.1055882174714
346.1055882174714
349.85582899090383
346.1055882174714
346.1055882174714
349.85582899090383
368.45953030481155
359.22147675660204
341.6506563136395
363.200225222538
356.9859258295523
356.4900312143442
361.16061443540593
371.0327270942717
373.68025981848206
352.3193968656705
352.3193968656705
343.5179696106019
340.0140253836168
340.0140253836168
343.5179696106019
365.76374592437605
360.92779306756813
357.3222185273118
371.0958230108687
357.5773642261673
352.6559917450227
369.2458392974411
361.565877003935
393.71555290207687
344.04523394556725
348.16825863918723
371.5309175003428
315.0746937465568
330.53928252602736
357.7028687917951
372.0322336888054
361.2205557967819
348.77643943103743
357.8036939011855
353.41335583327503
335.6759345264457
361.16061443540593
371.0327270942717
370.10290175563364
352.8129307737454
364.7163390595073
375.46404184532696
345.00329544905605
364.7163390595073
375.46404184532696
335.82099884509154
342.455568802615
340.34154603703377
346.49704893623607
338.2545566412921
357.3328921794373
361.16061443540593
371.0327270942717
373.68025981848206
352.8129307737454
364.7163390595073
355.24525234677446
345.00329544905605
364.7163390595073
355.24525234677446
352.72243590518264
335.4903001978138
340.34154603703377
343.37139284868516
336.0435427727351
357.3328921794373
367.7597528735982
381.8005721118001
393.71555290207687
344.04523394556725
348.16825863918723
371.5309175003428
315.0746937465568
330.53928252602736
357.7028687917951
367.26370212658094
358.0653835583343
354.8232071299859
363.2606147927632
361.30326371287816
354.8232071299859
361.28377811792467
368.41126314834105
357.2564050672699
352.8129307737454
364.7163390595073
375.46404184532696
345.00329544905605
364.7163390595073
375.46404184532696
335.9549745324292
342.455568802615
340.34154603703377
346.49704893623607
338.96991843931085
354.81737599509546
368.3252026196986
368.41126314834105
357.2564050672699
352.8129307737454
364.7163390595073
350.97569810306214
345.00329544905605
364.7163390595073
350.97569810306214
352.72243590518264
335.4903001978138
340.34154603703377
344.7402667500486
333.0996598565354
354.81737599509546
349.85582899090383
349.85582899090383
349.85582899090383
349.85582899090383
426.6153463695689
471.53172364732404
479.1496117250394
430.89537032119495
454.54868219698454
438.28215537603984
454.54868219698454
361.57042511555915
