491.4323031487896
494.2599668500047
499.2824571954756
516.4683580332417
534.7300220991893
530.4192466372415
526.0594508019713
527.7883317773404
539.4322046752325
539.3774328345482
533.0778869742584
538.7545156285896
543.3218663798457
536.4522827506063
536.4858980665972
535.2613487067899
536.8485753689862
542.292525546774
544.061209624283
540.2023102636789
540.8288898915998
544.032242916896
544.4501181043369
545.6146367287411
546.63410499513
546.0703821176861
543.7924694662034
544.455831697618
545.7502938625314
544.1925845889019
544.5819151064971
544.5543663868998
539.7405334588499
537.2733297687663
535.9706048498746
539.1079235046313
540.7035558706838
540.2160841514537
540.8159905361813
536.9297192001484
539.3858567266432
538.4208237001346
539.1839845241199
538.3238964704937
538.205707011658
538.106706989659
538.5960256121267
538.7319377746242
538.6823371714621
539.2290518931906
539.9705179449852
541.2627248712965
540.9768035598731
540.7879635732738
540.2091905848712
540.5023390278033
538.5292718751017
538.4111762491158
539.3453707165813
540.3574561268837
540.5982700450955
540.772867379762
541.3334636543414
542.3074990195431
195.60170489391328
193.37280820624397
204.01719432386395
207.53112748708642
210.38844319315942
213.7781931740263
218.88295356257353
222.54504048886895
222.92609544619438
221.6766934877234
223.82710873490672
226.9480999810091
227.00916602513672
226.70823712542466
230.80068403853406
232.83886103421767
235.073863139237
233.59630602996296
234.2322258556355
232.55564411068633
234.5257841321275
235.20930301029358
234.26016825590023
234.30161798000915
233.4087738645466
234.62923119080526
233.9579898876824
232.91222637996665
232.5334093383298
233.63406005918299
234.1393276444243
234.4992754810035
234.17650727653267
233.80906766228347
233.36412718510158
233.54987675118392
233.56363216757248
233.49937908783167
232.95825870329182
231.88864934720658
232.21162190522492
232.165666479127
232.41444454642956
232.4917441833189
232.6908643575893
232.40717670116578
232.7208980359534
232.19139053934484
231.9314880023355
232.21597979958509
231.93264091179293
231.9466536806479
232.30484964016023
232.33492407535473
232.07449230018398
232.56800463735104
233.269077933933
233.28713453184776
232.6794619147331
233.12018119407435
233.19596369699593
233.83311657674764
233.47800631418116
233.42858094891108
154.79692914923356
157.93969307803906
153.62146421213862
149.13754018915978
145.9443676962047
149.30289994307438
149.00603299251358
148.9065833695063
149.82698863416724
151.1864904147512
150.6436222610846
151.13433402594953
151.63746812560908
152.18722395452266
154.09714329511093
153.90919348971866
153.54058902379586
155.44482281701758
157.9626765304336
157.27229338108197
158.21072347408594
158.93156039164546
159.1413843062416
160.37274729636425
161.2218603137702
160.95906494379074
161.33111476318723
161.0094228448898
161.38822353990577
160.45597629348595
159.84376761085247
159.45873403443338
159.9423801006646
159.47687062727033
159.78304447952726
159.72505522233752
159.0353091418964
158.88518162748503
158.40577202261332
158.95807065442196
159.41125839322368
159.26154752609975
159.07722648627512
158.91285929229088
159.00000286227205
158.81960292557736
159.0626296368462
158.7688043777888
158.55446477607748
158.9580750687443
158.91018810469708
159.1251916882849
159.324628076064
159.03603528183075
159.23758209570644
159.41119242840702
159.76886241433087
159.7175213658682
159.22089457549777
158.70298169699825
158.57908352357677
158.79774868745255
159.28025974230945
159.3180414043838
