673.7724850494577
795.6832961953129
831.4891082737647
721.1515830943872
825.7929763000026
680.7236104520089
720.4762110930977
738.35890069194
593.5772997019031
796.4487570233383
764.0782724483366
706.3686657529813
644.1802741699119
675.5300596230333
739.9678005390595
708.1246724151982
666.1502634268217
780.4239496507802
710.6330106912634
674.168111660083
699.9366926828006
713.5766366891241
668.4130973571283
685.510594114435
685.1829602967938
676.1209374796324
767.6813062565944
792.0285519602926
790.0313888158773
667.5622946990599
658.0738037278137
790.2049728165177
739.4148327760721
691.3194506680519
718.3042274032159
684.7262687214886
774.8199840706867
720.3770686689026
699.2860055173539
694.9378963470097
742.542716265203
700.7800019778322
712.7795921438109
707.0853608417451
722.8175481820846
717.607483700036
720.0849369411914
681.1535720456748
795.1023797769702
811.2678744690772
648.3391908290484
691.1641670373781
721.5389901860003
661.2846589787501
674.218135370774
729.152817832335
701.0808861943518
783.5776046794157
701.6601763563277
697.5252271808399
820.4396746492445
735.2217701448346
776.622707938082
734.3551106850437
