4115.0
700.0
2720.0
2715.0
2175.0
3215.0
0.0
2175.0
3215.0
2835.0
2025.0
2055.0
1995.0
2520.0
2955.0
2705.0
2535.0
2490.0
2395.0
2925.0
2355.0
2040.0
1825.0
2550.0
2190.0
1845.0
300.0
1575.0
2685.0
2160.0
2705.0
1890.0
2490.0
2395.0
3195.0
2355.0
2040.0
1825.0
2550.0
2190.0
2640.0
300.0
1575.0
2520.0
2970.0
4115.0
700.0
2510.0
2715.0
2175.0
2915.0
3540.0
2175.0
2915.0
2835.0
2160.0
2055.0
1995.0
2865.0
2955.0
260.0
2535.0
2485.0
60.0
2925.0
2400.0
1320.0
675.0
3270.0
300.0
1845.0
90.0
2295.0
2685.0
2160.0
260.0
1890.0
2440.0
30.0
3195.0
2400.0
1710.0
675.0
3270.0
300.0
2550.0
90.0
2295.0
3105.0
3495.0
3575.0
700.0
2510.0
2375.0
2400.0
2625.0
1320.0
3105.0
2535.0
2700.0
2160.0
2430.0
2400.0
2505.0
2430.0
260.0
2745.0
2440.0
2235.0
2445.0
2190.0
1555.0
330.0
1815.0
300.0
1845.0
630.0
3975.0
2685.0
2475.0
260.0
1890.0
2440.0
2235.0
2445.0
2190.0
1535.0
600.0
1725.0
300.0
2550.0
630.0
3975.0
3105.0
3495.0
3575.0
700.0
3050.0
2375.0
2400.0
2625.0
1995.0
3105.0
2535.0
525.0
780.0
3300.0
675.0
450.0
1305.0
260.0
2745.0
2440.0
2825.0
1870.0
1610.0
1940.0
680.0
510.0
1230.0
3450.0
1095.0
1860.0
2700.0
630.0
345.0
1890.0
2440.0
2825.0
1870.0
1445.0
1940.0
680.0
510.0
1230.0
630.0
1095.0
1770.0
2685.0
630.0
1665.0
3025.0
2325.0
2375.0
2400.0
2625.0
1995.0
3105.0
2535.0
525.0
10125.0
3300.0
675.0
450.0
1275.0
10065.0
660.0
345.0
2825.0
2890.0
8385.0
1905.0
680.0
510.0
1440.0
6210.0
795.0
1530.0
2700.0
990.0
2580.0
660.0
345.0
2825.0
2890.0
2415.0
1905.0
680.0
510.0
1440.0
3450.0
795.0
1440.0
2685.0
990.0
4115.0
700.0
2720.0
2940.0
2175.0
3215.0
210.0
2175.0
3215.0
2835.0
2025.0
2055.0
1995.0
2520.0
2955.0
2705.0
2535.0
2490.0
1440.0
565.0
2355.0
2040.0
1410.0
2550.0
2190.0
435.0
860.0
1575.0
2835.0
1000.0
2705.0
1890.0
2490.0
1440.0
635.0
2355.0
2040.0
1410.0
2550.0
2190.0
345.0
860.0
1575.0
2835.0
1000.0
4115.0
700.0
2420.0
2940.0
2175.0
2915.0
2340.0
2175.0
2915.0
2835.0
2160.0
2055.0
1995.0
2865.0
2955.0
260.0
2535.0
2485.0
2250.0
1035.0
2400.0
1320.0
520.0
3270.0
300.0
30.0
2445.0
0.0
3840.0
0.0
260.0
1890.0
2440.0
2220.0
1035.0
2400.0
1710.0
520.0
3270.0
300.0
30.0
1935.0
0.0
3840.0
0.0
4145.0
700.0
2420.0
1800.0
2400.0
1575.0
1320.0
1470.0
2535.0
2700.0
2070.0
1230.0
2400.0
2505.0
1050.0
260.0
2745.0
2440.0
1050.0
1395.0
2205.0
1555.0
0.0
1815.0
300.0
630.0
2445.0
0.0
3090.0
0.0
230.0
1890.0
2440.0
1050.0
1005.0
1800.0
1535.0
0.0
1725.0
300.0
30.0
2490.0
0.0
3090.0
0.0
3575.0
700.0
405.0
1800.0
2400.0
2580.0
1995.0
1470.0
2535.0
3585.0
765.0
1155.0
2055.0
765.0
1305.0
260.0
2745.0
2440.0
80.0
765.0
2310.0
815.0
810.0
30.0
1230.0
0.0
0.0
1860.0
720.0
30.0
260.0
1890.0
2440.0
80.0
765.0
3045.0
815.0
810.0
30.0
1230.0
0.0
0.0
1770.0
720.0
30.0
1665.0
495.0
2325.0
1575.0
2400.0
2625.0
1995.0
1470.0
2535.0
3585.0
765.0
1155.0
2055.0
765.0
1275.0
2290.0
660.0
345.0
80.0
765.0
2310.0
755.0
810.0
30.0
1440.0
0.0
30.0
1530.0
720.0
30.0
2290.0
660.0
345.0
80.0
765.0
3045.0
755.0
810.0
30.0
1440.0
0.0
30.0
1440.0
720.0
30.0
1245.0
2280.0
390.0
2425.0
325.0
250.0
1765.0
2845.0
2955.0
2040.0
1800.0
165.0
2565.0
3045.0
2715.0
2390.0
2805.0
630.0
2985.0
2460.0
1530.0
2985.0
2460.0
2160.0
2035.0
2290.0
160.0
1665.0
2370.0
205.0
2390.0
2475.0
630.0
2985.0
2460.0
1095.0
2985.0
2460.0
2070.0
865.0
2335.0
295.0
1845.0
1395.0
205.0
380.0
2280.0
390.0
355.0
325.0
135.0
2020.0
2845.0
2280.0
3105.0
1845.0
165.0
2565.0
2820.0
2715.0
2275.0
2805.0
630.0
3135.0
3465.0
2160.0
3135.0
3465.0
2925.0
3205.0
2290.0
160.0
2025.0
2370.0
205.0
2275.0
2205.0
630.0
3135.0
3345.0
2070.0
3135.0
3345.0
2070.0
865.0
2710.0
295.0
1845.0
765.0
205.0
380.0
2280.0
285.0
355.0
325.0
30.0
1465.0
2845.0
2280.0
3105.0
2460.0
165.0
2325.0
2820.0
2550.0
2005.0
2205.0
630.0
1980.0
1980.0
2160.0
2145.0
2145.0
2325.0
3205.0
2290.0
160.0
2025.0
3540.0
265.0
2005.0
2205.0
630.0
1020.0
2430.0
1935.0
2670.0
1845.0
1935.0
865.0
2710.0
850.0
1845.0
765.0
265.0
425.0
2280.0
285.0
2230.0
2230.0
3245.0
2230.0
2230.0
3245.0
1150.0
2650.0
3195.0
1150.0
2650.0
165.0
2005.0
2205.0
910.0
3310.0
2445.0
1805.0
1855.0
2445.0
1950.0
1545.0
0.0
2455.0
2265.0
0.0
25.0
2005.0
2205.0
910.0
3310.0
2445.0
1950.0
995.0
2445.0
1950.0
1980.0
0.0
2320.0
3030.0
0.0
55.0
2240.0
2370.0
285.0
2230.0
2230.0
3245.0
2230.0
2230.0
3245.0
2590.0
3445.0
1510.0
2575.0
2320.0
1735.0
685.0
2205.0
910.0
3165.0
2445.0
1805.0
935.0
2445.0
1950.0
1545.0
0.0
2455.0
2265.0
0.0
25.0
610.0
2205.0
910.0
3165.0
2445.0
1950.0
725.0
2445.0
1950.0
1980.0
0.0
3240.0
3030.0
0.0
55.0
1245.0
2315.0
255.0
1255.0
325.0
250.0
1765.0
2845.0
2085.0
2040.0
1800.0
165.0
2565.0
1380.0
750.0
2390.0
2265.0
2875.0
1665.0
1260.0
1770.0
1035.0
1260.0
2160.0
2035.0
2290.0
160.0
180.0
2370.0
205.0
2390.0
2265.0
2875.0
1305.0
1170.0
2070.0
1035.0
1170.0
2070.0
25.0
2335.0
295.0
210.0
1395.0
205.0
380.0
2810.0
255.0
355.0
325.0
30.0
2020.0
2845.0
2085.0
2565.0
2460.0
165.0
2565.0
735.0
750.0
2275.0
2265.0
2875.0
1650.0
270.0
2160.0
1650.0
270.0
1560.0
3205.0
2290.0
160.0
180.0
2370.0
205.0
2275.0
2265.0
2875.0
1650.0
270.0
2070.0
1650.0
270.0
2070.0
25.0
2710.0
295.0
210.0
765.0
205.0
380.0
2810.0
255.0
355.0
325.0
30.0
1465.0
2845.0
2085.0
2565.0
2460.0
165.0
2325.0
735.0
750.0
2005.0
2265.0
2785.0
1980.0
1980.0
2160.0
2145.0
2145.0
1560.0
3205.0
2290.0
160.0
300.0
3540.0
265.0
2005.0
4215.0
2785.0
1020.0
2430.0
1935.0
1110.0
1845.0
1935.0
25.0
2710.0
175.0
210.0
765.0
265.0
425.0
2810.0
300.0
2065.0
2200.0
300.0
3460.0
2200.0
1695.0
655.0
2650.0
930.0
655.0
2650.0
165.0
2005.0
3285.0
2785.0
3310.0
855.0
1950.0
2005.0
495.0
1950.0
2820.0
30.0
25.0
2310.0
30.0
25.0
2005.0
2265.0
2785.0
3310.0
855.0
2280.0
995.0
495.0
2280.0
1215.0
30.0
25.0
120.0
30.0
55.0
2465.0
2780.0
275.0
2065.0
2200.0
300.0
2065.0
2200.0
1695.0
2590.0
3025.0
1510.0
2575.0
2320.0
1735.0
685.0
2265.0
2455.0
3165.0
855.0
1950.0
935.0
495.0
1950.0
2820.0
30.0
25.0
2310.0
30.0
25.0
610.0
2265.0
2205.0
3165.0
855.0
2280.0
725.0
495.0
2280.0
1215.0
30.0
25.0
120.0
30.0
55.0
1245.0
2315.0
255.0
1255.0
325.0
250.0
1405.0
1855.0
1050.0
420.0
1800.0
165.0
1080.0
1380.0
750.0
1735.0
2265.0
1750.0
1035.0
1260.0
1470.0
1035.0
1260.0
1125.0
1660.0
2290.0
160.0
180.0
1905.0
205.0
1735.0
2265.0
1750.0
1035.0
1170.0
1485.0
1035.0
1170.0
1485.0
25.0
2335.0
295.0
210.0
1395.0
205.0
380.0
2810.0
255.0
355.0
325.0
30.0
2020.0
1855.0
1050.0
800.0
2145.0
165.0
1080.0
735.0
750.0
1795.0
2265.0
1750.0
1650.0
270.0
1470.0
1650.0
270.0
1125.0
2335.0
2290.0
160.0
180.0
1905.0
205.0
1795.0
2265.0
1750.0
1650.0
270.0
180.0
1650.0
270.0
180.0
25.0
2305.0
295.0
210.0
765.0
205.0
380.0
2810.0
255.0
355.0
325.0
30.0
1465.0
1855.0
1050.0
800.0
2145.0
165.0
1080.0
735.0
750.0
1795.0
2265.0
1510.0
1980.0
1980.0
1470.0
2145.0
2145.0
1125.0
2335.0
2290.0
160.0
300.0
2535.0
265.0
1795.0
2265.0
1510.0
1020.0
2430.0
180.0
1110.0
1845.0
180.0
25.0
2305.0
175.0
210.0
765.0
265.0
425.0
2810.0
225.0
2065.0
2200.0
300.0
2065.0
2200.0
1695.0
655.0
2650.0
930.0
655.0
2650.0
165.0
1795.0
2265.0
1510.0
990.0
0.0
915.0
765.0
0.0
915.0
2820.0
30.0
25.0
1875.0
30.0
25.0
1435.0
2265.0
1510.0
990.0
0.0
0.0
765.0
0.0
0.0
1215.0
30.0
25.0
120.0
30.0
55.0
2465.0
650.0
225.0
2065.0
2200.0
300.0
2065.0
2200.0
1695.0
2590.0
3025.0
790.0
940.0
1225.0
1765.0
405.0
2265.0
1690.0
990.0
0.0
915.0
765.0
0.0
915.0
2820.0
30.0
25.0
1875.0
30.0
25.0
610.0
2265.0
970.0
990.0
0.0
0.0
765.0
0.0
0.0
1215.0
30.0
25.0
120.0
30.0
55.0
1255.0
2270.0
650.0
1300.0
250.0
440.0
220.0
1585.0
990.0
420.0
960.0
165.0
1080.0
120.0
750.0
1735.0
2265.0
1445.0
1500.0
1500.0
0.0
405.0
405.0
0.0
340.0
325.0
115.0
75.0
630.0
25.0
1735.0
2265.0
1445.0
1470.0
1470.0
30.0
405.0
405.0
30.0
85.0
595.0
25.0
75.0
195.0
55.0
1285.0
1760.0
335.0
420.0
250.0
180.0
340.0
1585.0
990.0
800.0
870.0
165.0
1080.0
120.0
750.0
1795.0
2265.0
1445.0
1500.0
1500.0
0.0
555.0
405.0
0.0
340.0
325.0
115.0
75.0
630.0
25.0
1795.0
2265.0
1445.0
1470.0
1470.0
30.0
555.0
405.0
30.0
85.0
595.0
25.0
75.0
195.0
55.0
1285.0
1760.0
335.0
420.0
250.0
180.0
340.0
1585.0
1050.0
800.0
870.0
165.0
1080.0
120.0
750.0
1795.0
2265.0
1445.0
1470.0
1470.0
0.0
1470.0
1470.0
0.0
370.0
325.0
115.0
75.0
630.0
25.0
1795.0
2265.0
1445.0
1725.0
1725.0
30.0
1170.0
1170.0
30.0
85.0
535.0
25.0
75.0
195.0
55.0
1285.0
1760.0
225.0
2125.0
1450.0
300.0
2125.0
1450.0
315.0
685.0
1120.0
85.0
685.0
1120.0
55.0
1795.0
2265.0
1445.0
135.0
0.0
915.0
765.0
0.0
915.0
1845.0
30.0
55.0
1710.0
30.0
25.0
1435.0
2265.0
1445.0
135.0
0.0
0.0
765.0
0.0
0.0
1215.0
30.0
55.0
120.0
30.0
55.0
1235.0
650.0
225.0
2125.0
1450.0
300.0
2125.0
1450.0
315.0
1330.0
3025.0
25.0
940.0
775.0
25.0
405.0
2265.0
310.0
135.0
0.0
915.0
765.0
0.0
915.0
1485.0
30.0
55.0
1710.0
30.0
25.0
610.0
2265.0
310.0
135.0
0.0
0.0
765.0
0.0
0.0
1215.0
30.0
55.0
120.0
30.0
55.0
1255.0
475.0
650.0
1265.0
225.0
715.0
120.0
1425.0
1305.0
150.0
1575.0
1335.0
0.0
1230.0
210.0
1260.0
545.0
1345.0
1500.0
1500.0
0.0
405.0
405.0
0.0
165.0
120.0
115.0
250.0
250.0
25.0
1260.0
545.0
1345.0
1470.0
1470.0
30.0
405.0
405.0
30.0
430.0
120.0
25.0
25.0
55.0
55.0
1285.0
475.0
335.0
855.0
145.0
30.0
360.0
1035.0
1350.0
150.0
945.0
525.0
0.0
840.0
210.0
760.0
545.0
880.0
1500.0
1500.0
0.0
555.0
405.0
0.0
165.0
120.0
115.0
250.0
310.0
25.0
760.0
545.0
880.0
1470.0
1470.0
30.0
555.0
405.0
30.0
45.0
120.0
25.0
25.0
55.0
55.0
1285.0
475.0
335.0
855.0
145.0
30.0
360.0
1035.0
1350.0
150.0
945.0
705.0
0.0
840.0
210.0
760.0
545.0
880.0
1470.0
1470.0
0.0
1470.0
1470.0
0.0
45.0
120.0
115.0
250.0
250.0
25.0
760.0
545.0
880.0
1725.0
1725.0
30.0
1170.0
1170.0
30.0
45.0
120.0
25.0
25.0
55.0
55.0
1285.0
475.0
225.0
1855.0
1570.0
300.0
1735.0
1765.0
315.0
475.0
1750.0
85.0
25.0
370.0
55.0
760.0
545.0
880.0
135.0
0.0
915.0
765.0
0.0
915.0
1845.0
30.0
55.0
705.0
30.0
25.0
760.0
545.0
880.0
135.0
0.0
0.0
765.0
0.0
0.0
570.0
30.0
55.0
90.0
30.0
25.0
950.0
1875.0
225.0
1855.0
1570.0
300.0
1735.0
1765.0
315.0
565.0
1705.0
25.0
25.0
910.0
25.0
405.0
635.0
310.0
135.0
0.0
915.0
765.0
0.0
915.0
1845.0
30.0
55.0
705.0
30.0
25.0
1975.0
635.0
310.0
135.0
0.0
0.0
765.0
0.0
0.0
570.0
30.0
55.0
90.0
30.0
25.0
0.0
0.0
0.0
0.0
645.0
310.0
30.0
450.0
735.0
1615.0
735.0
2225.0
