8135.0
8540.0
7375.0
7875.0
8215.0
6445.0
3625.0
5970.0
4860.0
4915.0
6175.0
5610.0
7490.0
6840.0
5785.0
6860.0
6860.0
5300.0
5455.0
3645.0
5570.0
6095.0
4955.0
2995.0
6920.0
6540.0
1995.0
7350.0
5850.0
1995.0
4695.0
4235.0
4605.0
3660.0
3000.0
3780.0
5645.0
7505.0
3355.0
7765.0
6760.0
3355.0
3410.0
4080.0
4425.0
4425.0
4470.0
3780.0
7660.0
8575.0
7590.0
8050.0
7135.0
6445.0
3625.0
5970.0
4860.0
4915.0
6175.0
5610.0
6825.0
6405.0
6415.0
7850.0
5735.0
5300.0
5455.0
3645.0
5570.0
6095.0
5055.0
2995.0
6920.0
6540.0
4045.0
7350.0
6730.0
4045.0
4695.0
4585.0
2505.0
3660.0
5190.0
4005.0
6720.0
7505.0
3730.0
7765.0
6760.0
3730.0
3410.0
5385.0
4755.0
4425.0
3960.0
4980.0
5970.0
4810.0
3235.0
6230.0
4810.0
3400.0
3975.0
4625.0
4435.0
6120.0
4310.0
4075.0
5635.0
5345.0
3140.0
4120.0
4225.0
3140.0
4895.0
5070.0
2985.0
4085.0
4065.0
3795.0
7230.0
3850.0
2565.0
6645.0
5895.0
2565.0
3280.0
5135.0
795.0
3085.0
2905.0
2040.0
5850.0
6365.0
1835.0
5850.0
6495.0
1985.0
4600.0
4770.0
2420.0
3775.0
5275.0
3610.0
4535.0
5210.0
4465.0
4735.0
5210.0
3040.0
5140.0
3890.0
3880.0
6850.0
5560.0
2980.0
5635.0
5240.0
2100.0
4120.0
3910.0
2895.0
4295.0
5070.0
2565.0
3685.0
4065.0
3405.0
5400.0
4915.0
3135.0
4845.0
4915.0
3135.0
5680.0
3425.0
795.0
3025.0
2905.0
4105.0
2901.0
4985.0
1835.0
7185.0
4985.0
1985.0
4240.0
2965.0
2420.0
3715.0
5155.0
1800.0
6420.0
3765.0
4465.0
8040.0
4955.0
3040.0
5140.0
3890.0
9475.0
6850.0
5560.0
3715.0
5310.0
3670.0
2205.0
4115.0
3380.0
2755.0
4295.0
5070.0
3010.0
3650.0
4065.0
3025.0
5565.0
4945.0
3045.0
5565.0
4945.0
3045.0
5590.0
5485.0
795.0
3910.0
2905.0
2870.0
7185.0
4945.0
2555.0
7185.0
4945.0
2795.0
4240.0
2965.0
1930.0
3445.0
6190.0
1800.0
5805.0
4055.0
3585.0
6820.0
4680.0
2930.0
4770.0
5020.0
3175.0
5015.0
4140.0
3240.0
7490.0
6840.0
3230.0
6860.0
6860.0
4655.0
5455.0
3645.0
4200.0
2985.0
2810.0
2225.0
3675.0
5650.0
3105.0
2460.0
2460.0
3045.0
4590.0
4235.0
3085.0
5670.0
3000.0
4365.0
4500.0
3525.0
3900.0
3345.0
2390.0
5095.0
5205.0
4080.0
2640.0
4080.0
4470.0
3660.0
5805.0
4055.0
3585.0
6920.0
4680.0
2930.0
4770.0
5020.0
3175.0
5015.0
4140.0
3240.0
6825.0
4515.0
3485.0
6205.0
5400.0
4655.0
5455.0
3645.0
4200.0
2985.0
2810.0
2225.0
3675.0
5650.0
3205.0
2460.0
2460.0
3205.0
3915.0
2840.0
2790.0
4755.0
2940.0
3720.0
4500.0
3525.0
3730.0
3345.0
2390.0
3730.0
3945.0
3835.0
2775.0
4080.0
3960.0
2970.0
5645.0
4810.0
3235.0
4420.0
4465.0
3400.0
4490.0
3005.0
4435.0
5000.0
4310.0
4075.0
3475.0
3430.0
3230.0
3520.0
3280.0
3140.0
4895.0
2775.0
2985.0
2765.0
4445.0
3795.0
3075.0
3100.0
2565.0
3540.0
3030.0
2565.0
2050.0
3975.0
2835.0
3085.0
3475.0
4225.0
2175.0
2730.0
1835.0
2115.0
2370.0
1985.0
4600.0
4770.0
2295.0
3775.0
3250.0
4405.0
3730.0
5210.0
4280.0
3730.0
5210.0
4280.0
5710.0
3890.0
3880.0
3150.0
4370.0
5080.0
3475.0
3405.0
2705.0
3520.0
3405.0
3275.0
4295.0
4445.0
2565.0
6305.0
4445.0
3405.0
3815.0
2505.0
3135.0
4755.0
2310.0
3135.0
3175.0
4060.0
3525.0
3025.0
3475.0
4090.0
2535.0
2505.0
1835.0
4905.0
2310.0
1985.0
4240.0
2965.0
2295.0
3715.0
4240.0
4705.0
4285.0
3400.0
3830.0
4285.0
3020.0
3830.0
5800.0
3890.0
3880.0
3135.0
4370.0
4465.0
3475.0
3405.0
2705.0
3520.0
3405.0
3140.0
4295.0
4445.0
3010.0
6485.0
4445.0
3025.0
3815.0
2340.0
3045.0
4755.0
2340.0
3045.0
2650.0
4420.0
3525.0
3910.0
3520.0
4090.0
2255.0
2340.0
2210.0
4275.0
2340.0
2795.0
4240.0
3310.0
2295.0
3445.0
4105.0
4570.0
5520.0
3435.0
4530.0
4275.0
3675.0
3115.0
2935.0
2935.0
2575.0
3725.0
4365.0
4815.0
3015.0
1965.0
3910.0
3545.0
2165.0
3910.0
3785.0
4040.0
2090.0
3760.0
3220.0
785.0
2950.0
3175.0
5635.0
2950.0
3400.0
2045.0
3465.0
2430.0
1505.0
3420.0
1375.0
2910.0
3925.0
3610.0
5635.0
3925.0
3610.0
3855.0
4420.0
4125.0
465.0
1005.0
4250.0
1055.0
5445.0
2340.0
4530.0
4275.0
3675.0
4530.0
2935.0
2935.0
2575.0
3725.0
3475.0
4815.0
4740.0
2445.0
3910.0
3545.0
2165.0
3910.0
3150.0
3150.0
2090.0
3760.0
2080.0
785.0
3265.0
3430.0
5735.0
3265.0
3430.0
1190.0
3465.0
2430.0
870.0
3420.0
1375.0
195.0
3925.0
3610.0
3860.0
3925.0
3610.0
3675.0
4555.0
3225.0
465.0
1005.0
4250.0
1055.0
4145.0
3305.0
6115.0
4145.0
3305.0
3375.0
5810.0
3165.0
2435.0
4465.0
3180.0
2650.0
3620.0
3670.0
4190.0
3755.0
3670.0
2840.0
5810.0
2425.0
2435.0
4015.0
1860.0
2660.0
6735.0
1060.0
2600.0
2865.0
2030.0
2420.0
3395.0
1490.0
1950.0
2025.0
2790.0
705.0
6820.0
3830.0
6340.0
1845.0
2840.0
2535.0
3540.0
2100.0
2320.0
1860.0
1950.0
195.0
3095.0
3275.0
4785.0
3095.0
3275.0
3010.0
4435.0
4170.0
3130.0
3955.0
3785.0
800.0
4170.0
3360.0
3175.0
3920.0
3635.0
2635.0
4675.0
4330.0
3095.0
1800.0
1860.0
2945.0
3670.0
1525.0
2540.0
3330.0
2030.0
2525.0
4870.0
2500.0
2175.0
3225.0
2940.0
2160.0
5040.0
1540.0
4025.0
840.0
2840.0
2535.0
3515.0
2620.0
3690.0
1860.0
3075.0
1995.0
3095.0
4520.0
3735.0
3095.0
3450.0
3010.0
5820.0
3915.0
3050.0
5925.0
3785.0
800.0
4170.0
2510.0
2925.0
3920.0
3740.0
2635.0
5305.0
4330.0
3285.0
1840.0
1590.0
2405.0
5935.0
1605.0
3790.0
3330.0
2030.0
2825.0
3810.0
900.0
2400.0
2565.0
3090.0
3060.0
6385.0
1605.0
3720.0
840.0
3170.0
2745.0
3360.0
2820.0
1530.0
3760.0
1200.0
3270.0
3125.0
2805.0
3535.0
3050.0
3675.0
2815.0
1575.0
3880.0
3295.0
4790.0
4595.0
970.0
3015.0
1965.0
895.0
2705.0
2130.0
895.0
1325.0
4200.0
1195.0
4700.0
2640.0
1675.0
2945.0
3640.0
2930.0
1550.0
2255.0
1050.0
1695.0
1620.0
2205.0
640.0
2415.0
360.0
2455.0
3640.0
3220.0
1865.0
2015.0
3975.0
3450.0
3385.0
305.0
1780.0
2650.0
330.0
2465.0
3150.0
3680.0
3050.0
3675.0
3970.0
1575.0
1700.0
3295.0
4790.0
4595.0
1460.0
1970.0
2140.0
640.0
2705.0
2130.0
640.0
1325.0
2885.0
1195.0
4700.0
2730.0
1400.0
3185.0
2510.0
3110.0
1550.0
1315.0
1325.0
1650.0
2080.0
1530.0
640.0
1240.0
360.0
2455.0
530.0
3240.0
1865.0
530.0
445.0
3450.0
2280.0
1070.0
1240.0
1705.0
330.0
4240.0
3770.0
3470.0
3400.0
2915.0
2920.0
1345.0
1930.0
2435.0
1485.0
1075.0
1745.0
3010.0
3370.0
3720.0
3010.0
3370.0
4070.0
1465.0
1025.0
2435.0
1905.0
3305.0
2660.0
4110.0
1555.0
1415.0
2410.0
1465.0
2420.0
2190.0
1490.0
1950.0
2025.0
2790.0
75.0
1170.0
1555.0
1945.0
3505.0
2130.0
2535.0
2225.0
780.0
565.0
2940.0
1680.0
1710.0
3740.0
3255.0
2795.0
2225.0
2915.0
3120.0
1075.0
840.0
1220.0
1485.0
460.0
485.0
1615.0
3030.0
3795.0
1615.0
3030.0
4700.0
1230.0
1025.0
990.0
1905.0
640.0
2945.0
1665.0
1340.0
660.0
3565.0
1465.0
2525.0
3120.0
2500.0
2175.0
1065.0
2940.0
2160.0
1735.0
1025.0
105.0
3505.0
2925.0
2535.0
1500.0
1585.0
1035.0
1275.0
3075.0
30.0
3740.0
3130.0
2795.0
1890.0
1125.0
2165.0
1075.0
650.0
3050.0
1485.0
460.0
485.0
1615.0
3490.0
3795.0
1615.0
3490.0
2435.0
1230.0
1025.0
250.0
1905.0
640.0
2405.0
1210.0
1045.0
1230.0
3115.0
2890.0
2825.0
1390.0
900.0
2400.0
1260.0
3030.0
2405.0
1300.0
1045.0
1965.0
3660.0
1365.0
2745.0
1480.0
2070.0
765.0
2030.0
750.0
0.0
3125.0
2805.0
3535.0
2885.0
3450.0
2770.0
1750.0
3180.0
945.0
4450.0
2215.0
1690.0
2145.0
1845.0
895.0
2360.0
2915.0
895.0
1700.0
2185.0
1640.0
2840.0
1800.0
795.0
2940.0
3415.0
2930.0
3745.0
2255.0
3110.0
1035.0
1080.0
180.0
640.0
1020.0
360.0
1700.0
3640.0
1710.0
1700.0
2015.0
2245.0
1245.0
3045.0
1090.0
1780.0
2650.0
330.0
2465.0
2895.0
3095.0
2885.0
3450.0
3970.0
1750.0
1385.0
945.0
4450.0
2215.0
1690.0
1970.0
2140.0
640.0
2360.0
2915.0
640.0
1700.0
2885.0
1640.0
2840.0
1800.0
795.0
2940.0
2510.0
3110.0
3745.0
1315.0
2875.0
1035.0
1575.0
410.0
640.0
1240.0
360.0
845.0
530.0
390.0
845.0
530.0
1435.0
1245.0
1635.0
970.0
1240.0
835.0
330.0
4060.0
2005.0
2680.0
3400.0
2915.0
2585.0
3375.0
1930.0
2295.0
2100.0
1075.0
460.0
1705.0
3370.0
1945.0
1705.0
3370.0
2305.0
3105.0
1025.0
890.0
1840.0
3305.0
2905.0
1165.0
2970.0
2070.0
1195.0
1465.0
2315.0
1665.0
965.0
685.0
2450.0
1540.0
1935.0
1280.0
2050.0
1050.0
3245.0
2130.0
2625.0
1340.0
1680.0
1260.0
1770.0
1015.0
1975.0
3550.0
2005.0
3495.0
2225.0
2915.0
1950.0
1915.0
840.0
715.0
1720.0
460.0
460.0
1705.0
3030.0
1945.0
1705.0
3030.0
590.0
1430.0
1025.0
870.0
1720.0
640.0
2875.0
1165.0
3385.0
2070.0
2010.0
1465.0
2810.0
810.0
965.0
325.0
3080.0
2710.0
2865.0
1280.0
2050.0
655.0
3245.0
2835.0
2265.0
1020.0
2070.0
270.0
1050.0
1015.0
2290.0
3550.0
3130.0
3495.0
1890.0
1125.0
530.0
1915.0
650.0
2125.0
1770.0
460.0
460.0
1705.0
3490.0
1945.0
1705.0
3490.0
2435.0
1360.0
1025.0
870.0
1660.0
640.0
2875.0
2175.0
3385.0
3715.0
2010.0
2890.0
2810.0
1980.0
965.0
2200.0
930.0
2710.0
2765.0
710.0
2400.0
655.0
4120.0
765.0
2265.0
1330.0
2070.0
855.0
1470.0
835.0
30.0
4500.0
3820.0
1105.0
3020.0
1495.0
1425.0
2515.0
1405.0
1525.0
3255.0
1280.0
2010.0
2165.0
1265.0
1105.0
1765.0
2730.0
3270.0
2515.0
2940.0
1045.0
1400.0
1040.0
795.0
2940.0
2345.0
285.0
3205.0
2005.0
735.0
1035.0
780.0
1110.0
2565.0
1030.0
545.0
1845.0
1355.0
435.0
1235.0
2690.0
850.0
1245.0
840.0
595.0
1700.0
1060.0
700.0
4500.0
3820.0
865.0
3020.0
1495.0
1425.0
2515.0
1405.0
1525.0
3255.0
1280.0
2445.0
1510.0
1715.0
865.0
1765.0
2730.0
3270.0
2515.0
2940.0
1045.0
1400.0
1040.0
795.0
2940.0
1950.0
285.0
3205.0
1045.0
735.0
1035.0
840.0
645.0
2565.0
1030.0
1390.0
1845.0
1455.0
210.0
1235.0
1755.0
850.0
1245.0
840.0
700.0
1700.0
1060.0
1330.0
1805.0
2490.0
2170.0
2600.0
2490.0
960.0
3500.0
1235.0
1705.0
2100.0
1795.0
430.0
2670.0
2080.0
795.0
3540.0
2820.0
1875.0
3060.0
1790.0
520.0
1840.0
2520.0
1255.0
1165.0
2080.0
2010.0
2950.0
2040.0
2270.0
1735.0
965.0
250.0
2450.0
655.0
870.0
1280.0
570.0
690.0
1290.0
2040.0
2625.0
1470.0
300.0
1500.0
1770.0
925.0
1510.0
3630.0
1710.0
885.0
1070.0
1285.0
585.0
1350.0
1310.0
440.0
1720.0
1905.0
430.0
2845.0
2080.0
1280.0
3540.0
2055.0
2445.0
855.0
935.0
965.0
1720.0
1465.0
445.0
1165.0
1675.0
2010.0
2045.0
1260.0
1760.0
1020.0
965.0
250.0
2630.0
1390.0
870.0
1280.0
570.0
665.0
2010.0
1260.0
2265.0
1635.0
300.0
1500.0
1050.0
925.0
325.0
3630.0
1710.0
885.0
1070.0
1285.0
555.0
1350.0
1310.0
440.0
1770.0
1905.0
430.0
4095.0
2310.0
1280.0
3105.0
2310.0
2085.0
1290.0
935.0
965.0
1660.0
1465.0
445.0
870.0
1675.0
2760.0
2045.0
1260.0
1760.0
1530.0
965.0
1450.0
240.0
1255.0
1325.0
665.0
570.0
665.0
2025.0
1260.0
2265.0
1330.0
300.0
0.0
1080.0
925.0
30.0
