0.0
0.0
0.0
0.0
63.04164084209387
71.01434676266847
71.01434676266847
71.01434676266847
110.9549470825228
107.94947921130148
107.94947921130148
107.94947921130148
116.3786219741252
115.05143724670009
115.05143724670009
115.05143724670009
103.9113951259335
104.14436735566531
104.14436735566531
104.14436735566531
97.6619971624684
97.53404330054
97.53404330054
97.53404330054
91.94554978631504
91.94554978631504
91.94554978631504
91.94554978631504
89.27459638228515
89.27459638228515
89.27459638228515
89.27459638228515
86.76396874615742
86.76396874615742
86.76396874615742
86.76396874615742
84.74062578286893
84.74062578286893
84.74062578286893
84.74062578286893
83.39866900143147
83.39866900143147
83.39866900143147
83.39866900143147
82.75849199178779
82.75849199178779
82.75849199178779
82.75849199178779
81.62869141329259
81.62869141329259
81.62869141329259
81.62869141329259
80.71292864891795
80.71292864891795
80.71292864891795
80.71292864891795
81.70924461456973
81.73947138330657
81.73947138330657
81.73947138330657
83.0984137168993
83.09832647043694
83.09832647043694
83.09832647043694
82.32506417080904
82.35644541158831
82.35644541158831
82.35644541158831
81.69911058340385
81.69911058340385
81.69911058340385
81.69911058340385
80.83076366200385
80.87015411327235
80.87015411327235
80.87015411327235
80.7163523716367
80.7163523716367
80.7163523716367
80.7163523716367
80.72485364876081
80.72485364876081
80.72485364876081
80.72485364876081
80.47962719956489
80.47962719956489
80.47962719956489
80.47962719956489
79.99420670790909
79.99420670790909
79.99420670790909
79.99420670790909
79.41545209636695
79.41545209636695
79.41545209636695
79.41545209636695
