0.0
0.0
0.0
1.2578125
1.0248439863023848
1.0248439863023848
1.0248439863023848
1.759218986302384
0.6863595566572445
0.6836351804293943
0.6836351804293943
0.6836351804293943
0.2945249353792594
0.2950339683011036
0.2950339683011036
0.2950339683011036
0.18207957514046347
0.18261881898201915
0.18261881898201915
0.18261881898201915
0.16235859177273115
0.16255765108195974
0.16255765108195974
0.16255765108195974
0.14490735334123503
0.14490735334123503
0.14490735334123503
0.14490735334123503
0.13935625800750504
0.13935625800750504
0.13935625800750504
0.13935625800750504
0.13599576722638737
0.13599576722638737
0.13599576722638737
0.13599576722638737
0.1324521846648587
0.1324521846648587
0.1324521846648587
0.1324521846648587
0.1298111039522632
0.1298111039522632
0.1298111039522632
0.1298111039522632
0.12563052975689384
0.12563052975689384
0.12563052975689384
0.12563052975689384
0.12130879803645997
0.12130879803645997
0.12130879803645997
0.12130879803645997
0.11875079050190558
0.11875079050190558
0.11875079050190558
0.11875079050190558
0.11785739573619777
0.11791905472701478
0.11791905472701478
0.11791905472701478
0.11790508554192497
0.117929642897308
0.117929642897308
0.117929642897308
0.11526766868454415
0.11532977077821492
0.11532977077821492
0.11532977077821492
0.11456766997761995
0.11456766997761995
0.11456766997761995
0.11456766997761995
0.11367209120580335
0.11373654215928344
0.11373654215928344
0.11373654215928344
0.11403861987980325
0.11403861987980325
0.11403861987980325
0.11403861987980325
0.1152215109882055
0.1152215109882055
0.1152215109882055
0.1152215109882055
0.11583134684624052
0.11583134684624052
0.11583134684624052
0.11583134684624052
0.11537454045662855
0.11537454045662855
0.11537454045662855
0.11537454045662855
0.11478855569242871
0.11478855569242871
0.11478855569242871
0.11478855569242871
