4575.752903234373
1190.2675078602779
3202.4177363359504
3174.5363793667934
2658.343348144851
3671.4006591510956
499.5955895894429
2658.343348144851
3671.4006591510956
3294.8594987079555
2503.6225881195323
2514.7308763844344
2462.362990986884
2987.040783915015
3410.3632241258524
3215.162472414351
2993.804340924565
2958.4147494579943
2904.114477358205
3403.634460960133
2827.487116188495
2520.8375509107004
2342.629632356602
3029.4708957808534
2703.1984589800745
2334.839899000374
818.2055546159631
2096.676138662936
3142.772041098094
2638.8522282640815
3215.162472414351
2340.9550805798403
2958.4147494579943
2904.114477358205
3656.271563050094
2827.487116188495
2520.8375509107004
2342.629632356602
3029.4708957808534
2703.1984589800745
3122.73625815143
818.2055546159631
2096.676138662936
3001.156320639488
3455.729143926249
4575.752903234373
1190.2675078602779
2961.6688810817377
3174.5363793667934
2658.343348144851
3379.5984080456387
4000.091125672718
2658.343348144851
3379.5984080456387
3294.8594987079555
2635.911827412583
2514.7308763844344
2462.362990986884
3328.4358462913997
3410.3632241258524
773.8561063861733
3001.065161516227
2954.3645127414666
576.2039098838427
3403.634460960133
2878.6571067362465
1804.5413284836839
1169.725431104465
3731.6440089534913
806.9189956987587
2323.732085665192
589.1087949494138
2792.8228318559827
3142.772041098094
2638.8522282640815
773.8561063861733
2340.9550805798403
2912.342358793131
544.0400140159097
3656.271563050094
2878.6571067362465
2189.8418863042143
1169.725431104465
3731.6440089534913
809.8533960488426
3016.669165530214
589.1087949494138
2792.8228318559827
3578.0143118267265
3973.540488821534
4033.201741475062
1190.2675078602779
2961.6688810817377
2887.4503518433175
2883.1567749439914
3090.9388470292456
1814.153682105572
3568.203060600914
3006.9110138644355
3165.7332192129893
2635.911827412583
2892.062307325544
2863.1344898495354
2975.2344123712865
2892.062307325544
773.8561063861733
3192.6539347655576
2915.6606740818893
2732.147215716644
2957.2654068122683
2707.742924768455
2056.8969557536634
825.7672362928608
2290.8460315688803
806.9189956987587
2323.732085665192
1127.9502790494446
4449.837509260727
3148.6011301228677
2950.3305149687476
773.8561063861733
2340.9550805798403
2918.698695621606
2732.147215716644
2957.2654068122683
2707.742924768455
2031.8152780890382
1094.4268874777008
2203.5506717244384
809.8533960488426
3016.669165530214
1127.9502790494446
4449.837509260727
3578.0143118267265
3973.540488821534
4033.201741475062
1190.2675078602779
3510.433164460918
2887.4503518433175
2883.1567749439914
3090.9388470292456
2483.3332877716384
3568.203060600914
3006.9110138644355
1015.6881122190366
1282.4140213160617
3768.508430757641
1157.6441346734482
931.4987865340524
1788.1291973664245
773.8561063861733
3192.6539347655576
2915.6606740818893
3336.3634886881478
2386.866562233693
2133.400983770556
2447.7024516834836
1186.2978933560953
993.8401747265066
1718.0469941681476
3933.0329500328644
1596.3171575784063
2335.7130170159544
3182.174991589265
1116.1665346263167
858.242788150425
2340.9550805798403
2918.698695621606
3336.3634886881478
2386.866562233693
1959.0846239008197
2447.7024516834836
1186.2978933560953
993.8401747265066
1718.0469941681476
1126.228263762615
1596.3171575784063
2248.1390315911312
3169.8065289566957
1116.1665346263167
2168.208745306211
3493.9340401301743
2797.485605295016
2887.4503518433175
2883.1567749439914
3090.9388470292456
2483.3332877716384
3568.203060600914
3006.9110138644355
1015.6881122190366
10557.873517691216
3768.508430757641
1157.6441346734482
931.4987865340524
1754.176260006634
10495.251700858551
1152.521877642886
852.1753019585119
3336.3634886881478
3404.4307419250867
8827.409363755238
2409.9868655402997
1186.2978933560953
996.7495340251427
1928.2478884372533
6680.010827202907
1294.3172269269694
2010.3300490685242
3182.174991589265
1485.681449383319
3058.73415618047
1152.521877642886
852.1753019585119
3336.3634886881478
3404.4307419250867
2933.4657238928216
2409.9868655402997
1186.2978933560953
996.7495340251427
1928.2478884372533
3933.0329500328644
1292.297334357117
1922.859304561071
3169.8065289566957
1485.681449383319
4575.752903234373
1190.2675078602779
3202.4177363359504
3423.3138221048507
2658.343348144851
3671.4006591510956
701.5822884337836
2658.343348144851
3671.4006591510956
3294.8594987079555
2516.054154429311
2514.7308763844344
2475.078775816208
2987.040783915015
3410.3632241258524
3215.162472414351
2993.804340924565
2958.4147494579943
1925.691317278621
1085.0890168837775
2827.487116188495
2520.8375509107004
1923.675411007174
3029.4708957808534
2703.1984589800745
962.9652042227199
1371.9937321240616
2096.676138662936
3322.683911572969
1513.0823992807618
3215.162472414351
2340.9550805798403
2958.4147494579943
1925.691317278621
1151.3498708694096
2827.487116188495
2520.8375509107004
1923.675411007174
3029.4708957808534
2703.1984589800745
869.1186202045499
1371.9937321240616
2096.676138662936
3326.06061451084
1513.0823992807618
4575.752903234373
1190.2675078602779
2884.9954261210355
3431.119103478554
2658.343348144851
3379.5984080456387
2800.6234492299805
2658.343348144851
3379.5984080456387
3294.8594987079555
2635.911827412583
2514.7308763844344
2475.078775816208
3328.4358462913997
3410.3632241258524
773.8561063861733
3001.065161516227
2954.3645127414666
2714.5667114737894
1523.9054265943244
2878.6571067362465
1804.5413284836839
1044.963556733604
3731.6440089534913
806.9189956987587
542.313294241856
2921.106576267489
506.17491488649546
4314.585900022355
501.68823323271783
773.8561063861733
2340.9550805798403
2912.342358793131
2690.0341522688855
1527.0481968723004
2878.6571067362465
2189.8418863042143
1044.963556733604
3731.6440089534913
809.8533960488426
538.8482494922157
2417.7737156593257
508.7246752299817
4314.585900022355
504.1996553768244
4599.445325159733
1190.2675078602779
2884.9954261210355
2259.328998153437
2883.1567749439914
2049.2321104659404
1814.153682105572
1941.7034633870355
3006.9110138644355
3165.7332192129893
2540.794692156599
1698.9321748937457
2863.1344898495354
2975.2344123712865
1521.1691902444054
773.8561063861733
3205.722413360669
2915.6606740818893
1543.3603325885072
1869.5973823455415
2681.009637534705
2056.8969557536634
507.02340787499384
2290.8460315688803
806.9189956987587
1124.5971349937445
2921.106576267489
506.17491488649546
3571.333763007878
501.68823323271783
744.6457077234497
2340.9550805798403
2918.698695621606
1543.3603325885072
1486.9536876713892
2280.893966146
2031.8152780890382
507.02340787499384
2203.5506717244384
809.8533960488426
538.8482494922157
2968.009961134453
508.7246752299817
3571.333763007878
504.1996553768244
4033.201741475062
1190.2675078602779
904.4640577547934
2259.328998153437
2883.1567749439914
3043.8054567072013
2483.3332877716384
1941.7034633870355
3006.9110138644355
4050.2602088734693
1253.5533567298203
1638.6023394922504
2519.9150556023515
1253.5533567298203
1788.1291973664245
773.8561063861733
3205.722413360669
2915.6606740818893
589.122841923732
1253.6284680590443
2794.7228333610215
1318.1503300918794
1307.0946969447657
533.7895528670367
1718.0469941681476
506.9828534420501
503.91429356375704
2335.7130170159544
1221.4741473967981
531.5342359524059
773.8561063861733
2340.9550805798403
2918.698695621606
589.122841923732
1253.6284680590443
3520.2966511334043
1318.1503300918794
1307.0946969447657
533.7895528670367
1718.0469941681476
509.6071050276011
506.51499703720185
2248.1390315911312
1221.4741473967981
534.4690013841007
2168.208745306211
996.0433680022362
2797.485605295016
2037.3324380795423
2883.1567749439914
3090.9388470292456
2483.3332877716384
1941.7034633870355
3006.9110138644355
4050.2602088734693
1253.5533567298203
1638.6023394922504
2519.9150556023515
1253.5533567298203
1754.176260006634
2760.81755065444
1152.521877642886
852.1753019585119
589.122841923732
1253.6284680590443
2794.7228333610215
1250.4897609137417
1307.0946969447657
527.4610885209275
1928.2478884372533
506.9828534420501
534.8344385385363
2010.3300490685242
1221.4741473967981
531.3122224914263
2764.2320992234995
1152.521877642886
852.1753019585119
589.122841923732
1253.6284680590443
3520.2966511334043
1253.3699456048766
1307.0946969447657
527.4610885209275
1928.2478884372533
509.6071050276011
537.4097699253541
1922.859304561071
1221.4741473967981
533.8494294041974
1745.3028888973554
2735.2223073548644
883.0265162977919
2929.8843170881873
819.244141796136
756.9401574244678
2232.0983259174272
3300.7208136834606
3415.9560734016104
2518.3080311033796
2271.336951543575
661.4335884128487
3025.43977852386
3499.0353749164206
3172.0756710561373
2875.4717788633516
3262.833106798368
1136.0699388383089
3445.811575023992
2940.52312964956
1992.6426504896358
3445.811575023992
2940.52312964956
2622.704211363942
2512.4122010462215
2745.8924850155677
658.3566665586916
2151.355106673428
2838.1050223731177
705.0987992508554
2875.4717788633516
2940.4186387387017
1136.0699388383089
3445.811575023992
2943.5312697726376
1567.7867832196373
3445.811575023992
2943.5312697726376
2531.5116840256856
1341.9489093629354
2791.37902530475
788.644507318369
2314.211830632456
1877.5794718641
705.0987992508554
876.5100837871205
2735.2223073548644
883.0265162977919
856.6374800290322
819.244141796136
635.1948078579927
2470.2811772028626
3300.7208136834606
2749.048135042801
3561.37807767584
2311.7652350735884
661.4335884128487
3025.43977852386
3282.589205522348
3172.0756710561373
2743.7001883204325
3270.742267581901
1136.0699388383089
3586.301823823697
3923.3661104924804
2618.4177836000426
3586.301823823697
3923.3661104924804
3383.9670772170325
3662.9031572166496
2745.8924850155677
648.7022543034707
2498.3635303089527
2838.1050223731177
705.0987992508554
2744.4917101588594
2672.2515673738703
1136.0699388383089
3588.1294451580093
3806.340407473372
2531.5116840256856
3588.1294451580093
3806.340407473372
2531.5116840256856
1341.9489093629354
3172.971479519016
788.644507318369
2321.755071928483
1239.3099454073442
705.0987992508554
876.5100837871205
2735.2223073548644
769.840521012483
856.6374800290322
819.244141796136
521.3644051459062
1922.3620228293128
3300.7208136834606
2749.048135042801
3561.37807767584
2915.9281721447314
661.4335884128487
2791.7231322880166
3282.589205522348
3014.132072485842
2480.341827239404
2663.753115316303
1136.0699388383089
2464.980473801952
2469.4241726376977
2618.4177836000426
2622.7095288885425
2622.7095288885425
2790.400970383852
3662.9031572166496
2745.8924850155677
648.7022543034707
2498.3635303089527
3996.201241638894
754.9867019682455
2480.341827239404
2665.6364390040726
1136.0699388383089
1500.742426058025
2900.0472088496426
2403.4928853323886
3128.1095838368274
2321.993657527743
2403.4928853323886
1341.9489093629354
3172.971479519016
1336.0703694540848
2321.755071928483
1239.3099454073442
757.9596416718473
918.5844637852863
2735.2223073548644
769.840521012483
2708.5885411199897
2708.5885411199897
3705.5291559781735
2708.5885411199897
2708.5885411199897
3705.5291559781735
1619.2264117183918
3107.308966173614
3647.5309148883657
1619.2264117183918
3110.2599976775814
645.4251019696605
2480.341827239404
2667.8285627274417
1415.3526410499283
3771.189110265476
2918.9861166841997
2288.83384949301
2384.838088755589
2918.9861166841997
2421.1292052274284
2015.3229119780217
501.3531566404867
2928.352296529907
2735.8296490886573
501.3531566404867
527.7726760173827
2480.341827239404
2669.646381617768
1415.3526410499283
3771.189110265476
2921.1738843702883
2428.5285633126196
1521.9800188827678
2921.1738843702883
2428.5285633126196
2456.2671211971033
502.84869628411855
2795.2465053748197
3500.306297779839
501.3531566404867
561.8334183006409
2716.338185660129
2822.9616650006637
769.840521012483
2708.5885411199897
2708.5885411199897
3705.5291559781735
2708.5885411199897
2708.5885411199897
3705.5291559781735
3050.4529405085636
3896.339640178403
1978.2408761450831
3035.821398973024
2784.1086418757113
2202.9841308014884
1196.2358110421706
2667.8285627274417
1410.5785718957045
3629.5000026896146
2918.9861166841997
2288.83384949301
1462.5139578898502
2918.9861166841997
2421.1292052274284
2015.3229119780217
501.3531566404867
2928.352296529907
2735.8296490886573
501.3531566404867
527.7726760173827
1121.1665123350606
2669.646381617768
1410.5785718957045
3629.5000026896146
2921.1738843702883
2428.5565767584367
1248.9303021381852
2921.1738843702883
2428.5285633126196
2456.2671211971033
501.3531566404867
3711.73378419931
3500.306297779839
501.3531566404867
561.8334183006409
1745.3028888973554
2785.270461772149
757.458716099365
1765.6795750257659
819.244141796136
756.9401574244678
2232.0983259174272
3300.7208136834606
2548.805513451781
2518.3080311033796
2271.336951543575
661.4335884128487
3025.43977852386
1840.81793455556
1238.628817289292
2875.4717788633516
2723.982452039541
3325.5251295014796
2124.484524538042
1734.5392022612928
2267.0039413777013
1500.70594784393
1734.5392022612928
2622.704211363942
2512.4122010462215
2745.8924850155677
658.3566665586916
670.660159920981
2838.1050223731177
705.0987992508554
2875.4717788633516
2723.982452039541
3325.5251295014796
1767.9218525484139
1647.9431729031332
2531.5116840256856
1504.0861983682034
1647.9431729031332
2531.5116840256856
510.1102696053514
2791.37902530475
797.9390731884607
698.3791248382189
1877.5794718641
705.0987992508554
876.5100837871205
3284.266066399761
757.458716099365
856.6374800290322
819.244141796136
529.1298556421424
2470.2811772028626
3300.7208136834606
2548.805513451781
3029.7578899159403
2915.9281721447314
661.4335884128487
3025.43977852386
1203.4524347740278
1238.628817289292
2744.4917101588594
2723.982452039541
3325.5251295014796
2122.7276383202952
749.375302106964
2618.4177836000426
2122.7276383202952
749.375302106964
2026.7953467165596
3662.9031572166496
2745.8924850155677
648.7022543034707
670.660159920981
2838.1050223731177
705.0987992508554
2744.4917101588594
2723.982452039541
3325.5251295014796
2122.7276383202952
749.375302106964
2531.5116840256856
2122.7276383202952
749.375302106964
2531.5116840256856
510.1102696053514
3172.971479519016
797.9390731884607
698.3791248382189
1239.3099454073442
705.0987992508554
876.5100837871205
3284.266066399761
757.458716099365
856.6374800290322
819.244141796136
521.3644051459062
1922.3620228293128
3300.7208136834606
2548.805513451781
3029.7578899159403
2915.9281721447314
661.4335884128487
2791.7231322880166
1203.4524347740278
1238.628817289292
2480.341827239404
2723.982452039541
3241.4376572388205
2464.980473801952
2469.4241726376977
2618.4177836000426
2622.7095288885425
2622.7095288885425
2033.3410279184225
3662.9031572166496
2745.8924850155677
648.7022543034707
781.9160938049107
3996.201241638894
754.9867019682455
2480.341827239404
4695.121728332213
3241.4376572388205
1500.742426058025
2900.0472088496426
2403.4928853323886
1577.6577382418645
2321.993657527743
2403.4928853323886
510.1102696053514
3172.971479519016
669.6708240344407
698.3791248382189
1239.3099454073442
757.9596416718473
918.5844637852863
3284.266066399761
795.0330926455385
2535.062086093227
2683.9520727983027
812.9150601899687
3925.670053036502
2683.9520727983027
2171.374916526925
1133.5990441168124
3107.308966173614
1408.8129671925574
1133.5990441168124
3110.2599976775814
645.4251019696605
2480.341827239404
3728.2252550847024
3241.4376572388205
3771.189110265476
1346.1480171161638
2434.244210620051
2521.8156066558695
991.7104556774822
2434.244210620051
3288.7560876960843
537.1298006681934
525.3243509566606
2778.9463888796927
532.1639442502444
527.7726760173827
2480.341827239404
2728.8160758050467
3241.4376572388205
3771.189110265476
1346.1480171161638
2763.689397412195
1521.9800188827678
991.7104556774822
2763.689397412195
1705.8820623656875
537.1298006681934
525.3243509566606
617.3525648939366
534.7118829658423
561.8334183006409
2939.185597133722
3245.05637547458
769.1652384447184
2535.062086093227
2683.9520727983027
812.9150601899687
2535.062086093227
2683.9520727983027
2171.374916526925
3050.4529405085636
3477.893746210849
1978.2408761450831
3035.821398973024
2784.1086418757113
2202.9841308014884
1196.2358110421706
2728.8160758050467
2913.5684136406653
3629.5000026896146
1346.1480171161638
2434.244210620051
1462.5139578898502
991.7104556774822
2434.244210620051
3288.7560876960843
539.4116371901564
525.3243509566606
2778.9463888796927
532.1639442502444
527.7726760173827
1121.1665123350606
2728.8160758050467
2680.2708034769266
3629.5000026896146
1346.1480171161638
2763.689397412195
1248.9303021381852
991.7104556774822
2763.689397412195
1705.8820623656875
539.4116371901564
525.3243509566606
617.3525648939366
534.7118829658423
561.8334183006409
1745.3028888973554
2791.296487638896
757.458716099365
1765.6795750257659
819.244141796136
756.9401574244678
1879.1442650606805
2334.619244735049
1520.3443664239037
908.5723267636234
2277.1693333788826
661.4335884128487
1546.2947780191241
1840.81793455556
1238.628817289292
2219.85150130061
2723.982452039541
2211.1702796476693
1501.3782239885059
1734.5392022612928
1940.6228419217346
1507.3596803991127
1734.5392022612928
1613.1018924239565
2136.2477626640466
2745.8924850155677
658.3566665586916
670.660159920981
2366.2415016151544
705.0987992508554
2219.85150130061
2723.982452039541
2213.0471601399468
1504.7548198714953
1647.9431729031332
1949.6335536005618
1510.7040899763138
1647.9431729031332
1949.6335536005618
510.1102696053514
2791.37902530475
797.9390731884607
698.3791248382189
1877.5794718641
705.0987992508554
876.5100837871205
3284.266066399761
757.458716099365
856.6374800290322
819.244141796136
529.1298556421424
2470.2811772028626
2334.619244735049
1520.3443664239037
1274.6474277231596
2608.0301167952566
661.4335884128487
1554.7684156543564
1203.4524347740278
1238.628817289292
2263.6224247760424
2723.982452039541
2211.1702796476693
2122.7276383202952
749.375302106964
1940.6228419217346
2122.7276383202952
749.375302106964
1613.1018924239565
2790.40483998915
2745.8924850155677
648.7022543034707
670.660159920981
2366.2415016151544
705.0987992508554
2266.6160400928025
2723.982452039541
2213.0471601399468
2122.7276383202952
749.375302106964
685.1754962697987
2122.7276383202952
749.375302106964
685.1754962697987
510.1102696053514
2773.943712002234
797.9390731884607
698.3791248382189
1245.2516773303844
705.0987992508554
876.5100837871205
3284.266066399761
757.458716099365
856.6374800290322
819.244141796136
521.3644051459062
1922.3620228293128
2340.725058757367
1520.3443664239037
1274.6474277231596
2608.0301167952566
661.4335884128487
1554.7684156543564
1203.4524347740278
1238.628817289292
2263.6224247760424
2723.982452039541
1976.8434766293074
2464.980473801952
2469.4241726376977
1940.6228419217346
2629.4915588780027
2629.4915588780027
1613.1018924239565
2796.5976204970852
2745.8924850155677
648.7022543034707
781.9160938049107
2995.4069240845047
754.9867019682455
2266.6160400928025
2723.982452039541
1978.6769766636794
1500.742426058025
2900.0472088496426
673.9053639983086
1577.6577382418645
2321.993657527743
673.9053639983086
510.1102696053514
2773.943712002234
669.6708240344407
698.3791248382189
1245.2516773303844
757.9596416718473
918.5844637852863
3284.266066399761
737.1780609304816
2535.062086093227
2683.9520727983027
812.9150601899687
2535.062086093227
2683.9520727983027
2171.374916526925
1133.5990441168124
3107.308966173614
1408.8129671925574
1133.5990441168124
3110.2599976775814
645.4251019696605
2268.4043527694353
2728.8160758050467
1976.8434766293074
1472.5292846647803
498.1834606440058
1397.769924366587
1292.9132592250216
503.69016546920517
1397.769924366587
3288.7560876960843
538.6596462371734
525.3243509566606
2343.284207106318
532.1639442502444
527.7726760173827
1911.3906840527557
2728.8160758050467
1978.6769766636794
1474.4966444855686
498.1834606440058
501.0538599348577
1292.9132592250216
503.69016546920517
501.0538599348577
1705.8820623656875
533.7138302624578
525.3243509566606
617.3525648939366
534.7118829658423
561.8334183006409
2939.185597133722
1126.1281046269141
737.1780609304816
2535.062086093227
2683.9520727983027
812.9150601899687
2535.062086093227
2683.9520727983027
2171.374916526925
3050.4529405085636
3477.893746210849
1265.888239904908
1413.8894421860666
1691.2124465122076
2227.059104105784
916.8239415303689
2728.8160758050467
2160.218664373738
1472.5292846647803
498.1834606440058
1397.769924366587
1292.9132592250216
503.69016546920517
1397.769924366587
3288.7560876960843
538.6596462371734
525.3243509566606
2343.284207106318
532.1639442502444
527.7726760173827
1121.1665123350606
2728.8160758050467
1450.6517950542664
1474.4966444855686
498.1834606440058
499.29183710921296
1292.9132592250216
503.69016546920517
499.29183710921296
1705.8820623656875
533.7138302624578
525.3243509566606
617.3525648939366
534.7118829658423
561.8334183006409
1756.1903916684948
2747.8969707318206
1164.1302941662723
1789.5793366765115
738.7662836185025
958.1489867753846
710.0623880710731
2046.9837599278571
1473.9565001183453
908.5723267636234
1426.177234447413
661.4335884128487
1546.2947780191241
615.100694986007
1238.628817289292
2219.85150130061
2723.982452039541
1932.9593082491206
1965.485794431027
1965.485794431027
498.1145871981223
907.5663930080731
907.5663930080731
498.1145871981223
837.5921200918266
811.9175177926247
601.7265701155923
568.7481304399132
1130.5927458688986
516.2180190351046
2219.85150130061
2723.982452039541
1932.9593082491206
1937.3423774803186
1937.3423774803186
525.7281177660183
907.5663930080731
907.5663930080731
525.7281177660183
582.4120351170366
1096.030682745908
521.3202956727416
571.3515146298527
693.5697667384313
552.8945494026
1797.9383847030754
2224.620551722958
841.5548369517777
919.1557595803409
738.7662836185025
681.2474857159314
819.6789907545246
2054.437122211315
1473.9565001183453
1274.6474277231596
1344.8795984824626
661.4335884128487
1554.7684156543564
604.2253245952928
1238.628817289292
2263.6224247760424
2723.982452039541
1932.9593082491206
1965.485794431027
1965.485794431027
498.1145871981223
1036.837884229702
891.0076615249153
498.1145871981223
837.5921200918266
811.9175177926247
601.7265701155923
568.7481304399132
1114.8097350996509
516.2180190351046
2266.6160400928025
2723.982452039541
1932.9593082491206
1937.3423774803186
1937.3423774803186
525.7281177660183
1036.837884229702
891.0076615249153
525.7281177660183
582.4120351170366
1096.030682745908
521.3202956727416
571.3515146298527
680.3963470321025
552.8945494026
1797.9383847030754
2230.0601920478375
841.5548369517777
919.1557595803409
738.7662836185025
681.2474857159314
819.6789907545246
2054.437122211315
1525.2932618662428
1274.6474277231596
1344.8795984824626
661.4335884128487
1554.7684156543564
604.2253245952928
1238.628817289292
2263.6224247760424
2723.982452039541
1938.7709913774438
1949.5285379051998
1949.5285379051998
492.78574925325944
1949.5285379051998
1949.5285379051998
492.78574925325944
854.2292556013227
811.9175177926247
601.7265701155923
568.7481304399132
1114.8097350996509
516.2180190351046
2266.6160400928025
2723.982452039541
1938.7709913774438
2215.2698759511068
2215.2698759511068
525.7281177660183
1648.5765212590995
1648.5765212590995
525.7281177660183
582.4120351170366
1030.6868986071358
521.3202956727416
571.3515146298527
680.3963470321025
552.8945494026
1797.9383847030754
2230.0601920478375
737.1780609304816
2602.770176357617
1938.8978230558173
812.9150601899687
2602.770176357617
1938.8978230558173
821.2954343137351
1168.472306116047
1590.6538522294622
569.4644504055153
1168.472306116047
1594.1128004743773
541.8525656944005
2268.4043527694353
2728.8160758050467
1938.7709913774438
649.0821036786447
498.1834606440058
1397.769924366587
1292.9132592250216
503.69016546920517
1397.769924366587
2315.4665692992007
538.6596462371734
557.4098102867467
2182.3480044764137
539.6501190039166
527.7726760173827
1911.3906840527557
2728.8160758050467
1938.7709913774438
649.0821036786447
498.1834606440058
501.0538599348577
1292.9132592250216
503.69016546920517
501.0538599348577
1705.8820623656875
533.7138302624578
557.4098102867467
617.3525648939366
541.0856296224886
561.8334183006409
1716.2202910142216
1126.1281046269141
737.1780609304816
2602.770176357617
1938.8978230558173
812.9150601899687
2602.770176357617
1938.8978230558173
821.2954343137351
1815.2306327354781
3477.893746210849
509.95005195645183
1413.8894421860666
1246.7940323213593
509.95005195645183
916.8239415303689
2728.8160758050467
813.8207217255789
649.0821036786447
498.1834606440058
1397.769924366587
1292.9132592250216
503.69016546920517
1397.769924366587
1958.9194991933819
538.6596462371734
557.4098102867467
2182.3480044764137
532.6929661282181
527.7726760173827
1121.1665123350606
2728.8160758050467
813.8207217255789
649.0821036786447
498.1834606440058
499.29183710921296
1292.9132592250216
503.69016546920517
499.29183710921296
1705.8820623656875
533.7138302624578
557.4098102867467
617.3525648939366
539.7502860848003
561.8334183006409
1756.1903916684948
971.7343442488298
1164.1302941662723
1771.5094784563687
721.9879415705797
1227.7339023132054
612.9598118254152
1883.6228018446361
1786.1044443179255
632.923568737518
2033.2141073813775
1805.088181223106
494.29471676078356
1704.7147366859756
707.4356963831359
1762.8882680479082
1046.7573796153652
1831.6688354967384
1965.485794431027
1965.485794431027
498.1145871981223
907.5663930080731
907.5663930080731
498.1145871981223
666.66368565789
618.9286746510891
601.7265701155923
735.3163468483856
738.7242517704847
516.2180190351046
1762.8882680479082
1046.7573796153652
1831.6688354967384
1937.3423774803186
1937.3423774803186
525.7281177660183
907.5663930080731
907.5663930080731
525.7281177660183
942.6566553017157
621.489966392315
521.3202956727416
526.5292487229722
549.1296698526779
552.8945494026
1797.9383847030754
971.7343442488298
841.5548369517777
1364.3974571951442
638.474670532688
532.7102347586681
834.4736793335389
1501.6471942079602
1818.5412209374613
632.923568737518
1410.7151428737777
1013.9098216470564
494.29471676078356
1309.8894178536218
707.4356963831359
1272.1621655858662
1046.7573796153652
1372.113033490642
1965.485794431027
1965.485794431027
498.1145871981223
1036.837884229702
891.0076615249153
498.1145871981223
666.66368565789
618.9286746510891
601.7265701155923
735.3163468483856
784.1110455786095
516.2180190351046
1272.1621655858662
1046.7573796153652
1374.6608599029921
1937.3423774803186
1937.3423774803186
525.7281177660183
1036.837884229702
891.0076615249153
525.7281177660183
542.3594904815249
621.489966392315
521.3202956727416
526.5292487229722
549.1296698526779
552.8945494026
1797.9383847030754
971.7343442488298
841.5548369517777
1364.3974571951442
638.474670532688
532.7102347586681
834.4736793335389
1501.6471942079602
1818.5412209374613
632.923568737518
1410.7151428737777
1184.5549985369107
494.29471676078356
1309.8894178536218
707.4356963831359
1272.1621655858662
1046.7573796153652
1372.113033490642
1949.5285379051998
1949.5285379051998
492.78574925325944
1949.5285379051998
1949.5285379051998
492.78574925325944
539.5000222288563
612.2620016512059
601.7265701155923
735.3163468483856
730.0838066093556
516.2180190351046
1272.1621655858662
1046.7573796153652
1374.6608599029921
2215.2698759511068
2215.2698759511068
525.7281177660183
1648.5765212590995
1648.5765212590995
525.7281177660183
542.3594904815249
614.8670678938131
521.3202956727416
526.5292487229722
549.1296698526779
552.8945494026
1797.9383847030754
971.7343442488298
737.1780609304816
2329.4781216198153
2052.3902832320305
812.9150601899687
2205.1674084756846
2237.115837107443
821.2954343137351
955.9494460436381
2216.3854298924784
569.4644504055153
512.2575507454293
849.0157881759834
541.8525656944005
1272.1621655858662
1046.7573796153652
1372.113033490642
649.0821036786447
504.2004715500751
1397.769924366587
1292.9132592250216
504.2004715500751
1397.769924366587
2311.786260159612
538.6596462371734
557.4098102867467
1186.121408480748
539.6501190039166
537.0224806963785
1272.1621655858662
1046.7573796153652
1374.6608599029921
649.0821036786447
504.2004715500751
501.0538599348577
1292.9132592250216
504.2004715500751
501.0538599348577
1057.489119695956
533.7138302624578
557.4098102867467
592.197621284984
541.0856296224886
537.0224806963785
1443.2808973275046
2388.5953182348553
737.1780609304816
2329.4781216198153
2052.3902832320305
812.9150601899687
2205.1674084756846
2237.115837107443
821.2954343137351
1055.5266779704507
2181.643763754127
509.95005195645183
515.6105129088404
1386.8051246077532
509.95005195645183
916.8239415303689
1134.3107955753273
813.8207217255789
649.0821036786447
504.2004715500751
1397.769924366587
1292.9132592250216
504.2004715500751
1397.769924366587
2313.961020302552
538.6596462371734
557.4098102867467
1186.121408480748
532.6929661282181
536.7014146439013
2492.9312680057087
1134.3107955753273
813.8207217255789
649.0821036786447
504.2004715500751
499.29183710921296
1292.9132592250216
504.2004715500751
499.29183710921296
1057.489119695956
533.7138302624578
557.4098102867467
590.5055152120275
539.7502860848003
536.7014146439013
492.78574925325944
492.78574925325944
492.78574925325944
492.78574925325944
1131.0015411842094
835.0344369424445
558.0519372449875
1002.3058618488686
1304.1505373663317
2228.4384841192473
1304.1505373663317
2881.8898569282187
