8540.154620666755
8952.044944294412
7790.304256635303
8299.97944443185
8650.134451302587
6949.042241707342
4109.177190509904
6467.065811668477
5360.459068227654
5372.664888709016
6673.878928556836
6110.102851892768
7931.0649445587915
7269.487415300747
6229.6799803383765
7288.492686710596
7288.492686710596
5787.591870948379
5916.066666906826
4104.062233640515
6075.687468619147
6536.184753063937
5412.349501657629
3449.041927012082
7356.776698413357
6958.416996691259
2456.9294790953395
7802.618172138684
6305.993883850334
2456.9294790953395
5209.747735078197
4682.732323504025
5048.573723051435
4170.463074935352
3472.7294247621494
4236.367498077585
6090.670075842827
7922.786187938347
3819.884688053121
8213.789347009872
7195.549180962611
3833.881233558005
3924.8055851041872
4534.363947123179
4874.8784338342375
4933.720315042476
4928.418941525695
4236.367498077585
8083.418440221616
8989.542531613024
8008.563609700527
8492.922547123755
7585.4706396842275
6949.042241707342
4109.177190509904
6467.065811668477
5360.459068227654
5388.4386658584135
6673.878928556836
6110.102851892768
7283.034565068421
6841.681979408294
6846.916260292733
8277.335851861122
6185.789042021545
5787.591870948379
5916.066666906826
4104.062233640515
6075.687468619147
6536.184753063937
5527.629598790681
3449.041927012082
7356.776698413357
6958.416996691259
4535.828306520036
7802.618172138684
7165.146197177593
4535.828306520036
5209.747735078197
5089.656215511598
2987.433671847297
4170.463074935352
5695.143181824324
4480.50256650526
7148.537067887959
7922.786187938347
4194.91438914853
8213.789347009872
7195.549180962611
4194.91438914853
3924.8055851041872
5888.265085308016
5222.304117753961
4933.720315042476
4463.330346968503
5437.518546965894
6452.235047799264
5260.1598388982065
3689.9775026220814
6718.831723022582
5260.1598388982065
3850.7852013424454
4464.452516095089
5074.775696566291
4900.76419720193
6614.526267505656
4827.897039798939
4527.2964601996255
6103.027178045722
5761.694529153176
3606.1417020249964
4597.973829362335
4719.024934530976
3606.1417020249964
5327.4905708696915
5545.74484323991
3442.653608222457
4537.6028429067155
4537.947531900662
4244.66625381795
7678.948473514168
4326.370322249917
3023.430355365122
7105.2018746579
6354.249929425411
3023.430355365122
3728.9547976856443
5615.864307017837
1259.4695936225617
3534.1693372787186
3376.385976743078
2522.7613277412343
6315.472484531147
6860.127983340355
2295.4450459239197
6315.472484531147
6968.414781699511
2443.7007021988957
5048.474963602093
5252.270990624835
2912.9718722318044
4220.840548761272
5762.8410184122295
4103.152831495717
5011.749548129351
5654.2385665262045
4948.380696929821
5218.836559407396
5654.2385665262045
3528.572806720616
5619.533781530478
4356.526807421398
4350.663066319301
7298.437011428701
6055.271141194818
3450.75536733833
6103.027178045722
5652.031091903576
2578.1381342612485
4597.973829362335
4354.615396334513
3351.2508739523205
4753.052992085943
5545.74484323991
3021.8598782192716
4162.788657921206
4537.947531900662
3863.3042717656112
5859.44665793432
5370.97064781105
3585.709916657852
5315.404403208142
5370.97064781105
3585.709916657852
6124.75824612104
3912.456545631352
1267.8142703089331
3483.1637265118457
3376.385976743078
4607.724613056232
3376.851966441613
5440.882945155657
2295.4450459239197
7624.212776733723
5440.882945155657
2443.7007021988957
4693.9279939986645
3437.185025104153
2912.9718722318044
4160.371087302235
5576.935506430089
2302.285722630348
6887.832662740199
4218.8177486407
4948.380696929821
8488.070761006122
5427.291691891893
3528.572806720616
5619.533781530478
4356.526807421398
9914.640545900818
7298.437011428701
6055.271141194818
4181.853968629138
5780.590371908131
4154.848003668982
2680.6993499218315
4574.417560062683
3859.694263857442
3210.4085618387203
4753.052992085943
5545.74484323991
3460.5072711760567
4138.197309352432
4537.947531900662
3488.916891972208
6022.697710946309
5404.254921265209
3500.5519451221235
6022.697710946309
5404.254921265209
3500.5519451221235
6040.969667018476
5976.471109834081
1267.8142703089331
4362.5608299736095
3376.385976743078
3366.4048162496147
7631.112598706459
5404.254921265209
3010.4154390349836
7631.112598706459
5404.254921265209
3247.37844366248
4693.9279939986645
3437.185025104153
2417.167047428723
3895.231417778875
6681.48843555268
2302.285722630348
6242.9953106898665
4538.494787433225
4095.0369540343145
7275.628013304705
5175.132961818757
3425.7395701277082
5258.949292309774
5519.174871183201
3686.6684442112214
5516.0925114946895
4646.910432244064
3753.0080864188567
7931.0649445587915
7269.487415300747
3691.55622158009
7288.492686710596
7288.492686710596
5170.135866529383
5916.066666906826
4104.062233640515
4649.170726207098
3493.7932660001616
3302.1084603115005
2702.175830230909
4125.643560467665
6107.546890969183
3549.696495314334
2962.4203925932025
2962.4203925932025
3496.3858986680716
5037.210938153164
4682.732323504025
3599.4599602444746
6122.1006289182305
3472.7294247621494
4822.692645387662
4934.826066065456
3978.809396351442
4338.762235418806
3850.1109871833933
2871.1361653518843
5518.6344780132895
5661.682920705995
4534.363947123179
3115.9241128742506
4557.807120673187
4928.418941525695
4119.612010414996
6242.9953106898665
4538.494787433225
4095.0369540343145
7393.86421998536
5175.132961818757
3425.7395701277082
5258.949292309774
5519.174871183201
3686.6684442112214
5516.0925114946895
4646.910432244064
3753.0080864188567
7283.034565068421
4972.193324024425
3946.8676281939893
6675.276810211683
5869.805328504639
5170.135866529383
5916.066666906826
4104.062233640515
4649.170726207098
3493.7932660001616
3302.1084603115005
2702.175830230909
4125.643560467665
6107.546890969183
3665.6479785201545
2962.4203925932025
2962.4203925932025
3665.6479785201545
4376.923670966233
3323.8992024224285
3254.818722389208
5223.65811227317
3454.8229591207137
4192.565825026425
4934.826066065456
3978.809396351442
4194.91438914853
3850.1109871833933
2871.1361653518843
4194.91438914853
4419.3954311945945
4348.457197755353
3268.564517444826
4557.807120673187
4463.330346968503
3446.9649342265056
6125.873022672321
5260.1598388982065
3689.9775026220814
4901.243209540226
4930.716829266929
3850.7852013424454
4951.494601416957
3511.126081804727
4900.76419720193
5502.608592841595
4827.897039798939
4527.2964601996255
3911.1276728006114
3868.462837771835
3685.431918754994
3953.6122474071826
3711.7008426019456
3606.1417020249964
5327.4905708696915
3207.4549096956534
3442.653608222457
3215.017099330483
4927.29043537447
4244.66625381795
3532.6153815145744
3566.6040716320263
3023.430355365122
3995.6802299405745
3489.508748349763
3023.430355365122
2517.7306226458895
4474.444326025914
3299.3033162805937
3534.1693372787186
3916.045648285297
4691.366983557023
2641.322929471091
3190.088847576453
2295.4450459239197
2581.7674662221652
2828.7838302695955
2443.7007021988957
5048.474963602093
5252.270990624835
2802.3421405638874
4220.840548761272
3721.7667386095063
4853.438890132728
4193.63585775811
5654.2385665262045
4731.324718524796
4193.63585775811
5654.2385665262045
4731.324718524796
6159.388450160236
4356.526807421398
4350.663066319301
3631.9777497730324
4881.810534148692
5525.363219683497
3919.025761345071
3852.9733320486475
3162.6224947186324
3961.398391488997
3852.9733320486475
3714.4114402368746
4753.052992085943
4927.29043537447
3021.8598782192716
6758.913061926087
4927.29043537447
3863.3042717656112
4287.602126282746
2958.5330824992934
3585.709916657852
5233.772772939037
2761.2338664443987
3585.709916657852
3635.6438329336283
4512.441610705257
3977.1914113412863
3483.1637265118457
3916.045648285297
4548.046505508823
3012.587781965472
2958.5330824992934
2295.4450459239197
5377.685296905363
2761.2338664443987
2443.7007021988957
4693.9279939986645
3437.185025104153
2802.3421405638874
4160.371087302235
4687.018870799878
5151.473225679843
4745.47674266268
3888.200585107774
4288.069833062998
4745.47674266268
3481.6797433152055
4288.069833062998
6253.395854482439
4356.526807421398
4350.663066319301
3614.9558076538733
4881.810534148692
4916.092327816711
3919.025761345071
3852.9733320486475
3162.6224947186324
3961.398391488997
3852.9733320486475
3584.1842949633465
4753.052992085943
4927.29043537447
3460.5072711760567
6936.058068565123
4927.29043537447
3488.916891972208
4287.602126282746
2804.4300160367416
3500.5519451221235
5233.772772939037
2815.6096854764755
3500.5519451221235
3108.409130778795
4871.778092602177
3977.1914113412863
4362.5608299736095
3968.684545521976
4548.046505508823
2735.8116726812705
2804.4300160367416
2671.323737324233
4754.778661117901
2815.6096854764755
3247.37844366248
4693.9279939986645
3780.6228268611085
2802.3421405638874
3895.231417778875
4556.8266244340775
5020.538662717198
5966.044800807155
3900.2117336601405
4983.262135180519
4762.9076586193605
4173.42504290923
3583.3735291545
3439.9201715056206
3439.9201715056206
3076.045299882944
4217.979433215278
4867.273657969381
5339.735225244785
3490.208857770332
2448.010652985356
4367.974952061373
4016.792039124881
2650.019983913586
4367.974952061373
4241.7387191713515
4491.284054489581
2599.867224698709
4262.38028704129
3689.3557906944648
1301.2632480220345
3416.431956635911
3630.6870692276457
6066.674899440741
3416.431956635911
3857.7190489569684
2513.2261194570174
3904.7940874534384
2935.2622485830734
1977.6577777816676
3862.759196492355
1894.5210526573528
3365.241472100778
4378.652430366597
4082.8378973251374
6066.674899440741
4378.652430366597
4082.8378973251374
4305.241822735205
4868.088686227721
4571.990564262879
988.1106300310873
1479.8875313042236
4760.623999925604
1584.3038723128761
5875.16844046605
2806.055398380358
4983.262135180519
4762.9076586193605
4173.42504290923
4983.262135180519
3439.9201715056206
3439.9201715056206
3076.045299882944
4217.979433215278
3979.4819168434697
5339.735225244785
5172.449963299061
2933.241944223032
4367.974952061373
4016.792039124881
2650.019983913586
4367.974952061373
3614.4097923624877
3614.4097923624877
2599.867224698709
4262.38028704129
2566.2653071499744
1301.2632480220345
3727.6792070308347
3881.243874291194
6238.359204319384
3727.6792070308347
3881.243874291194
1676.2820280434707
3904.7940874534384
2935.2622485830734
1357.2892287691234
3862.759196492355
1894.5210526573528
704.9005835162815
4378.652430366597
4082.8378973251374
4356.613206185396
4378.652430366597
4082.8378973251374
4139.815557780839
5047.434344393048
3688.935964971988
988.1106300310873
1496.9867639604745
4760.623999925604
1584.3038723128761
4594.410340685916
3764.9668078034138
6555.331636855156
4594.410340685916
3764.9668078034138
3827.7577498548717
6297.740340850422
3630.78974723398
2880.072844326251
4964.3761920538545
3633.7545691337555
3132.1184899048685
4073.4789642719866
4107.293306225728
4637.494458896131
4206.183852106482
4107.293306225728
3296.877037730983
6297.740340850422
2880.9551801592634
2880.072844326251
4457.5280517094025
2338.4947425681294
3123.9771189789144
7165.3867615108575
1541.2503700708564
3071.3298923911384
3324.5315239835377
2484.4009947976792
2880.9699491028623
3872.1217127601612
1972.8585549186348
2411.2536050550507
2477.2663958630533
3266.273293432064
1194.8281486049943
7254.532026095098
4326.25394422037
6770.662833943837
2360.9953761026045
3304.964312849304
2993.804340924565
3990.699208264747
2570.5947358421854
2824.7887665066214
2344.1227922881344
2395.29322903887
705.7958392727705
3548.3126608896046
3720.4893481155523
5257.488577728808
3548.3126608896046
3720.4893481155523
3463.0700129398983
4936.777981007765
4623.6971760019405
3584.323639955551
4458.97542516704
4228.970555519104
1281.6967842470453
4641.970630535947
3818.9048325170374
3644.533703874189
4382.768904996916
4091.6072820608974
3095.738907130784
5122.84178242186
4771.092184509726
3552.9290596780947
2296.4247074271016
2338.4947425681294
3384.255884483908
4158.745398430645
2024.2657889869347
3008.1091548496242
3797.009281664397
2484.4009947976792
2975.5227821914455
5366.050327234563
2951.971037315668
2658.343348144851
3697.5396818779227
3400.9447775452345
2635.911827412583
5540.071290218293
2048.39503432277
4519.816181251612
1326.7970033619204
3304.964312849304
3001.065161516227
4019.4371422867343
3117.43653273902
4166.521047242652
2344.1227922881344
3524.6062801322378
2469.3457327854403
3552.541350386567
4954.454942385591
4221.606574234909
3552.541350386567
3896.001911689481
3469.35154702927
6263.960712861776
4373.520576351668
3559.1616601703035
6431.7650168673135
4228.970555519104
1281.6967842470453
4641.970630535947
2998.701471268183
3415.1148521667865
4382.768904996916
4195.323523910841
3095.738907130784
5785.562564524493
4771.092184509726
3750.5290097150337
2309.710243326007
2065.0951939139645
2851.047381931584
6372.414142003116
2106.240759542865
4276.1240620849585
3797.009281664397
2489.663101049951
3291.8411355432663
4314.491644544217
1402.5551446528539
2883.1567749439914
3062.6876178263346
3543.40998357235
3532.030646138182
6826.759852746709
2106.240759542865
4198.770736122093
1326.7970033619204
3635.6899090542015
3192.6539347655576
3836.4998719298633
3277.786860665888
2024.29760311014
4263.500308356744
1684.243330972305
3736.2859491074228
3602.460138442767
3283.974561785868
4029.2173737753064
3537.6284556069627
4173.42504290923
3289.461372111412
2078.3818087107056
4335.101784663791
3789.2732783444803
5284.470304725788
5096.670188951728
1443.5092211655956
3490.208857770332
2448.010652985356
1354.9443787508208
3203.4726773916072
2632.136679545085
1354.9443787508208
1829.8226635314418
4642.474533071984
1699.993610849372
5197.9362219539635
3129.7121485000725
2150.815286931824
3434.4976533006125
4066.5364505342895
3370.917539633271
2048.9230653109507
2701.0523412522944
1547.1331804808817
2154.6908406694947
2109.969979955811
2661.088240393252
1128.5390933621356
2862.114332434383
847.655869553965
2959.601788349296
4073.947926061661
3672.123793412596
2383.3713719675534
2471.3547606125494
4471.313357600348
3958.8688489253796
3885.2955031435877
819.5525115513369
2251.3613301074024
3094.0056458057147
826.7980085012457
2963.4036884762145
3614.6278206901734
4151.126789014251
3537.6284556069627
4173.42504290923
4423.478216756344
2078.3818087107056
2162.765623980523
3789.2732783444803
5284.470304725788
5096.670188951728
1938.6576701466731
2431.884762601978
2636.053452093482
1115.3683678151544
3203.4726773916072
2632.136679545085
1115.4174740398173
1829.8226635314418
3386.507660423358
1699.993610849372
5197.9362219539635
3235.671849000322
1897.7453633750683
3651.6214654852747
3012.932289495013
3559.4974097713693
2048.9230653109507
1811.5012490961835
1837.8219322121686
2125.3143676793065
2585.187266430486
2043.0450249530725
1128.5390933621356
1733.3599468865439
847.655869553965
2959.601788349296
1011.1041736053241
3700.401820462973
2383.3713719675534
1011.1041736053241
950.3172473823064
3958.8688489253796
2788.124145680942
1580.1649689512992
1728.748829543587
2210.2499480249344
826.7980085012457
4701.120521095061
4214.60511308737
3949.737330328643
3852.2898876909526
3355.9500832578865
3367.542756294484
1831.4496426277576
2391.215311252076
2880.072844326251
1964.2748943018908
1556.6153565858083
2227.1320258529922
3464.9463628407034
3824.366623295108
4168.68445755362
3464.9463628407034
3824.366623295108
4523.4886552774
1948.4899532896584
1513.2079794279878
2880.072844326251
2395.67233143918
3790.8692905705143
3123.9771189789144
4560.7256266890545
2018.4587002026826
1920.7883262254354
2864.0213829672443
1915.3420168592274
2880.9699491028623
2662.740025452884
1972.8585549186348
2411.2536050550507
2477.2663958630533
3266.273293432064
576.5396437641015
1665.6570811135143
2022.6479901569978
2452.717144393095
3973.1252538086774
2601.3956653810465
2993.804340924565
2730.19563087701
1265.0025691251835
1085.0890168837775
3453.650597997314
2137.2469170101667
2230.903325616985
4251.121106309214
3707.40730622681
3251.6513525875334
2739.3245535722076
3355.9500832578865
3568.148040160125
1557.1084895702843
1320.6673119605052
1680.0735296339699
1964.2748943018908
941.1190611148367
979.318387951239
2076.013763863787
3495.5170114075727
4243.515539576329
2076.013763863787
3495.5170114075727
5135.560661691853
1721.302712609324
1513.2079794279878
1483.351128053672
2395.67233143918
1127.535011099919
3384.255884483908
2180.676176238106
1808.326361649696
1148.4926194150623
4005.471873787026
1915.3420168592274
2975.5227821914455
3584.079275618421
2951.971037315668
2658.343348144851
1561.353903450422
3400.9447775452345
2635.911827412583
2258.7721565860165
1498.960718400372
616.0535570828899
3973.1252538086774
3369.021756621999
3001.065161516227
2015.4972506522026
2095.3038481737703
1523.9054265943244
1782.0554617289895
3524.6062801322378
542.313294241856
4251.121106309214
3632.056555317248
3255.748295405136
2410.799102836756
1621.112156942174
2616.476354079617
1557.1084895702843
1129.2784494362872
3559.1616601703035
1964.2748943018908
941.1190611148367
979.318387951239
2073.777225622396
3936.882294169006
4243.515539576329
2073.777225622396
3936.882294169006
2896.08477096418
1721.302712609324
1513.2079794279878
734.3093084129587
2395.67233143918
1127.535011099919
2851.047381931584
1706.4761610248888
1511.522178305804
1745.259699737068
3561.9387135631055
3351.2038662616537
3291.8411355432663
1907.0002232710153
1402.5551446528539
2883.1567749439914
1764.5485014001604
3496.239639479421
2922.2049944006376
1819.5986922398633
1516.0888052657692
2468.3512276618567
4115.124793783297
1837.9367846866603
3205.722413360669
1995.7229676001484
2554.3373770586854
1253.6284680590443
2536.598993294797
1248.8318408568168
506.9828534420501
3602.460138442767
3283.974561785868
4029.2173737753064
3392.3152608826085
3943.6319117383355
3254.032640168945
2212.394053286857
3650.9424286385333
1418.5805111139662
4948.8482520769385
2692.8621467367275
2213.829017978089
2630.6599774495517
2338.4050018424145
1354.9443787508208
2825.6090671791812
3418.860142036919
1354.9443787508208
2178.473849963573
2642.6365932442077
2139.471257890131
3298.1615009181805
2323.860463143482
1316.7020211415831
3442.1478384316574
3848.9618828921425
3370.917539633271
4254.165605601562
2701.0523412522944
3541.607534638687
1523.9296790054393
1563.0518972738842
684.5695456002284
1128.5390933621356
1504.3711214308228
847.655869553965
2170.378954813101
4073.947926061661
2172.397431737642
2170.378954813101
2471.3547606125494
2718.0648915096085
1731.5638469613064
3506.5657239831
1583.4574249770526
2251.3613301074024
3094.0056458057147
826.7980085012457
2963.4036884762145
3397.584388401819
3575.6261505971866
3392.3152608826085
3943.6319117383355
4423.478216756344
2212.394053286857
1844.804376772781
1418.5805111139662
4948.8482520769385
2692.8621467367275
2213.829017978089
2431.884762601978
2636.053452093482
1115.3683678151544
2825.6090671791812
3418.860142036919
1115.3683678151544
2178.473849963573
3386.507660423358
2155.8902029547644
3298.1615009181805
2323.860463143482
1316.7020211415831
3442.1478384316574
3012.932289495013
3559.4974097713693
4254.165605601562
1811.5012490961835
3371.50721239312
1523.9296790054393
2073.160365413264
891.6886565322303
1128.5390933621356
1733.3599468865439
847.655869553965
1333.599531259516
1011.1041736053241
870.847769659546
1333.599531259516
1011.1041736053241
1939.613309628893
1746.207421338775
2145.5153333044764
1458.1144258861343
1728.748829543587
1319.5564922117896
826.7980085012457
4529.974225170272
2460.6920572027097
3136.830024148793
3852.2898876909526
3355.9500832578865
3080.953829099936
3824.3592440623224
2391.215311252076
2771.373445185328
2564.688456685564
1556.6153565858083
942.3418654470792
2165.31258284612
3824.366623295108
2404.6694326007864
2176.3151344494054
3824.366623295108
2748.1330799746943
3552.9779753206612
1513.2079794279878
1360.751640019339
2316.088647747354
3790.8692905705143
3377.6564833060866
1651.165202434206
3420.5602870970984
2518.9696199914806
1656.5987092900925
1915.3420168592274
2785.270461772149
2176.267932156018
1464.9397554364734
1144.919361579721
2914.750576544193
2022.4865335956497
2395.5170892286155
1776.6817093642057
2522.9682868806485
1524.647957914492
3702.056687225383
2601.3956653810465
3094.3851390863597
1862.9521885495974
2151.648476144508
1734.5392022612928
2287.55454838087
1516.1626442927275
2451.8306611611474
4067.8742898498012
2468.4172681657487
3932.0557267696236
2739.3245535722076
3355.9500832578865
2401.9421151161077
2389.0619842896504
1320.6673119605052
1187.4729085003078
2205.1745566417426
941.1190611148367
942.3418654470792
2165.31258284612
3495.5170114075727
2412.699140997519
2176.3151344494054
3495.5170114075727
1059.9969498409828
1905.227066729059
1513.2079794279878
1374.9298864444302
2219.1934972079284
1127.535011099919
3345.9194060570694
1651.165202434206
3827.4556369089055
2518.9696199914806
2477.4149752182
1915.3420168592274
3284.266066399761
1317.253926611471
1464.9397554364734
813.6777250780154
3528.389277472117
3174.4653906762946
3315.2615302211675
1776.6817093642057
2522.9682868806485
1178.6982069824908
3702.056687225383
3287.4176132674047
2723.982452039541
1520.7525168761767
2534.2973775273317
749.375302106964
1570.3675374349532
1516.1626442927275
2745.8924850155677
4067.8742898498012
3632.056555317248
3937.5292694951763
2410.799102836756
1621.112156942174
998.3439514667176
2389.0619842896504
1129.2784494362872
2580.7773133681853
2269.6067509068107
941.1190611148367
942.3418654470792
2165.31258284612
3936.882294169006
2412.699140997519
2176.3151344494054
3936.882294169006
2896.08477096418
1831.4114969906232
1513.2079794279878
1374.9298864444302
2163.227345868717
1127.535011099919
3345.9194060570694
2631.2078670977107
3827.4556369089055
4147.623565475065
2477.4149752182
3351.2038662616537
3284.266066399761
2461.8305691981577
1464.9397554364734
2683.9520727983027
1425.0019631161927
3174.4653906762946
3225.0710185761636
1215.44574058104
2863.3979444472034
1178.6982069824908
4566.032026538541
1247.5059089644965
2728.8160758050467
1847.8568266226832
2534.2973775273317
1346.1480171161638
1970.4943085152486
1327.3833036993892
537.1298006681934
4963.624297540175
4269.952400723841
1568.844626290306
3525.3083621104365
1985.0919690597348
1895.8597095389985
3026.4394618410374
1872.124382131673
2006.9563193047916
3780.96636526861
1797.8243641704723
2514.488110145771
2641.2354791305543
1758.5624998433007
1568.844626290306
2232.377963701788
3243.463105455823
3785.431619123788
3026.4394618410374
3450.513986232424
1571.4212794380542
1882.4519194471447
1524.0267090171164
1316.7020211415831
3442.1478384316574
2794.5383975216228
763.7532424768623
3706.4432752789135
2460.6446328095626
1255.9284959447452
1523.9296790054393
1247.5772966776751
1596.9740517383727
3025.919293798751
1515.1633270568652
1021.7886755936704
2354.1238557546903
1843.400607959399
914.0252592662148
1721.0639435528537
3138.0663635108453
1356.003691909104
1731.5638469613064
1311.772734022163
1079.0578947909862
2195.6489546869407
1566.1560438910983
1204.5616858870558
4963.624297540175
4269.952400723841
1345.1275687333598
3525.3083621104365
1985.0919690597348
1895.8597095389985
3026.4394618410374
1872.124382131673
2006.9563193047916
3780.96636526861
1797.8243641704723
2967.199176217714
1997.9438602010434
2179.7929824153525
1345.1275687333598
2232.377963701788
3243.463105455823
3785.431619123788
3026.4394618410374
3450.513986232424
1571.4212794380542
1882.4519194471447
1524.0267090171164
1316.7020211415831
3442.1478384316574
2401.791908558522
763.7532424768623
3706.4432752789135
1517.85954680018
1255.9284959447452
1523.9296790054393
1322.8970355224894
1127.9700670305106
3025.919293798751
1515.1633270568652
1884.8831012755722
2354.1238557546903
1944.9997165575512
705.3107359610544
1735.9664628617693
2267.719758995867
1356.003691909104
1746.207421338775
1326.845740611322
1208.9595825256595
2211.084530989338
1566.1560438910983
1829.0463781151466
2296.2925444984767
2968.8214338775942
2633.551819761812
3117.932323661469
2968.8214338775942
1438.672321756143
3940.174089270978
1706.8641705874234
2168.3945086572503
2564.688456685564
2275.995253724046
927.0609649835114
3135.7181585245053
2541.7173435495715
1263.1515422925668
3981.8594572375664
3265.849287954209
2334.455759340022
3512.5978431746516
2305.280257908673
996.3975025066516
2316.088647747354
3030.441564588195
1729.7694849660877
1651.165202434206
2540.0250793204355
2473.9401026610403
3401.977768710848
2510.8966962017057
2747.8969707318206
2238.714727847395
1464.9397554364734
738.7662836185025
2914.750576544193
1140.4106834317754
1357.5532293177562
1776.6817093642057
1054.5489909736214
1206.0518203936274
1775.4126676956173
2510.8966962017057
3094.3851390863597
1981.9111111647808
788.1698959536711
1965.485794431027
2287.55454838087
1429.886636680565
1984.2867938334314
4117.945579543668
2179.2517388844417
1358.0382327151024
1590.2910870937906
1792.7344674749484
1055.064991620019
1826.0977335929729
1812.0221929069446
916.8775895285999
2205.1745566417426
2396.522105209574
927.0609649835114
3318.512674649493
2541.7173435495715
1746.9875639579875
3981.8594572375664
2511.3534307647933
2903.5917107476926
1354.0526792253604
1433.9598142049374
1466.021593625976
2219.1934972079284
1956.4123270584396
932.71324728208
1651.165202434206
2145.7491741760828
2473.9401026610403
2499.5536796435617
1724.725427054976
2224.620551722958
1530.3630551887643
1464.9397554364734
738.7662836185025
3082.232813463859
1856.2967812196662
1344.8795984824626
1776.6817093642057
1054.5489909736214
1171.938746320492
2463.803768699368
1729.2047658135796
2723.982452039541
2150.4138993720453
788.1698959536711
1965.485794431027
1570.3675374349532
1429.886636680565
811.9175177926247
4117.945579543668
2179.2517388844417
1358.0382327151024
1590.2910870937906
1792.7344674749484
1023.7621995198626
1826.0977335929729
1812.0221929069446
916.8775895285999
2269.6067509068107
2396.522105209574
927.0609649835114
4572.502098093068
2789.3378727000213
1746.9875639579875
3571.037331916361
2789.3378727000213
2547.58326099391
1781.2566217292197
1433.9598142049374
1466.021593625976
2163.227345868717
1956.4123270584396
926.006662294758
1365.882127497462
2145.7491741760828
3223.1719972507053
2499.5536796435617
1724.725427054976
2230.0601920478375
2015.280660929298
1464.9397554364734
1938.8978230558173
749.2973649071475
1727.9271964789664
1791.946505510274
1146.4050894894613
1051.1498623098596
1171.938746320492
2477.2504332797407
1729.2047658135796
2728.8160758050467
1847.8568266226832
788.1698959536711
498.1834606440058
1579.85337681483
1429.886636680565
538.6596462371734
