# s=65 S=70 h=0.0041 p=2.4000 c=2.5000
# time_s	level	cum_oos	holding_eur	shortage_eur	order_eur
0.000	70	0	0.0000	0.0000	0.0000
718.183	69	0	0.0048	0.0000	0.0000
774.501	68	0	0.0051	0.0000	0.0000
970.789	67	0	0.0064	0.0000	0.0000
1895.430	66	0	0.0123	0.0000	0.0000
2554.444	65	0	0.0164	0.0000	0.0000
3155.780	64	0	0.0201	0.0000	0.0000
3159.041	63	0	0.0201	0.0000	0.0000
3461.569	62	0	0.0220	0.0000	0.0000
3945.431	61	0	0.0248	0.0000	2.5000
3945.431	60	0	0.0248	0.0000	2.5000
3945.431	59	0	0.0248	0.0000	2.5000
4082.264	60	0	0.0256	0.0000	2.5000
4097.879	61	0	0.0257	0.0000	2.5000
4113.494	62	0	0.0257	0.0000	2.5000
4129.109	63	0	0.0258	0.0000	2.5000
4144.725	64	0	0.0259	0.0000	2.5000
4160.340	65	0	0.0260	0.0000	2.5000
4175.955	66	0	0.0261	0.0000	2.5000
4187.082	65	0	0.0262	0.0000	2.5000
4191.570	66	0	0.0262	0.0000	2.5000
4294.609	65	0	0.0269	0.0000	2.5000
4310.666	64	0	0.0270	0.0000	2.5000
4342.221	63	0	0.0272	0.0000	2.5000
4637.095	62	0	0.0289	0.0000	2.5000
4637.095	61	0	0.0289	0.0000	2.5000
4681.802	60	0	0.0292	0.0000	2.5000
4681.802	59	0	0.0292	0.0000	2.5000
4760.386	58	0	0.0296	0.0000	2.5000
4806.306	57	0	0.0299	0.0000	2.5000
5286.605	56	0	0.0325	0.0000	2.5000
5389.231	55	0	0.0330	0.0000	2.5000
5389.231	54	0	0.0330	0.0000	2.5000
5422.692	53	0	0.0332	0.0000	5.0000
5422.692	52	0	0.0332	0.0000	5.0000
5558.014	51	0	0.0339	0.0000	5.0000
5598.284	50	0	0.0340	0.0000	5.0000
6128.839	49	0	0.0366	0.0000	5.0000
6128.839	48	0	0.0366	0.0000	5.0000
6237.649	49	0	0.0371	0.0000	5.0000
6248.435	50	0	0.0371	0.0000	5.0000
6259.222	51	0	0.0372	0.0000	5.0000
6270.008	52	0	0.0372	0.0000	5.0000
6280.794	53	0	0.0373	0.0000	5.0000
6291.581	54	0	0.0373	0.0000	5.0000
6302.367	55	0	0.0374	0.0000	5.0000
6313.153	56	0	0.0374	0.0000	5.0000
6323.940	57	0	0.0375	0.0000	5.0000
6334.726	58	0	0.0375	0.0000	5.0000
6345.512	59	0	0.0376	0.0000	5.0000
6356.299	60	0	0.0377	0.0000	5.0000
6367.085	61	0	0.0377	0.0000	5.0000
6372.743	60	0	0.0378	0.0000	5.0000
6372.743	59	0	0.0378	0.0000	5.0000
6377.871	60	0	0.0378	0.0000	5.0000
6388.658	61	0	0.0379	0.0000	5.0000
6399.444	62	0	0.0379	0.0000	5.0000
6566.897	61	0	0.0389	0.0000	5.0000
6785.943	60	0	0.0402	0.0000	5.0000
6785.943	59	0	0.0402	0.0000	5.0000
6785.943	58	0	0.0402	0.0000	5.0000
6817.806	57	0	0.0403	0.0000	5.0000
6817.806	56	0	0.0403	0.0000	5.0000
6909.064	55	0	0.0408	0.0000	5.0000
6909.064	54	0	0.0408	0.0000	5.0000
6909.064	53	0	0.0408	0.0000	5.0000
7049.019	52	0	0.0415	0.0000	5.0000
7127.727	51	0	0.0419	0.0000	5.0000
7340.171	50	0	0.0430	0.0000	7.5000
7340.171	49	0	0.0430	0.0000	7.5000
7340.171	48	0	0.0430	0.0000	7.5000
7340.171	47	0	0.0430	0.0000	7.5000
7340.171	46	0	0.0430	0.0000	7.5000
7340.171	45	0	0.0430	0.0000	7.5000
7340.171	44	0	0.0430	0.0000	7.5000
7449.476	43	0	0.0434	0.0000	7.5000
7530.067	42	0	0.0437	0.0000	7.5000
7530.067	41	0	0.0437	0.0000	7.5000
7530.067	40	0	0.0437	0.0000	7.5000
7788.832	39	0	0.0447	0.0000	7.5000
7788.832	38	0	0.0447	0.0000	7.5000
7788.832	37	0	0.0447	0.0000	7.5000
7795.045	38	0	0.0447	0.0000	7.5000
7804.563	37	0	0.0448	0.0000	7.5000
7811.925	38	0	0.0448	0.0000	7.5000
7828.805	39	0	0.0449	0.0000	7.5000
7845.685	40	0	0.0449	0.0000	7.5000
7862.565	41	0	0.0450	0.0000	7.5000
7879.445	42	0	0.0451	0.0000	7.5000
7896.325	43	0	0.0451	0.0000	7.5000
7913.205	44	0	0.0452	0.0000	7.5000
7930.085	45	0	0.0453	0.0000	7.5000
7946.965	46	0	0.0453	0.0000	7.5000
7963.845	47	0	0.0454	0.0000	7.5000
7980.725	48	0	0.0455	0.0000	7.5000
7997.605	49	0	0.0456	0.0000	7.5000
8014.485	50	0	0.0456	0.0000	7.5000
8031.365	51	0	0.0457	0.0000	7.5000
8048.245	52	0	0.0458	0.0000	7.5000
8065.125	53	0	0.0459	0.0000	7.5000
8082.005	54	0	0.0460	0.0000	7.5000
8098.884	55	0	0.0461	0.0000	7.5000
8207.159	54	0	0.0466	0.0000	7.5000
8238.525	53	0	0.0468	0.0000	7.5000
8367.746	52	0	0.0474	0.0000	7.5000
8420.037	51	0	0.0477	0.0000	7.5000
8514.231	50	0	0.0481	0.0000	7.5000
8545.600	49	0	0.0483	0.0000	7.5000
8545.600	48	0	0.0483	0.0000	7.5000
8690.820	47	0	0.0490	0.0000	7.5000
8690.820	46	0	0.0490	0.0000	7.5000
8717.170	45	0	0.0491	0.0000	7.5000
8717.170	44	0	0.0491	0.0000	7.5000
8817.304	43	0	0.0495	0.0000	7.5000
8817.304	42	0	0.0495	0.0000	7.5000
8851.373	41	0	0.0496	0.0000	7.5000
8924.372	40	0	0.0499	0.0000	7.5000
8966.390	39	0	0.0501	0.0000	7.5000
9104.094	38	0	0.0506	0.0000	10.0000
9191.450	37	0	0.0509	0.0000	10.0000
9306.838	36	0	0.0513	0.0000	10.0000
9514.574	35	0	0.0520	0.0000	10.0000
9597.651	34	0	0.0523	0.0000	10.0000
9732.819	33	0	0.0527	0.0000	10.0000
10002.096	32	0	0.0536	0.0000	10.0000
10002.096	31	0	0.0536	0.0000	10.0000
10044.076	32	0	0.0537	0.0000	10.0000
10061.979	33	0	0.0537	0.0000	10.0000
10079.883	34	0	0.0538	0.0000	10.0000
10097.786	35	0	0.0539	0.0000	10.0000
10115.221	34	0	0.0539	0.0000	10.0000
10115.690	35	0	0.0539	0.0000	10.0000
10133.593	36	0	0.0540	0.0000	10.0000
10151.497	37	0	0.0540	0.0000	10.0000
10166.982	36	0	0.0541	0.0000	10.0000
10169.400	37	0	0.0541	0.0000	10.0000
10187.304	38	0	0.0542	0.0000	10.0000
10205.207	39	0	0.0542	0.0000	10.0000
10223.111	40	0	0.0543	0.0000	10.0000
10241.014	41	0	0.0544	0.0000	10.0000
10258.918	42	0	0.0544	0.0000	10.0000
10276.821	43	0	0.0545	0.0000	10.0000
10294.725	44	0	0.0546	0.0000	10.0000
10312.628	45	0	0.0546	0.0000	10.0000
10330.532	46	0	0.0547	0.0000	10.0000
10348.435	47	0	0.0548	0.0000	10.0000
10366.338	48	0	0.0549	0.0000	10.0000
10384.242	49	0	0.0550	0.0000	10.0000
10417.097	50	0	0.0551	0.0000	10.0000
10426.716	49	0	0.0552	0.0000	10.0000
10426.716	48	0	0.0552	0.0000	10.0000
10430.294	49	0	0.0552	0.0000	10.0000
10443.492	50	0	0.0552	0.0000	10.0000
10456.689	51	0	0.0553	0.0000	10.0000
10462.880	50	0	0.0553	0.0000	10.0000
10469.887	51	0	0.0554	0.0000	10.0000
10483.084	52	0	0.0554	0.0000	10.0000
10496.282	53	0	0.0555	0.0000	10.0000
10509.479	54	0	0.0556	0.0000	10.0000
10522.677	55	0	0.0556	0.0000	10.0000
10535.874	56	0	0.0557	0.0000	10.0000
10549.072	57	0	0.0558	0.0000	10.0000
10603.660	56	0	0.0561	0.0000	10.0000
10958.495	55	0	0.0579	0.0000	12.5000
10985.340	54	0	0.0581	0.0000	12.5000
11035.819	53	0	0.0583	0.0000	12.5000
11051.195	52	0	0.0584	0.0000	12.5000
11051.195	51	0	0.0584	0.0000	12.5000
11051.195	50	0	0.0584	0.0000	12.5000
11051.195	49	0	0.0584	0.0000	12.5000
11064.725	48	0	0.0585	0.0000	12.5000
11170.898	47	0	0.0590	0.0000	12.5000
11328.339	46	0	0.0597	0.0000	12.5000
11328.339	45	0	0.0597	0.0000	12.5000
11346.826	44	0	0.0598	0.0000	12.5000
11381.960	43	0	0.0599	0.0000	12.5000
11520.933	42	0	0.0605	0.0000	12.5000
11701.034	43	0	0.0612	0.0000	12.5000
11702.907	42	0	0.0612	0.0000	12.5000
11708.538	43	0	0.0612	0.0000	12.5000
11716.043	44	0	0.0612	0.0000	12.5000
11723.547	45	0	0.0613	0.0000	12.5000
11731.051	46	0	0.0613	0.0000	12.5000
11738.556	47	0	0.0613	0.0000	12.5000
11746.060	48	0	0.0614	0.0000	12.5000
11753.565	49	0	0.0614	0.0000	12.5000
11761.069	50	0	0.0614	0.0000	12.5000
11768.574	51	0	0.0615	0.0000	12.5000
11776.078	52	0	0.0615	0.0000	12.5000
11783.582	53	0	0.0616	0.0000	12.5000
11791.087	54	0	0.0616	0.0000	12.5000
11798.591	55	0	0.0616	0.0000	12.5000
11827.828	54	0	0.0618	0.0000	12.5000
11884.506	53	0	0.0621	0.0000	12.5000
12037.563	52	0	0.0628	0.0000	12.5000
12163.497	51	0	0.0635	0.0000	12.5000
12163.497	50	0	0.0635	0.0000	12.5000
12163.497	49	0	0.0635	0.0000	12.5000
12163.497	48	0	0.0635	0.0000	12.5000
12163.497	47	0	0.0635	0.0000	12.5000
12163.497	46	0	0.0635	0.0000	12.5000
12206.750	45	0	0.0637	0.0000	12.5000
12206.750	44	0	0.0637	0.0000	12.5000
12260.099	43	0	0.0639	0.0000	12.5000
12260.099	42	0	0.0639	0.0000	12.5000
12426.240	41	0	0.0645	0.0000	12.5000
12426.240	40	0	0.0645	0.0000	12.5000
12426.240	39	0	0.0645	0.0000	12.5000
12426.240	38	0	0.0645	0.0000	12.5000
12569.767	37	0	0.0651	0.0000	12.5000
12581.931	36	0	0.0651	0.0000	12.5000
12639.527	35	0	0.0653	0.0000	15.0000
12639.527	34	0	0.0653	0.0000	15.0000
12829.953	33	0	0.0659	0.0000	15.0000
12829.953	32	0	0.0659	0.0000	15.0000
12829.953	31	0	0.0659	0.0000	15.0000
12829.953	30	0	0.0659	0.0000	15.0000
12893.393	29	0	0.0661	0.0000	15.0000
13084.171	28	0	0.0666	0.0000	15.0000
13084.171	27	0	0.0666	0.0000	15.0000
13084.171	26	0	0.0666	0.0000	15.0000
13084.171	25	0	0.0666	0.0000	15.0000
13187.183	24	0	0.0669	0.0000	15.0000
13204.819	23	0	0.0669	0.0000	15.0000
13228.578	22	0	0.0670	0.0000	15.0000
13314.562	21	0	0.0671	0.0000	15.0000
13345.160	20	0	0.0672	0.0000	15.0000
13364.094	21	0	0.0672	0.0000	15.0000
13383.028	22	0	0.0673	0.0000	15.0000
13401.962	23	0	0.0673	0.0000	15.0000
13420.897	24	0	0.0673	0.0000	15.0000
13439.831	25	0	0.0674	0.0000	15.0000
13458.765	26	0	0.0674	0.0000	15.0000
13477.700	27	0	0.0675	0.0000	15.0000
13496.634	28	0	0.0675	0.0000	15.0000
13515.568	29	0	0.0676	0.0000	15.0000
13534.502	30	0	0.0676	0.0000	15.0000
13553.437	31	0	0.0677	0.0000	15.0000
13572.371	32	0	0.0677	0.0000	15.0000
13584.933	31	0	0.0678	0.0000	15.0000
13591.305	32	0	0.0678	0.0000	15.0000
13610.240	33	0	0.0679	0.0000	15.0000
13629.174	34	0	0.0679	0.0000	15.0000
13648.108	35	0	0.0680	0.0000	15.0000
13667.043	36	0	0.0680	0.0000	15.0000
13685.977	37	0	0.0681	0.0000	15.0000
13704.911	38	0	0.0682	0.0000	15.0000
13723.845	39	0	0.0682	0.0000	15.0000
13725.354	38	0	0.0682	0.0000	15.0000
13725.354	37	0	0.0682	0.0000	15.0000
13725.354	36	0	0.0682	0.0000	15.0000
13750.416	35	0	0.0683	0.0000	15.0000
13759.505	36	0	0.0684	0.0000	15.0000
13768.593	37	0	0.0684	0.0000	15.0000
13777.682	38	0	0.0684	0.0000	15.0000
13786.771	39	0	0.0685	0.0000	15.0000
13795.860	40	0	0.0685	0.0000	15.0000
13804.948	41	0	0.0685	0.0000	15.0000
13814.037	42	0	0.0686	0.0000	15.0000
13823.126	43	0	0.0686	0.0000	15.0000
13832.214	44	0	0.0686	0.0000	15.0000
13841.303	45	0	0.0687	0.0000	15.0000
13850.392	46	0	0.0687	0.0000	15.0000
13859.480	47	0	0.0687	0.0000	15.0000
13868.569	48	0	0.0688	0.0000	15.0000
13877.658	49	0	0.0688	0.0000	15.0000
14092.702	48	0	0.0698	0.0000	15.0000
14092.702	47	0	0.0698	0.0000	15.0000
14162.319	46	0	0.0701	0.0000	15.0000
14274.104	45	0	0.0706	0.0000	15.0000
14523.369	44	0	0.0717	0.0000	17.5000
14523.369	43	0	0.0717	0.0000	17.5000
14559.295	42	0	0.0718	0.0000	17.5000
14702.619	41	0	0.0724	0.0000	17.5000
14744.537	40	0	0.0726	0.0000	17.5000
14744.537	39	0	0.0726	0.0000	17.5000
14759.725	38	0	0.0726	0.0000	17.5000
15038.844	37	0	0.0736	0.0000	17.5000
15038.844	36	0	0.0736	0.0000	17.5000
15051.332	35	0	0.0737	0.0000	17.5000
15107.649	34	0	0.0739	0.0000	17.5000
15188.546	33	0	0.0741	0.0000	17.5000
15234.506	32	0	0.0743	0.0000	17.5000
15234.506	31	0	0.0743	0.0000	17.5000
15243.415	30	0	0.0743	0.0000	17.5000
15255.154	29	0	0.0743	0.0000	17.5000
15255.154	28	0	0.0743	0.0000	17.5000
15413.047	27	0	0.0748	0.0000	17.5000
15604.452	26	0	0.0752	0.0000	17.5000
15678.206	25	0	0.0754	0.0000	17.5000
15678.206	24	0	0.0754	0.0000	17.5000
15678.206	23	0	0.0754	0.0000	17.5000
15678.206	22	0	0.0754	0.0000	17.5000
15678.206	21	0	0.0754	0.0000	17.5000
15678.206	20	0	0.0754	0.0000	17.5000
15678.206	19	0	0.0754	0.0000	17.5000
15710.461	18	0	0.0755	0.0000	17.5000
15741.317	17	0	0.0755	0.0000	17.5000
15755.925	16	0	0.0756	0.0000	17.5000
15755.925	15	0	0.0756	0.0000	17.5000
15755.925	14	0	0.0756	0.0000	17.5000
15755.925	13	0	0.0756	0.0000	17.5000
15829.536	12	0	0.0756	0.0000	17.5000
15829.536	11	0	0.0756	0.0000	17.5000
15829.536	10	0	0.0756	0.0000	17.5000
15833.910	9	0	0.0757	0.0000	17.5000
15849.360	8	0	0.0757	0.0000	17.5000
15941.809	7	0	0.0757	0.0000	17.5000
16012.046	6	0	0.0758	0.0000	17.5000
16082.028	7	0	0.0758	0.0000	17.5000
16089.823	8	0	0.0758	0.0000	17.5000
16097.617	9	0	0.0758	0.0000	17.5000
16105.412	10	0	0.0758	0.0000	17.5000
16113.207	11	0	0.0758	0.0000	17.5000
16125.330	12	0	0.0759	0.0000	17.5000
16137.453	13	0	0.0759	0.0000	17.5000
16149.576	14	0	0.0759	0.0000	17.5000
16161.699	15	0	0.0759	0.0000	17.5000
16173.822	16	0	0.0759	0.0000	17.5000
16185.945	17	0	0.0759	0.0000	17.5000
16198.068	18	0	0.0760	0.0000	17.5000
16210.191	19	0	0.0760	0.0000	17.5000
16222.314	20	0	0.0760	0.0000	17.5000
16234.437	21	0	0.0760	0.0000	17.5000
16246.560	22	0	0.0761	0.0000	17.5000
16258.683	23	0	0.0761	0.0000	17.5000
16270.806	24	0	0.0761	0.0000	17.5000
16282.929	25	0	0.0761	0.0000	17.5000
16295.052	26	0	0.0762	0.0000	17.5000
16307.175	27	0	0.0762	0.0000	17.5000
16319.298	28	0	0.0762	0.0000	17.5000
16331.421	29	0	0.0763	0.0000	17.5000
16343.544	30	0	0.0763	0.0000	17.5000
16355.667	31	0	0.0763	0.0000	17.5000
16406.556	30	0	0.0765	0.0000	17.5000
16406.556	29	0	0.0765	0.0000	17.5000
16406.556	28	0	0.0765	0.0000	17.5000
16659.326	27	0	0.0771	0.0000	17.5000
16659.326	26	0	0.0771	0.0000	17.5000
16659.326	25	0	0.0771	0.0000	17.5000
16847.384	24	0	0.0776	0.0000	17.5000
16891.764	23	0	0.0777	0.0000	17.5000
16891.764	22	0	0.0777	0.0000	17.5000
16964.937	21	0	0.0778	0.0000	17.5000
16964.937	20	0	0.0778	0.0000	17.5000
17046.374	19	0	0.0780	0.0000	17.5000
17057.385	18	0	0.0780	0.0000	17.5000
17179.853	17	0	0.0782	0.0000	17.5000
17179.853	16	0	0.0782	0.0000	17.5000
17291.200	15	0	0.0784	0.0000	17.5000
17291.200	14	0	0.0784	0.0000	17.5000
17291.200	13	0	0.0784	0.0000	17.5000
17322.918	12	0	0.0784	0.0000	17.5000
17474.747	11	0	0.0786	0.0000	17.5000
17532.646	10	0	0.0787	0.0000	17.5000
17570.560	9	0	0.0787	0.0000	17.5000
17615.250	8	0	0.0787	0.0000	17.5000
17696.777	7	0	0.0788	0.0000	17.5000
17757.375	6	0	0.0788	0.0000	17.5000
17757.375	5	0	0.0788	0.0000	17.5000
17932.535	4	0	0.0789	0.0000	17.5000
17935.664	3	0	0.0789	0.0000	17.5000
18027.852	2	0	0.0790	0.0000	20.0000
18027.852	1	0	0.0790	0.0000	20.0000
18067.625	0	0	0.0790	0.0000	20.0000
18208.362	0	1	0.0790	2.4000	20.0000
18208.362	0	2	0.0790	4.8000	20.0000
18298.846	0	3	0.0790	7.2000	20.0000
18298.846	0	4	0.0790	9.6000	20.0000
18311.022	0	5	0.0790	12.0000	20.0000
18419.136	0	6	0.0790	14.4000	20.0000
18754.678	0	7	0.0790	16.8000	20.0000
18754.678	0	8	0.0790	19.2000	20.0000
18754.678	0	9	0.0790	21.6000	20.0000
18754.678	0	10	0.0790	24.0000	20.0000
18754.678	0	11	0.0790	26.4000	20.0000
18824.807	1	11	0.0790	26.4000	20.0000
18840.629	2	11	0.0790	26.4000	20.0000
18856.451	3	11	0.0790	26.4000	20.0000
18872.273	4	11	0.0790	26.4000	20.0000
18888.096	5	11	0.0790	26.4000	20.0000
18903.918	6	11	0.0790	26.4000	20.0000
18913.262	5	11	0.0790	26.4000	20.0000
18913.262	4	11	0.0790	26.4000	20.0000
18913.262	3	11	0.0790	26.4000	20.0000
18919.740	4	11	0.0790	26.4000	20.0000
18935.562	5	11	0.0790	26.4000	20.0000
18951.384	6	11	0.0790	26.4000	20.0000
18967.207	7	11	0.0790	26.4000	20.0000
18983.029	8	11	0.0790	26.4000	20.0000
18998.851	9	11	0.0790	26.4000	20.0000
19001.041	8	11	0.0790	26.4000	20.0000
19014.673	9	11	0.0790	26.4000	20.0000
19030.495	10	11	0.0791	26.4000	20.0000
19046.318	11	11	0.0791	26.4000	20.0000
19062.140	12	11	0.0791	26.4000	20.0000
19077.962	13	11	0.0791	26.4000	20.0000
19093.784	14	11	0.0791	26.4000	20.0000
19109.606	15	11	0.0791	26.4000	20.0000
19125.428	16	11	0.0792	26.4000	20.0000
19130.715	15	11	0.0792	26.4000	20.0000
19196.067	16	11	0.0793	26.4000	20.0000
19206.056	17	11	0.0793	26.4000	20.0000
19216.045	18	11	0.0793	26.4000	20.0000
19226.034	19	11	0.0793	26.4000	20.0000
19236.023	20	11	0.0793	26.4000	20.0000
19246.012	21	11	0.0794	26.4000	20.0000
19256.001	22	11	0.0794	26.4000	20.0000
19265.989	23	11	0.0794	26.4000	20.0000
19275.978	24	11	0.0794	26.4000	20.0000
19285.967	25	11	0.0794	26.4000	20.0000
19295.956	26	11	0.0795	26.4000	20.0000
19305.945	27	11	0.0795	26.4000	20.0000
19315.934	28	11	0.0795	26.4000	20.0000
19325.923	29	11	0.0795	26.4000	20.0000
19335.912	30	11	0.0796	26.4000	20.0000
19345.901	31	11	0.0796	26.4000	20.0000
19355.890	32	11	0.0796	26.4000	20.0000
19365.879	33	11	0.0797	26.4000	20.0000
19375.868	34	11	0.0797	26.4000	20.0000
19385.857	35	11	0.0797	26.4000	20.0000
19413.905	34	11	0.0798	26.4000	20.0000
19413.905	33	11	0.0798	26.4000	20.0000
19468.924	34	11	0.0800	26.4000	20.0000
19474.304	33	11	0.0800	26.4000	20.0000
19474.304	32	11	0.0800	26.4000	20.0000
19487.390	33	11	0.0800	26.4000	20.0000
19505.856	34	11	0.0801	26.4000	20.0000
19524.322	35	11	0.0802	26.4000	20.0000
19542.788	36	11	0.0802	26.4000	20.0000
19561.255	37	11	0.0803	26.4000	20.0000
19579.721	38	11	0.0804	26.4000	20.0000
19618.675	39	11	0.0805	26.4000	20.0000
19633.031	40	11	0.0805	26.4000	20.0000
19647.388	41	11	0.0806	26.4000	20.0000
19661.744	42	11	0.0807	26.4000	20.0000
19676.101	43	11	0.0807	26.4000	20.0000
19690.457	44	11	0.0808	26.4000	20.0000
19704.814	45	11	0.0808	26.4000	20.0000
19719.170	46	11	0.0809	26.4000	20.0000
19733.527	47	11	0.0810	26.4000	20.0000
19747.883	48	11	0.0810	26.4000	20.0000
19762.240	49	11	0.0811	26.4000	20.0000
19776.597	50	11	0.0812	26.4000	20.0000
19790.953	51	11	0.0812	26.4000	20.0000
19805.310	52	11	0.0813	26.4000	20.0000
19819.666	53	11	0.0814	26.4000	20.0000
19834.023	54	11	0.0814	26.4000	20.0000
19848.379	55	11	0.0815	26.4000	20.0000
19862.736	56	11	0.0816	26.4000	20.0000
19877.092	57	11	0.0817	26.4000	20.0000
19891.449	58	11	0.0817	26.4000	20.0000
20040.151	57	11	0.0826	26.4000	20.0000
20040.151	56	11	0.0826	26.4000	20.0000
20237.533	55	11	0.0836	26.4000	20.0000
20513.680	54	11	0.0850	26.4000	20.0000
20604.315	53	11	0.0855	26.4000	20.0000
20604.315	52	11	0.0855	26.4000	20.0000
20663.545	51	11	0.0858	26.4000	20.0000
20953.888	50	11	0.0872	26.4000	20.0000
21008.490	49	11	0.0875	26.4000	20.0000
21008.490	48	11	0.0875	26.4000	20.0000
21049.749	47	11	0.0877	26.4000	20.0000
21049.749	46	11	0.0877	26.4000	20.0000
21077.846	45	11	0.0878	26.4000	20.0000
21225.323	44	11	0.0884	26.4000	20.0000
21355.786	43	11	0.0889	26.4000	20.0000
21355.786	42	11	0.0889	26.4000	20.0000
21355.786	41	11	0.0889	26.4000	20.0000
21427.353	40	11	0.0892	26.4000	20.0000
21497.240	39	11	0.0895	26.4000	20.0000
21579.224	38	11	0.0898	26.4000	20.0000
21883.947	37	11	0.0909	26.4000	22.5000
21956.515	36	11	0.0912	26.4000	22.5000
22142.860	37	11	0.0918	26.4000	22.5000
22149.860	38	11	0.0918	26.4000	22.5000
22156.859	39	11	0.0918	26.4000	22.5000
22163.859	40	11	0.0919	26.4000	22.5000
22170.859	41	11	0.0919	26.4000	22.5000
22177.859	42	11	0.0919	26.4000	22.5000
22184.859	43	11	0.0919	26.4000	22.5000
22191.859	44	11	0.0920	26.4000	22.5000
22198.859	45	11	0.0920	26.4000	22.5000
22205.859	46	11	0.0920	26.4000	22.5000
22212.858	47	11	0.0921	26.4000	22.5000
22219.858	48	11	0.0921	26.4000	22.5000
22239.222	47	11	0.0922	26.4000	22.5000
22256.396	48	11	0.0923	26.4000	22.5000
22262.367	47	11	0.0923	26.4000	22.5000
22273.570	48	11	0.0923	26.4000	22.5000
22290.744	49	11	0.0924	26.4000	22.5000
22307.918	50	11	0.0925	26.4000	22.5000
22325.091	51	11	0.0926	26.4000	22.5000
22342.265	52	11	0.0927	26.4000	22.5000
22359.439	53	11	0.0927	26.4000	22.5000
22376.613	54	11	0.0928	26.4000	22.5000
22393.787	55	11	0.0929	26.4000	22.5000
22410.961	56	11	0.0930	26.4000	22.5000
22428.134	57	11	0.0931	26.4000	22.5000
22445.308	58	11	0.0932	26.4000	22.5000
22447.576	57	11	0.0932	26.4000	22.5000
22447.576	56	11	0.0932	26.4000	22.5000
22462.482	57	11	0.0933	26.4000	22.5000
22479.656	58	11	0.0934	26.4000	22.5000
22496.830	59	11	0.0935	26.4000	22.5000
22514.004	60	11	0.0936	26.4000	22.5000
22531.178	61	11	0.0937	26.4000	22.5000
22548.351	62	11	0.0938	26.4000	22.5000
22565.525	63	11	0.0939	26.4000	22.5000
22582.699	64	11	0.0940	26.4000	22.5000
23154.758	63	11	0.0974	26.4000	22.5000
23379.055	62	11	0.0988	26.4000	22.5000
23555.053	63	11	0.0998	26.4000	25.0000
23574.894	64	11	0.0999	26.4000	25.0000
23594.735	65	11	0.1001	26.4000	25.0000
23614.575	66	11	0.1002	26.4000	25.0000
23634.416	67	11	0.1003	26.4000	25.0000
23654.257	68	11	0.1004	26.4000	25.0000
23674.098	69	11	0.1006	26.4000	25.0000
23693.939	70	11	0.1007	26.4000	25.0000
23707.192	69	11	0.1008	26.4000	25.0000
23788.949	68	11	0.1013	26.4000	25.0000
23800.105	67	11	0.1014	26.4000	25.0000
23986.609	66	11	0.1026	26.4000	25.0000
24001.985	65	11	0.1027	26.4000	25.0000
24067.626	64	11	0.1031	26.4000	25.0000
24220.368	63	11	0.1040	26.4000	25.0000
24220.368	62	11	0.1040	26.4000	25.0000
24220.368	61	11	0.1040	26.4000	25.0000
24220.368	60	11	0.1040	26.4000	25.0000
24237.574	59	11	0.1041	26.4000	25.0000
24340.286	58	11	0.1047	26.4000	25.0000
24540.824	57	11	0.1058	26.4000	25.0000
24629.977	56	11	0.1063	26.4000	25.0000
24645.344	55	11	0.1063	26.4000	25.0000
24853.701	54	11	0.1074	26.4000	25.0000
24853.701	53	11	0.1074	26.4000	25.0000
24864.033	52	11	0.1075	26.4000	25.0000
25145.548	51	11	0.1089	26.4000	25.0000
25145.548	50	11	0.1089	26.4000	25.0000
25145.548	49	11	0.1089	26.4000	25.0000
25145.548	48	11	0.1089	26.4000	25.0000
25145.548	47	11	0.1089	26.4000	25.0000
25145.548	46	11	0.1089	26.4000	25.0000
25523.797	45	11	0.1105	26.4000	27.5000
25777.147	44	11	0.1116	26.4000	27.5000
25872.206	43	11	0.1120	26.4000	27.5000
25953.215	42	11	0.1123	26.4000	27.5000
26023.278	43	11	0.1126	26.4000	27.5000
26039.690	44	11	0.1127	26.4000	27.5000
26056.102	45	11	0.1127	26.4000	27.5000
26072.515	46	11	0.1128	26.4000	27.5000
26081.390	45	11	0.1129	26.4000	27.5000
26081.390	44	11	0.1129	26.4000	27.5000
26081.390	43	11	0.1129	26.4000	27.5000
26081.390	42	11	0.1129	26.4000	27.5000
26088.927	43	11	0.1129	26.4000	27.5000
26105.339	44	11	0.1130	26.4000	27.5000
26121.751	45	11	0.1130	26.4000	27.5000
26138.164	46	11	0.1131	26.4000	27.5000
26154.576	47	11	0.1132	26.4000	27.5000
26170.988	48	11	0.1132	26.4000	27.5000
26187.400	49	11	0.1133	26.4000	27.5000
26203.813	50	11	0.1134	26.4000	27.5000
26220.225	51	11	0.1135	26.4000	27.5000
26236.637	52	11	0.1135	26.4000	27.5000
26253.049	53	11	0.1136	26.4000	27.5000
26269.462	54	11	0.1137	26.4000	27.5000
26285.874	55	11	0.1138	26.4000	27.5000
26302.286	56	11	0.1139	26.4000	27.5000
26318.698	57	11	0.1140	26.4000	27.5000
26335.111	58	11	0.1141	26.4000	27.5000
26346.688	59	11	0.1141	26.4000	27.5000
26358.266	60	11	0.1142	26.4000	27.5000
26369.844	61	11	0.1142	26.4000	27.5000
26381.421	62	11	0.1143	26.4000	27.5000
26558.935	61	11	0.1154	26.4000	27.5000
26558.935	60	11	0.1154	26.4000	27.5000
26558.935	59	11	0.1154	26.4000	27.5000
26575.663	58	11	0.1155	26.4000	27.5000
26601.393	57	11	0.1156	26.4000	27.5000
26689.023	56	11	0.1161	26.4000	27.5000
26708.115	55	11	0.1162	26.4000	27.5000
26888.024	54	11	0.1171	26.4000	27.5000
26922.687	53	11	0.1173	26.4000	27.5000
27610.571	52	11	0.1207	26.4000	30.0000
27610.571	51	11	0.1207	26.4000	30.0000
27858.991	50	11	0.1219	26.4000	30.0000
27858.991	49	11	0.1219	26.4000	30.0000
27858.991	48	11	0.1219	26.4000	30.0000
27858.991	47	11	0.1219	26.4000	30.0000
27911.884	48	11	0.1222	26.4000	30.0000
27922.630	49	11	0.1222	26.4000	30.0000
27933.376	50	11	0.1223	26.4000	30.0000
27944.122	51	11	0.1223	26.4000	30.0000
27954.868	52	11	0.1224	26.4000	30.0000
27965.614	53	11	0.1224	26.4000	30.0000
27976.360	54	11	0.1225	26.4000	30.0000
27987.106	55	11	0.1225	26.4000	30.0000
27997.852	56	11	0.1226	26.4000	30.0000
28008.598	57	11	0.1227	26.4000	30.0000
28019.344	58	11	0.1227	26.4000	30.0000
28030.090	59	11	0.1228	26.4000	30.0000
28039.634	58	11	0.1228	26.4000	30.0000
28040.836	59	11	0.1228	26.4000	30.0000
28051.582	60	11	0.1229	26.4000	30.0000
28062.328	61	11	0.1230	26.4000	30.0000
28073.074	62	11	0.1230	26.4000	30.0000
28083.820	63	11	0.1231	26.4000	30.0000
28184.912	62	11	0.1237	26.4000	30.0000
28261.858	61	11	0.1241	26.4000	30.0000
28261.858	60	11	0.1241	26.4000	30.0000
28261.858	59	11	0.1241	26.4000	30.0000
28546.556	58	11	0.1257	26.4000	30.0000
28695.619	57	11	0.1266	26.4000	30.0000
29053.724	56	11	0.1285	26.4000	32.5000
29053.724	55	11	0.1285	26.4000	32.5000
29103.495	54	11	0.1288	26.4000	32.5000
29296.162	53	11	0.1297	26.4000	32.5000
29342.947	52	11	0.1300	26.4000	32.5000
29395.442	53	11	0.1302	26.4000	32.5000
29413.561	54	11	0.1303	26.4000	32.5000
29417.063	53	11	0.1303	26.4000	32.5000
29431.680	54	11	0.1304	26.4000	32.5000
29449.800	55	11	0.1305	26.4000	32.5000
29460.075	54	11	0.1306	26.4000	32.5000
29467.919	55	11	0.1306	26.4000	32.5000
29486.038	56	11	0.1307	26.4000	32.5000
29504.157	57	11	0.1308	26.4000	32.5000
29520.512	56	11	0.1309	26.4000	32.5000
29522.276	57	11	0.1309	26.4000	32.5000
29540.395	58	11	0.1310	26.4000	32.5000
29558.515	59	11	0.1311	26.4000	32.5000
29566.810	58	11	0.1311	26.4000	32.5000
29576.634	59	11	0.1312	26.4000	32.5000
29594.753	60	11	0.1313	26.4000	32.5000
29612.872	61	11	0.1314	26.4000	32.5000
29710.129	60	11	0.1320	26.4000	32.5000
29710.129	59	11	0.1320	26.4000	32.5000
29710.129	58	11	0.1320	26.4000	32.5000
29710.129	57	11	0.1320	26.4000	32.5000
29710.129	56	11	0.1320	26.4000	32.5000
29712.020	55	11	0.1320	26.4000	32.5000
29982.112	54	11	0.1334	26.4000	32.5000
30031.175	53	11	0.1336	26.4000	32.5000
30115.658	52	11	0.1341	26.4000	32.5000
30438.198	51	11	0.1356	26.4000	32.5000
30438.198	50	11	0.1356	26.4000	32.5000
30466.298	49	11	0.1358	26.4000	32.5000
30466.298	48	11	0.1358	26.4000	32.5000
30466.298	47	11	0.1358	26.4000	32.5000
30466.298	46	11	0.1358	26.4000	32.5000
30466.298	45	11	0.1358	26.4000	32.5000
30466.298	44	11	0.1358	26.4000	32.5000
30466.298	43	11	0.1358	26.4000	32.5000
30504.487	42	11	0.1359	26.4000	32.5000
30520.110	41	11	0.1360	26.4000	32.5000
30520.110	40	11	0.1360	26.4000	32.5000
30635.643	39	11	0.1364	26.4000	35.0000
30635.643	38	11	0.1364	26.4000	35.0000
30654.161	37	11	0.1365	26.4000	35.0000
30720.806	36	11	0.1367	26.4000	35.0000
30732.738	35	11	0.1368	26.4000	35.0000
30732.738	34	11	0.1368	26.4000	35.0000
30860.296	33	11	0.1372	26.4000	35.0000
30978.140	34	11	0.1376	26.4000	35.0000
30992.394	35	11	0.1376	26.4000	35.0000
31006.647	36	11	0.1377	26.4000	35.0000
31020.900	37	11	0.1377	26.4000	35.0000
31035.154	38	11	0.1378	26.4000	35.0000
31049.407	39	11	0.1378	26.4000	35.0000
31063.661	40	11	0.1379	26.4000	35.0000
31077.914	41	11	0.1379	26.4000	35.0000
31086.156	40	11	0.1379	26.4000	35.0000
31086.156	39	11	0.1379	26.4000	35.0000
31092.167	40	11	0.1380	26.4000	35.0000
31106.421	41	11	0.1380	26.4000	35.0000
31120.674	42	11	0.1381	26.4000	35.0000
31134.927	43	11	0.1381	26.4000	35.0000
31147.996	42	11	0.1382	26.4000	35.0000
31149.181	43	11	0.1382	26.4000	35.0000
31163.434	44	11	0.1382	26.4000	35.0000
31177.688	45	11	0.1383	26.4000	35.0000
31191.941	46	11	0.1384	26.4000	35.0000
31206.194	47	11	0.1384	26.4000	35.0000
31220.448	48	11	0.1385	26.4000	35.0000
31234.701	49	11	0.1386	26.4000	35.0000
31248.954	50	11	0.1386	26.4000	35.0000
31264.887	51	11	0.1387	26.4000	35.0000
31280.820	52	11	0.1388	26.4000	35.0000
31281.603	51	11	0.1388	26.4000	35.0000
31281.603	50	11	0.1388	26.4000	35.0000
31296.752	51	11	0.1389	26.4000	35.0000
31312.685	52	11	0.1389	26.4000	35.0000
31328.617	53	11	0.1390	26.4000	35.0000
31344.550	54	11	0.1391	26.4000	35.0000
31360.483	55	11	0.1392	26.4000	35.0000
31376.415	56	11	0.1393	26.4000	35.0000
31392.348	57	11	0.1393	26.4000	35.0000
31408.280	58	11	0.1394	26.4000	35.0000
31412.343	57	11	0.1394	26.4000	35.0000
31541.927	56	11	0.1401	26.4000	35.0000
31901.494	55	11	0.1421	26.4000	35.0000
31901.494	54	11	0.1421	26.4000	35.0000
31901.494	53	11	0.1421	26.4000	35.0000
31901.494	52	11	0.1421	26.4000	35.0000
31901.494	51	11	0.1421	26.4000	35.0000
31944.539	50	11	0.1423	26.4000	35.0000
32072.802	49	11	0.1429	26.4000	35.0000
32342.179	48	11	0.1441	26.4000	35.0000
32342.179	47	11	0.1441	26.4000	35.0000
32471.721	46	11	0.1447	26.4000	37.5000
32471.721	45	11	0.1447	26.4000	37.5000
32564.143	44	11	0.1451	26.4000	37.5000
32564.143	43	11	0.1451	26.4000	37.5000
32727.512	42	11	0.1458	26.4000	37.5000
32727.512	41	11	0.1458	26.4000	37.5000
32727.512	40	11	0.1458	26.4000	37.5000
32727.512	39	11	0.1458	26.4000	37.5000
32783.258	38	11	0.1460	26.4000	37.5000
32988.220	37	11	0.1467	26.4000	37.5000
33040.518	36	11	0.1469	26.4000	37.5000
33095.423	35	11	0.1471	26.4000	37.5000
33112.309	34	11	0.1471	26.4000	37.5000
33248.081	33	11	0.1476	26.4000	37.5000
33263.250	32	11	0.1476	26.4000	37.5000
33328.461	31	11	0.1478	26.4000	37.5000
33479.431	30	11	0.1483	26.4000	37.5000
33479.431	29	11	0.1483	26.4000	37.5000
33520.806	28	11	0.1484	26.4000	37.5000
33520.806	27	11	0.1484	26.4000	37.5000
33520.806	26	11	0.1484	26.4000	37.5000
33524.993	27	11	0.1484	26.4000	37.5000
33543.095	28	11	0.1484	26.4000	37.5000
33561.197	29	11	0.1485	26.4000	37.5000
33578.785	30	11	0.1485	26.4000	37.5000
33596.373	31	11	0.1486	26.4000	37.5000
33613.961	32	11	0.1486	26.4000	37.5000
33631.549	33	11	0.1487	26.4000	37.5000
33649.137	34	11	0.1487	26.4000	37.5000
33658.927	33	11	0.1488	26.4000	37.5000
33666.725	34	11	0.1488	26.4000	37.5000
33684.313	35	11	0.1489	26.4000	37.5000
33701.901	36	11	0.1489	26.4000	37.5000
33709.210	35	11	0.1489	26.4000	37.5000
33709.210	34	11	0.1489	26.4000	37.5000
33719.489	35	11	0.1490	26.4000	37.5000
33737.077	36	11	0.1490	26.4000	37.5000
33744.580	35	11	0.1491	26.4000	37.5000
33754.665	36	11	0.1491	26.4000	37.5000
33772.253	37	11	0.1492	26.4000	37.5000
33789.841	38	11	0.1492	26.4000	37.5000
33807.429	39	11	0.1493	26.4000	37.5000
33825.017	40	11	0.1493	26.4000	37.5000
33842.605	41	11	0.1494	26.4000	37.5000
33850.875	40	11	0.1494	26.4000	37.5000
33850.875	39	11	0.1494	26.4000	37.5000
33850.875	38	11	0.1494	26.4000	37.5000
33860.193	39	11	0.1495	26.4000	37.5000
33877.781	40	11	0.1495	26.4000	37.5000
33895.369	41	11	0.1496	26.4000	37.5000
33912.957	42	11	0.1497	26.4000	37.5000
33940.367	41	11	0.1498	26.4000	37.5000
33954.384	40	11	0.1498	26.4000	37.5000
33954.384	39	11	0.1498	26.4000	37.5000
33993.213	38	11	0.1500	26.4000	37.5000
33999.468	37	11	0.1500	26.4000	37.5000
33999.468	36	11	0.1500	26.4000	37.5000
34111.622	35	11	0.1504	26.4000	37.5000
34111.622	34	11	0.1504	26.4000	37.5000
34252.111	33	11	0.1508	26.4000	40.0000
34392.123	32	11	0.1513	26.4000	40.0000
34423.223	31	11	0.1514	26.4000	40.0000
34779.658	30	11	0.1524	26.4000	40.0000
34820.659	29	11	0.1525	26.4000	40.0000
34880.037	28	11	0.1527	26.4000	40.0000
34880.037	27	11	0.1527	26.4000	40.0000
34950.147	26	11	0.1529	26.4000	40.0000
34965.716	25	11	0.1529	26.4000	40.0000
35059.642	24	11	0.1531	26.4000	40.0000
35320.863	23	11	0.1537	26.4000	40.0000
35364.752	22	11	0.1538	26.4000	40.0000
35416.603	21	11	0.1539	26.4000	40.0000
35714.209	20	11	0.1545	26.4000	40.0000
35736.015	19	11	0.1546	26.4000	40.0000
35736.015	18	11	0.1546	26.4000	40.0000
35736.015	17	11	0.1546	26.4000	40.0000
35736.015	16	11	0.1546	26.4000	40.0000
35757.738	17	11	0.1546	26.4000	40.0000
35776.552	18	11	0.1546	26.4000	40.0000
35795.366	19	11	0.1547	26.4000	40.0000
35814.181	20	11	0.1547	26.4000	40.0000
35832.995	21	11	0.1547	26.4000	40.0000
35839.184	20	11	0.1548	26.4000	40.0000
35851.809	21	11	0.1548	26.4000	40.0000
35870.623	22	11	0.1548	26.4000	40.0000
35889.438	23	11	0.1549	26.4000	40.0000
35902.462	22	11	0.1549	26.4000	40.0000
35908.252	23	11	0.1549	26.4000	40.0000
35927.066	24	11	0.1549	26.4000	40.0000
35945.880	25	11	0.1550	26.4000	40.0000
35964.695	26	11	0.1550	26.4000	40.0000
35983.509	27	11	0.1551	26.4000	40.0000
36002.323	28	11	0.1551	26.4000	40.0000
36021.137	29	11	0.1552	26.4000	40.0000
36039.951	30	11	0.1552	26.4000	40.0000
36046.043	29	11	0.1552	26.4000	40.0000
36058.766	30	11	0.1553	26.4000	40.0000
36077.580	31	11	0.1553	26.4000	40.0000
36096.394	32	11	0.1554	26.4000	40.0000
36115.208	33	11	0.1554	26.4000	40.0000
36168.783	32	11	0.1556	26.4000	40.0000
36240.117	33	11	0.1558	26.4000	40.0000
36253.517	34	11	0.1559	26.4000	40.0000
36265.250	33	11	0.1559	26.4000	40.0000
36265.250	32	11	0.1559	26.4000	40.0000
36266.916	33	11	0.1559	26.4000	40.0000
36280.315	34	11	0.1560	26.4000	40.0000
36293.715	35	11	0.1560	26.4000	40.0000
36307.114	36	11	0.1560	26.4000	40.0000
36320.514	37	11	0.1561	26.4000	40.0000
36333.913	38	11	0.1561	26.4000	40.0000
36347.313	39	11	0.1562	26.4000	40.0000
36360.712	40	11	0.1562	26.4000	40.0000
36374.112	41	11	0.1563	26.4000	40.0000
36387.511	42	11	0.1563	26.4000	40.0000
36400.911	43	11	0.1564	26.4000	40.0000
36414.310	44	11	0.1564	26.4000	40.0000
36424.081	43	11	0.1565	26.4000	40.0000
36424.081	42	11	0.1565	26.4000	40.0000
36424.081	41	11	0.1565	26.4000	40.0000
36427.710	42	11	0.1565	26.4000	40.0000
36441.109	43	11	0.1566	26.4000	40.0000
36450.706	42	11	0.1566	26.4000	40.0000
36557.193	41	11	0.1570	26.4000	40.0000
36597.648	40	11	0.1572	26.4000	40.0000
36702.622	39	11	0.1576	26.4000	40.0000
36817.501	38	11	0.1580	26.4000	40.0000
36993.748	37	11	0.1586	26.4000	40.0000
37006.552	36	11	0.1587	26.4000	40.0000
37076.038	35	11	0.1589	26.4000	40.0000
37076.038	34	11	0.1589	26.4000	40.0000
37158.481	33	11	0.1592	26.4000	40.0000
37173.299	32	11	0.1592	26.4000	40.0000
37208.008	31	11	0.1593	26.4000	40.0000
37208.008	30	11	0.1593	26.4000	40.0000
37208.008	29	11	0.1593	26.4000	40.0000
37221.326	28	11	0.1594	26.4000	40.0000
37313.706	27	11	0.1596	26.4000	40.0000
37348.711	26	11	0.1597	26.4000	40.0000
37348.711	25	11	0.1597	26.4000	40.0000
37348.711	24	11	0.1597	26.4000	40.0000
37491.722	23	11	0.1600	26.4000	40.0000
37491.722	22	11	0.1600	26.4000	40.0000
37491.722	21	11	0.1600	26.4000	40.0000
37542.947	20	11	0.1601	26.4000	40.0000
37542.947	19	11	0.1601	26.4000	40.0000
37696.486	18	11	0.1604	26.4000	40.0000
37829.036	17	11	0.1606	26.4000	42.5000
37836.646	16	11	0.1606	26.4000	42.5000
37844.813	15	11	0.1607	26.4000	42.5000
37854.263	14	11	0.1607	26.4000	42.5000
38000.268	13	11	0.1609	26.4000	42.5000
38183.901	12	11	0.1611	26.4000	42.5000
38183.901	11	11	0.1611	26.4000	42.5000
38269.857	10	11	0.1612	26.4000	42.5000
38314.913	9	11	0.1612	26.4000	42.5000
38339.609	8	11	0.1612	26.4000	42.5000
38548.665	7	11	0.1614	26.4000	42.5000
38689.145	6	11	0.1615	26.4000	42.5000
38763.051	5	11	0.1615	26.4000	42.5000
38763.051	4	11	0.1615	26.4000	42.5000
38824.040	3	11	0.1616	26.4000	42.5000
38888.539	2	11	0.1616	26.4000	42.5000
38990.453	1	11	0.1616	26.4000	42.5000
38990.453	0	11	0.1616	26.4000	42.5000
39069.955	0	12	0.1616	28.8000	42.5000
39069.955	0	13	0.1616	31.2000	42.5000
39101.253	0	14	0.1616	33.6000	42.5000
39234.746	0	15	0.1616	36.0000	42.5000
39234.746	0	16	0.1616	38.4000	42.5000
39313.299	0	17	0.1616	40.8000	42.5000
39374.509	1	17	0.1616	40.8000	42.5000
39379.821	2	17	0.1616	40.8000	42.5000
39385.134	3	17	0.1616	40.8000	42.5000
39390.446	4	17	0.1616	40.8000	42.5000
39395.759	5	17	0.1616	40.8000	42.5000
39401.071	6	17	0.1616	40.8000	42.5000
39406.383	7	17	0.1616	40.8000	42.5000
39411.696	8	17	0.1616	40.8000	42.5000
39417.008	9	17	0.1616	40.8000	42.5000
39422.321	10	17	0.1616	40.8000	42.5000
39427.633	11	17	0.1616	40.8000	42.5000
39429.957	10	17	0.1616	40.8000	42.5000
39432.945	11	17	0.1616	40.8000	42.5000
39438.258	12	17	0.1616	40.8000	42.5000
39443.570	13	17	0.1616	40.8000	42.5000
39448.883	14	17	0.1617	40.8000	42.5000
39454.195	15	17	0.1617	40.8000	42.5000
39459.508	16	17	0.1617	40.8000	42.5000
39461.461	15	17	0.1617	40.8000	42.5000
39464.820	16	17	0.1617	40.8000	42.5000
39470.132	17	17	0.1617	40.8000	42.5000
39474.288	16	17	0.1617	40.8000	42.5000
39475.445	17	17	0.1617	40.8000	42.5000
39490.527	18	17	0.1617	40.8000	42.5000
39505.609	19	17	0.1617	40.8000	42.5000
39520.691	20	17	0.1618	40.8000	42.5000
39535.773	21	17	0.1618	40.8000	42.5000
39550.855	22	17	0.1618	40.8000	42.5000
39565.937	23	17	0.1619	40.8000	42.5000
39581.020	24	17	0.1619	40.8000	42.5000
39596.102	25	17	0.1619	40.8000	42.5000
39604.358	24	17	0.1619	40.8000	42.5000
39611.184	25	17	0.1620	40.8000	42.5000
39626.266	26	17	0.1620	40.8000	42.5000
39641.348	27	17	0.1620	40.8000	42.5000
39656.430	28	17	0.1621	40.8000	42.5000
39671.512	29	17	0.1621	40.8000	42.5000
39686.594	30	17	0.1622	40.8000	42.5000
39701.676	31	17	0.1622	40.8000	42.5000
39716.759	32	17	0.1622	40.8000	42.5000
39731.841	33	17	0.1623	40.8000	42.5000
39746.923	34	17	0.1623	40.8000	42.5000
39762.005	35	17	0.1624	40.8000	42.5000
39777.087	36	17	0.1624	40.8000	42.5000
39828.837	35	17	0.1626	40.8000	42.5000
39828.837	34	17	0.1626	40.8000	42.5000
39828.837	33	17	0.1626	40.8000	42.5000
39876.850	32	17	0.1628	40.8000	42.5000
39876.850	31	17	0.1628	40.8000	42.5000
39876.850	30	17	0.1628	40.8000	42.5000
39876.850	29	17	0.1628	40.8000	42.5000
39876.850	28	17	0.1628	40.8000	42.5000
39876.850	27	17	0.1628	40.8000	42.5000
39893.797	26	17	0.1628	40.8000	42.5000
39929.293	25	17	0.1629	40.8000	42.5000
39929.293	24	17	0.1629	40.8000	42.5000
39964.559	25	17	0.1630	40.8000	42.5000
39971.557	26	17	0.1630	40.8000	42.5000
39978.556	27	17	0.1630	40.8000	42.5000
39985.554	28	17	0.1630	40.8000	42.5000
39992.553	29	17	0.1630	40.8000	42.5000
39999.551	30	17	0.1631	40.8000	42.5000
40006.550	31	17	0.1631	40.8000	42.5000
40013.548	32	17	0.1631	40.8000	42.5000
40020.547	33	17	0.1631	40.8000	42.5000
40027.545	34	17	0.1631	40.8000	42.5000
40034.544	35	17	0.1632	40.8000	42.5000
40041.542	36	17	0.1632	40.8000	42.5000
40044.913	35	17	0.1632	40.8000	42.5000
40044.913	34	17	0.1632	40.8000	42.5000
40044.913	33	17	0.1632	40.8000	42.5000
40103.057	32	17	0.1634	40.8000	42.5000
40244.416	31	17	0.1638	40.8000	42.5000
40262.101	30	17	0.1639	40.8000	42.5000
40366.335	29	17	0.1642	40.8000	42.5000
40480.657	28	17	0.1645	40.8000	42.5000
40582.910	27	17	0.1648	40.8000	42.5000
40582.910	26	17	0.1648	40.8000	42.5000
40683.099	25	17	0.1650	40.8000	42.5000
40683.099	24	17	0.1650	40.8000	42.5000
40683.099	23	17	0.1650	40.8000	42.5000
40746.603	22	17	0.1651	40.8000	42.5000
40850.829	21	17	0.1654	40.8000	42.5000
40956.651	20	17	0.1656	40.8000	42.5000
40956.651	19	17	0.1656	40.8000	42.5000
40963.694	18	17	0.1656	40.8000	42.5000
41130.155	17	17	0.1659	40.8000	42.5000
41130.155	16	17	0.1659	40.8000	42.5000
41240.864	15	17	0.1660	40.8000	42.5000
41298.375	14	17	0.1661	40.8000	42.5000
41379.707	13	17	0.1662	40.8000	42.5000
41390.129	12	17	0.1662	40.8000	42.5000
41418.989	11	17	0.1663	40.8000	45.0000
41470.784	10	17	0.1663	40.8000	45.0000
41470.784	9	17	0.1663	40.8000	45.0000
41515.820	8	17	0.1664	40.8000	45.0000
41567.160	7	17	0.1664	40.8000	45.0000
41693.566	6	17	0.1665	40.8000	45.0000
41794.743	5	17	0.1665	40.8000	45.0000
41794.743	4	17	0.1665	40.8000	45.0000
42124.440	3	17	0.1667	40.8000	45.0000
42153.972	2	17	0.1667	40.8000	45.0000
42675.062	1	17	0.1668	40.8000	45.0000
42675.062	0	17	0.1668	40.8000	45.0000
42675.062	0	18	0.1668	43.2000	45.0000
42708.858	0	19	0.1668	45.6000	45.0000
42708.858	0	20	0.1668	48.0000	45.0000
42708.885	0	21	0.1668	50.4000	45.0000
42727.460	0	22	0.1668	52.8000	45.0000
42760.513	0	23	0.1668	55.2000	45.0000
42831.898	0	24	0.1668	57.6000	45.0000
42875.919	0	25	0.1668	60.0000	45.0000
43011.773	1	25	0.1668	60.0000	45.0000
43029.371	2	25	0.1668	60.0000	45.0000
43046.969	3	25	0.1668	60.0000	45.0000
43064.568	4	25	0.1668	60.0000	45.0000
43082.166	5	25	0.1668	60.0000	45.0000
43099.764	6	25	0.1668	60.0000	45.0000
43117.362	7	25	0.1668	60.0000	45.0000
43129.128	6	25	0.1668	60.0000	45.0000
43134.961	7	25	0.1668	60.0000	45.0000
43152.559	8	25	0.1668	60.0000	45.0000
43170.157	9	25	0.1668	60.0000	45.0000
43178.023	8	25	0.1669	60.0000	45.0000
43187.756	9	25	0.1669	60.0000	45.0000
43205.354	10	25	0.1669	60.0000	45.0000
43222.952	11	25	0.1669	60.0000	45.0000
43240.551	12	25	0.1669	60.0000	45.0000
43258.149	13	25	0.1669	60.0000	45.0000
43275.747	14	25	0.1669	60.0000	45.0000
43293.346	15	25	0.1670	60.0000	45.0000
43310.944	16	25	0.1670	60.0000	45.0000
43328.542	17	25	0.1670	60.0000	45.0000
43346.140	18	25	0.1671	60.0000	45.0000
43375.122	19	25	0.1671	60.0000	45.0000
43392.406	20	25	0.1671	60.0000	45.0000
43392.612	19	25	0.1671	60.0000	45.0000
43409.690	20	25	0.1672	60.0000	45.0000
43426.974	21	25	0.1672	60.0000	45.0000
43444.258	22	25	0.1672	60.0000	45.0000
43461.542	23	25	0.1673	60.0000	45.0000
43478.826	24	25	0.1673	60.0000	45.0000
43496.110	25	25	0.1673	60.0000	45.0000
43513.394	26	25	0.1674	60.0000	45.0000
43530.677	27	25	0.1674	60.0000	45.0000
43547.961	28	25	0.1675	60.0000	45.0000
43565.245	29	25	0.1675	60.0000	45.0000
43582.529	30	25	0.1676	60.0000	45.0000
43599.813	31	25	0.1676	60.0000	45.0000
43617.097	32	25	0.1677	60.0000	45.0000
43634.381	33	25	0.1677	60.0000	45.0000
43651.665	34	25	0.1678	60.0000	45.0000
43668.949	35	25	0.1678	60.0000	45.0000
43682.866	36	25	0.1679	60.0000	45.0000
43696.784	37	25	0.1679	60.0000	45.0000
43710.701	38	25	0.1680	60.0000	45.0000
43724.618	39	25	0.1680	60.0000	45.0000
43738.536	40	25	0.1681	60.0000	45.0000
43752.453	41	25	0.1681	60.0000	45.0000
43766.371	42	25	0.1682	60.0000	45.0000
43780.288	43	25	0.1682	60.0000	45.0000
43794.205	44	25	0.1683	60.0000	45.0000
43808.123	45	25	0.1684	60.0000	45.0000
43822.040	46	25	0.1684	60.0000	45.0000
43835.958	47	25	0.1685	60.0000	45.0000
43849.875	48	25	0.1685	60.0000	45.0000
43863.792	49	25	0.1686	60.0000	45.0000
43877.710	50	25	0.1687	60.0000	45.0000
43891.627	51	25	0.1687	60.0000	45.0000
43905.545	52	25	0.1688	60.0000	45.0000
43919.462	53	25	0.1689	60.0000	45.0000
43933.379	54	25	0.1689	60.0000	45.0000
43947.297	55	25	0.1690	60.0000	45.0000
