# s=40 S=55 h=0.0103 p=6.0000 c=2.5000
# time_s	level	cum_oos	holding_eur	shortage_eur	order_eur
0.000	55	0	0.0000	0.0000	0.0000
970.789	54	0	0.0127	0.0000	0.0000
970.789	53	0	0.0127	0.0000	0.0000
1646.286	52	0	0.0213	0.0000	0.0000
1799.625	51	0	0.0232	0.0000	0.0000
1895.430	50	0	0.0243	0.0000	0.0000
2232.246	49	0	0.0283	0.0000	0.0000
2554.444	48	0	0.0321	0.0000	0.0000
2554.444	47	0	0.0321	0.0000	0.0000
2554.444	46	0	0.0321	0.0000	0.0000
3159.041	45	0	0.0387	0.0000	0.0000
3159.041	44	0	0.0387	0.0000	0.0000
3945.431	43	0	0.0470	0.0000	0.0000
3959.463	42	0	0.0471	0.0000	0.0000
4187.082	41	0	0.0494	0.0000	0.0000
4910.514	40	0	0.0565	0.0000	0.0000
5180.871	39	0	0.0591	0.0000	0.0000
5217.785	38	0	0.0594	0.0000	0.0000
5286.605	37	0	0.0600	0.0000	0.0000
5389.231	36	0	0.0609	0.0000	0.0000
5389.231	35	0	0.0609	0.0000	0.0000
5558.014	34	0	0.0623	0.0000	2.5000
6052.317	33	0	0.0664	0.0000	2.5000
6389.020	32	0	0.0690	0.0000	2.5000
6446.650	31	0	0.0694	0.0000	2.5000
6566.897	30	0	0.0703	0.0000	2.5000
6785.943	29	0	0.0719	0.0000	2.5000
6827.153	30	0	0.0722	0.0000	2.5000
6836.500	31	0	0.0723	0.0000	2.5000
6845.847	32	0	0.0723	0.0000	2.5000
6855.194	33	0	0.0724	0.0000	2.5000
6864.541	34	0	0.0725	0.0000	2.5000
6873.888	35	0	0.0725	0.0000	2.5000
6883.235	36	0	0.0726	0.0000	2.5000
6892.582	37	0	0.0727	0.0000	2.5000
6901.929	38	0	0.0728	0.0000	2.5000
6911.276	39	0	0.0729	0.0000	2.5000
6920.623	40	0	0.0730	0.0000	2.5000
6929.970	41	0	0.0730	0.0000	2.5000
6939.317	42	0	0.0731	0.0000	2.5000
6948.664	43	0	0.0732	0.0000	2.5000
6958.011	44	0	0.0733	0.0000	2.5000
6967.358	45	0	0.0734	0.0000	2.5000
6976.705	46	0	0.0735	0.0000	2.5000
6986.052	47	0	0.0736	0.0000	2.5000
6995.399	48	0	0.0737	0.0000	2.5000
7004.746	49	0	0.0738	0.0000	2.5000
7049.019	48	0	0.0744	0.0000	2.5000
7127.727	47	0	0.0753	0.0000	2.5000
7179.237	46	0	0.0758	0.0000	2.5000
7374.362	45	0	0.0780	0.0000	2.5000
7449.476	44	0	0.0788	0.0000	2.5000
7530.067	43	0	0.0796	0.0000	2.5000
8342.478	42	0	0.0880	0.0000	2.5000
8405.579	41	0	0.0886	0.0000	2.5000
8545.600	40	0	0.0900	0.0000	2.5000
8596.964	39	0	0.0904	0.0000	2.5000
8618.198	38	0	0.0906	0.0000	2.5000
8690.820	37	0	0.0913	0.0000	2.5000
8690.820	36	0	0.0913	0.0000	2.5000
8690.820	35	0	0.0913	0.0000	2.5000
8817.304	34	0	0.0924	0.0000	2.5000
8817.304	33	0	0.0924	0.0000	2.5000
8832.957	32	0	0.0925	0.0000	2.5000
9306.838	31	0	0.0961	0.0000	5.0000
9480.036	30	0	0.0974	0.0000	5.0000
9928.613	29	0	0.1006	0.0000	5.0000
10002.096	28	0	0.1011	0.0000	5.0000
10462.880	27	0	0.1042	0.0000	5.0000
10738.284	26	0	0.1059	0.0000	5.0000
10768.299	25	0	0.1061	0.0000	5.0000
10967.534	24	0	0.1073	0.0000	5.0000
11087.216	23	0	0.1080	0.0000	5.0000
11087.216	22	0	0.1080	0.0000	5.0000
11161.235	23	0	0.1084	0.0000	5.0000
11166.693	24	0	0.1084	0.0000	5.0000
11170.898	23	0	0.1084	0.0000	5.0000
11172.151	24	0	0.1084	0.0000	5.0000
11177.610	25	0	0.1085	0.0000	5.0000
11183.068	26	0	0.1085	0.0000	5.0000
11188.526	27	0	0.1085	0.0000	5.0000
11193.984	28	0	0.1086	0.0000	5.0000
11199.442	29	0	0.1086	0.0000	5.0000
11204.901	30	0	0.1087	0.0000	5.0000
11210.359	31	0	0.1087	0.0000	5.0000
11215.817	32	0	0.1087	0.0000	5.0000
11221.229	31	0	0.1088	0.0000	5.0000
11221.229	30	0	0.1088	0.0000	5.0000
11221.275	31	0	0.1088	0.0000	5.0000
11226.734	32	0	0.1088	0.0000	5.0000
11232.192	33	0	0.1089	0.0000	5.0000
11237.650	34	0	0.1089	0.0000	5.0000
11243.108	35	0	0.1089	0.0000	5.0000
11248.567	36	0	0.1090	0.0000	5.0000
11254.025	37	0	0.1090	0.0000	5.0000
11259.483	38	0	0.1091	0.0000	5.0000
11264.941	39	0	0.1091	0.0000	5.0000
11280.736	40	0	0.1093	0.0000	5.0000
11296.531	41	0	0.1094	0.0000	5.0000
11312.325	42	0	0.1096	0.0000	5.0000
11328.339	41	0	0.1097	0.0000	5.0000
11520.933	40	0	0.1116	0.0000	5.0000
11520.933	39	0	0.1116	0.0000	5.0000
11520.933	38	0	0.1116	0.0000	5.0000
11629.443	37	0	0.1126	0.0000	5.0000
11827.828	36	0	0.1144	0.0000	5.0000
11827.828	35	0	0.1144	0.0000	5.0000
12163.497	34	0	0.1172	0.0000	5.0000
12163.497	33	0	0.1172	0.0000	5.0000
12206.750	32	0	0.1175	0.0000	5.0000
12426.240	31	0	0.1192	0.0000	5.0000
12569.767	30	0	0.1202	0.0000	5.0000
12569.767	29	0	0.1202	0.0000	5.0000
12829.953	28	0	0.1220	0.0000	7.5000
12829.953	27	0	0.1220	0.0000	7.5000
13187.183	26	0	0.1243	0.0000	7.5000
13187.183	25	0	0.1243	0.0000	7.5000
13228.578	24	0	0.1246	0.0000	7.5000
13268.937	23	0	0.1248	0.0000	7.5000
13426.168	22	0	0.1257	0.0000	7.5000
13584.933	21	0	0.1265	0.0000	7.5000
13843.869	20	0	0.1278	0.0000	7.5000
14092.702	19	0	0.1290	0.0000	7.5000
14092.702	18	0	0.1290	0.0000	7.5000
14092.702	17	0	0.1290	0.0000	7.5000
14092.702	16	0	0.1290	0.0000	7.5000
14092.702	15	0	0.1290	0.0000	7.5000
14111.124	14	0	0.1291	0.0000	7.5000
14213.271	13	0	0.1294	0.0000	7.5000
14274.104	12	0	0.1296	0.0000	7.5000
14409.334	13	0	0.1300	0.0000	7.5000
14428.657	14	0	0.1300	0.0000	7.5000
14447.981	15	0	0.1301	0.0000	7.5000
14467.304	16	0	0.1302	0.0000	7.5000
14486.628	17	0	0.1302	0.0000	7.5000
14505.951	18	0	0.1303	0.0000	7.5000
14521.991	19	0	0.1304	0.0000	7.5000
14538.031	20	0	0.1305	0.0000	7.5000
14554.070	21	0	0.1305	0.0000	7.5000
14570.110	22	0	0.1306	0.0000	7.5000
14586.150	23	0	0.1307	0.0000	7.5000
14602.189	24	0	0.1308	0.0000	7.5000
14614.502	23	0	0.1309	0.0000	7.5000
14618.229	24	0	0.1309	0.0000	7.5000
14634.269	25	0	0.1310	0.0000	7.5000
14650.308	26	0	0.1311	0.0000	7.5000
14666.348	27	0	0.1312	0.0000	7.5000
14682.388	28	0	0.1313	0.0000	7.5000
14698.427	29	0	0.1314	0.0000	7.5000
14714.467	30	0	0.1315	0.0000	7.5000
14730.507	31	0	0.1316	0.0000	7.5000
14744.537	30	0	0.1317	0.0000	7.5000
14746.546	31	0	0.1317	0.0000	7.5000
14762.586	32	0	0.1318	0.0000	7.5000
14778.626	33	0	0.1320	0.0000	7.5000
14794.665	34	0	0.1321	0.0000	7.5000
14810.705	35	0	0.1322	0.0000	7.5000
14821.922	34	0	0.1323	0.0000	7.5000
14826.745	35	0	0.1324	0.0000	7.5000
15038.844	34	0	0.1341	0.0000	7.5000
15038.844	33	0	0.1341	0.0000	7.5000
15038.844	32	0	0.1341	0.0000	7.5000
15038.844	31	0	0.1341	0.0000	7.5000
15038.844	30	0	0.1341	0.0000	7.5000
15038.844	29	0	0.1341	0.0000	7.5000
15143.237	28	0	0.1348	0.0000	7.5000
15255.154	27	0	0.1356	0.0000	7.5000
15255.154	26	0	0.1356	0.0000	7.5000
15375.021	25	0	0.1363	0.0000	7.5000
15375.021	24	0	0.1363	0.0000	7.5000
15375.021	23	0	0.1363	0.0000	7.5000
15678.206	22	0	0.1380	0.0000	7.5000
15678.206	21	0	0.1380	0.0000	7.5000
15710.461	20	0	0.1382	0.0000	7.5000
15741.317	19	0	0.1383	0.0000	7.5000
15829.536	18	0	0.1387	0.0000	7.5000
15833.910	17	0	0.1387	0.0000	7.5000
15849.360	16	0	0.1388	0.0000	7.5000
16036.325	15	0	0.1395	0.0000	7.5000
16406.556	14	0	0.1408	0.0000	10.0000
16406.556	13	0	0.1408	0.0000	10.0000
16406.556	12	0	0.1408	0.0000	10.0000
16457.011	11	0	0.1410	0.0000	10.0000
16457.011	10	0	0.1410	0.0000	10.0000
16491.475	9	0	0.1410	0.0000	10.0000
16659.326	8	0	0.1414	0.0000	10.0000
16659.326	7	0	0.1414	0.0000	10.0000
16735.343	6	0	0.1415	0.0000	10.0000
16735.343	5	0	0.1415	0.0000	10.0000
17046.374	4	0	0.1419	0.0000	10.0000
17046.374	3	0	0.1419	0.0000	10.0000
17179.853	2	0	0.1420	0.0000	10.0000
17291.200	1	0	0.1421	0.0000	10.0000
17329.554	0	0	0.1421	0.0000	10.0000
17353.401	1	0	0.1421	0.0000	10.0000
17361.283	2	0	0.1421	0.0000	10.0000
17369.165	3	0	0.1421	0.0000	10.0000
17377.047	4	0	0.1421	0.0000	10.0000
17384.929	5	0	0.1421	0.0000	10.0000
17392.811	6	0	0.1421	0.0000	10.0000
17400.693	7	0	0.1421	0.0000	10.0000
17408.575	8	0	0.1421	0.0000	10.0000
17416.457	9	0	0.1421	0.0000	10.0000
17424.339	10	0	0.1421	0.0000	10.0000
17428.362	9	0	0.1422	0.0000	10.0000
17428.362	8	0	0.1422	0.0000	10.0000
17432.221	9	0	0.1422	0.0000	10.0000
17440.103	10	0	0.1422	0.0000	10.0000
17447.985	11	0	0.1422	0.0000	10.0000
17455.867	12	0	0.1422	0.0000	10.0000
17463.749	13	0	0.1422	0.0000	10.0000
17471.630	14	0	0.1423	0.0000	10.0000
17474.747	13	0	0.1423	0.0000	10.0000
17479.512	14	0	0.1423	0.0000	10.0000
17487.394	15	0	0.1423	0.0000	10.0000
17495.276	16	0	0.1423	0.0000	10.0000
17503.158	17	0	0.1424	0.0000	10.0000
17545.859	18	0	0.1426	0.0000	10.0000
17559.071	19	0	0.1426	0.0000	10.0000
17570.560	18	0	0.1427	0.0000	10.0000
17572.284	19	0	0.1427	0.0000	10.0000
17585.496	20	0	0.1427	0.0000	10.0000
17586.736	19	0	0.1427	0.0000	10.0000
17598.708	20	0	0.1428	0.0000	10.0000
17600.668	19	0	0.1428	0.0000	10.0000
17611.921	20	0	0.1428	0.0000	10.0000
17625.133	21	0	0.1429	0.0000	10.0000
17638.346	22	0	0.1430	0.0000	10.0000
17651.558	23	0	0.1430	0.0000	10.0000
17664.771	24	0	0.1431	0.0000	10.0000
17677.983	25	0	0.1432	0.0000	10.0000
17691.195	26	0	0.1433	0.0000	10.0000
17704.408	27	0	0.1434	0.0000	10.0000
17717.620	28	0	0.1434	0.0000	10.0000
17730.833	29	0	0.1435	0.0000	10.0000
17744.045	30	0	0.1436	0.0000	10.0000
17757.258	31	0	0.1437	0.0000	10.0000
17770.470	32	0	0.1438	0.0000	10.0000
17783.683	33	0	0.1439	0.0000	10.0000
17796.895	34	0	0.1440	0.0000	10.0000
17808.462	33	0	0.1441	0.0000	10.0000
17816.831	32	0	0.1442	0.0000	10.0000
17824.848	31	0	0.1442	0.0000	10.0000
17840.588	30	0	0.1444	0.0000	10.0000
17932.535	29	0	0.1450	0.0000	10.0000
17932.535	28	0	0.1450	0.0000	10.0000
17935.664	27	0	0.1450	0.0000	10.0000
17935.664	26	0	0.1450	0.0000	10.0000
17941.159	25	0	0.1451	0.0000	10.0000
18067.625	24	0	0.1458	0.0000	12.5000
18083.327	23	0	0.1459	0.0000	12.5000
18208.362	22	0	0.1466	0.0000	12.5000
18208.362	21	0	0.1466	0.0000	12.5000
18234.608	20	0	0.1467	0.0000	12.5000
18419.136	19	0	0.1476	0.0000	12.5000
18754.678	18	0	0.1491	0.0000	12.5000
18754.678	17	0	0.1491	0.0000	12.5000
18754.678	16	0	0.1491	0.0000	12.5000
18913.262	15	0	0.1497	0.0000	12.5000
18913.262	14	0	0.1497	0.0000	12.5000
18956.381	13	0	0.1499	0.0000	12.5000
19001.041	12	0	0.1500	0.0000	12.5000
19042.968	11	0	0.1501	0.0000	12.5000
19164.621	10	0	0.1505	0.0000	12.5000
19186.078	9	0	0.1505	0.0000	12.5000
19450.457	8	0	0.1511	0.0000	12.5000
19474.304	7	0	0.1511	0.0000	12.5000
19474.304	6	0	0.1511	0.0000	12.5000
19505.958	5	0	0.1512	0.0000	12.5000
19578.644	4	0	0.1512	0.0000	12.5000
19627.002	3	0	0.1513	0.0000	12.5000
19627.002	2	0	0.1513	0.0000	12.5000
19637.518	1	0	0.1513	0.0000	12.5000
19731.092	0	0	0.1513	0.0000	12.5000
19952.907	0	1	0.1513	6.0000	12.5000
19967.100	0	2	0.1513	12.0000	12.5000
20513.680	0	3	0.1513	18.0000	12.5000
20513.680	0	4	0.1513	24.0000	12.5000
20513.680	0	5	0.1513	30.0000	12.5000
20513.680	0	6	0.1513	36.0000	12.5000
20604.315	0	7	0.1513	42.0000	12.5000
20631.293	0	8	0.1513	48.0000	12.5000
20663.545	0	9	0.1513	54.0000	12.5000
20663.545	0	10	0.1513	60.0000	12.5000
20694.404	1	10	0.1513	60.0000	12.5000
20703.892	2	10	0.1513	60.0000	12.5000
20713.380	3	10	0.1513	60.0000	12.5000
20722.869	4	10	0.1513	60.0000	12.5000
20732.357	5	10	0.1513	60.0000	12.5000
20741.845	6	10	0.1514	60.0000	12.5000
20751.334	7	10	0.1514	60.0000	12.5000
20760.822	8	10	0.1514	60.0000	12.5000
20770.310	9	10	0.1514	60.0000	12.5000
20779.798	10	10	0.1514	60.0000	12.5000
20786.421	9	10	0.1514	60.0000	12.5000
20786.421	8	10	0.1514	60.0000	12.5000
20788.847	9	10	0.1514	60.0000	12.5000
20797.897	10	10	0.1515	60.0000	12.5000
20806.946	11	10	0.1515	60.0000	12.5000
20815.995	12	10	0.1515	60.0000	12.5000
20825.044	13	10	0.1515	60.0000	12.5000
20834.093	14	10	0.1516	60.0000	12.5000
20843.142	15	10	0.1516	60.0000	12.5000
20852.191	16	10	0.1516	60.0000	12.5000
20861.241	17	10	0.1517	60.0000	12.5000
20870.290	18	10	0.1517	60.0000	12.5000
20879.339	19	10	0.1517	60.0000	12.5000
20888.388	20	10	0.1518	60.0000	12.5000
20897.437	21	10	0.1518	60.0000	12.5000
20906.486	22	10	0.1519	60.0000	12.5000
20915.535	23	10	0.1519	60.0000	12.5000
20924.584	24	10	0.1520	60.0000	12.5000
20933.634	25	10	0.1520	60.0000	12.5000
20942.683	26	10	0.1521	60.0000	12.5000
20951.732	27	10	0.1521	60.0000	12.5000
20953.888	26	10	0.1521	60.0000	12.5000
20960.781	27	10	0.1522	60.0000	12.5000
21049.749	26	10	0.1528	60.0000	12.5000
21159.344	25	10	0.1534	60.0000	12.5000
21355.786	24	10	0.1546	60.0000	12.5000
21355.786	23	10	0.1546	60.0000	12.5000
21579.224	22	10	0.1558	60.0000	12.5000
21883.947	21	10	0.1574	60.0000	15.0000
21903.104	20	10	0.1575	60.0000	15.0000
21956.515	19	10	0.1578	60.0000	15.0000
22051.723	18	10	0.1582	60.0000	15.0000
22111.004	17	10	0.1585	60.0000	15.0000
22176.527	16	10	0.1587	60.0000	15.0000
22386.473	15	10	0.1595	60.0000	15.0000
22386.473	14	10	0.1595	60.0000	15.0000
22386.473	13	10	0.1595	60.0000	15.0000
22729.768	12	10	0.1606	60.0000	15.0000
22774.057	11	10	0.1607	60.0000	15.0000
22774.057	10	10	0.1607	60.0000	15.0000
22838.341	9	10	0.1609	60.0000	15.0000
22870.396	10	10	0.1609	60.0000	15.0000
22885.484	11	10	0.1610	60.0000	15.0000
22900.572	12	10	0.1610	60.0000	15.0000
22915.659	13	10	0.1611	60.0000	15.0000
22930.747	14	10	0.1611	60.0000	15.0000
22945.834	15	10	0.1612	60.0000	15.0000
22960.922	16	10	0.1612	60.0000	15.0000
22976.009	17	10	0.1613	60.0000	15.0000
22991.097	18	10	0.1613	60.0000	15.0000
23006.185	19	10	0.1614	60.0000	15.0000
23021.272	20	10	0.1615	60.0000	15.0000
23036.360	21	10	0.1615	60.0000	15.0000
23051.447	22	10	0.1616	60.0000	15.0000
23083.919	23	10	0.1618	60.0000	15.0000
23102.901	24	10	0.1619	60.0000	15.0000
23121.884	25	10	0.1620	60.0000	15.0000
23140.866	26	10	0.1621	60.0000	15.0000
23159.849	27	10	0.1622	60.0000	15.0000
23178.831	28	10	0.1623	60.0000	15.0000
23197.814	29	10	0.1625	60.0000	15.0000
23216.796	30	10	0.1626	60.0000	15.0000
23235.779	31	10	0.1627	60.0000	15.0000
23254.761	32	10	0.1629	60.0000	15.0000
23257.027	31	10	0.1629	60.0000	15.0000
23273.744	32	10	0.1630	60.0000	15.0000
23292.726	33	10	0.1632	60.0000	15.0000
23311.709	34	10	0.1633	60.0000	15.0000
23330.691	35	10	0.1635	60.0000	15.0000
23349.674	36	10	0.1636	60.0000	15.0000
23368.656	37	10	0.1638	60.0000	15.0000
23387.639	38	10	0.1640	60.0000	15.0000
23406.621	39	10	0.1641	60.0000	15.0000
23425.604	40	10	0.1643	60.0000	15.0000
23444.586	41	10	0.1645	60.0000	15.0000
23530.151	40	10	0.1653	60.0000	15.0000
23574.326	39	10	0.1657	60.0000	15.0000
23788.949	38	10	0.1677	60.0000	15.0000
24040.814	37	10	0.1700	60.0000	15.0000
24629.977	36	10	0.1752	60.0000	15.0000
24629.977	35	10	0.1752	60.0000	15.0000
24629.977	34	10	0.1752	60.0000	15.0000
24853.701	33	10	0.1770	60.0000	15.0000
24910.119	32	10	0.1775	60.0000	15.0000
25145.548	31	10	0.1793	60.0000	15.0000
25160.749	30	10	0.1794	60.0000	15.0000
25164.712	29	10	0.1794	60.0000	15.0000
25202.204	28	10	0.1797	60.0000	17.5000
25523.797	27	10	0.1818	60.0000	17.5000
25649.781	26	10	0.1826	60.0000	17.5000
25953.215	25	10	0.1845	60.0000	17.5000
26081.390	24	10	0.1853	60.0000	17.5000
26117.570	23	10	0.1855	60.0000	17.5000
26155.363	22	10	0.1857	60.0000	17.5000
26475.849	21	10	0.1874	60.0000	17.5000
26558.935	20	10	0.1878	60.0000	17.5000
26689.023	19	10	0.1884	60.0000	17.5000
26888.024	18	10	0.1893	60.0000	17.5000
26901.422	19	10	0.1894	60.0000	17.5000
26914.821	20	10	0.1894	60.0000	17.5000
26928.219	21	10	0.1895	60.0000	17.5000
26941.618	22	10	0.1896	60.0000	17.5000
26955.017	23	10	0.1896	60.0000	17.5000
26968.415	24	10	0.1897	60.0000	17.5000
26981.814	25	10	0.1898	60.0000	17.5000
26995.213	26	10	0.1899	60.0000	17.5000
27008.611	27	10	0.1899	60.0000	17.5000
27022.010	28	10	0.1900	60.0000	17.5000
27027.592	27	10	0.1901	60.0000	17.5000
27035.408	28	10	0.1901	60.0000	17.5000
27048.807	29	10	0.1902	60.0000	17.5000
27062.206	30	10	0.1903	60.0000	17.5000
27075.604	31	10	0.1904	60.0000	17.5000
27089.003	32	10	0.1905	60.0000	17.5000
27102.402	33	10	0.1906	60.0000	17.5000
27115.800	34	10	0.1907	60.0000	17.5000
27129.199	35	10	0.1908	60.0000	17.5000
27142.598	36	10	0.1909	60.0000	17.5000
27155.996	37	10	0.1910	60.0000	17.5000
27174.127	38	10	0.1912	60.0000	17.5000
27192.257	39	10	0.1914	60.0000	17.5000
27210.387	40	10	0.1915	60.0000	17.5000
27228.518	41	10	0.1917	60.0000	17.5000
27246.648	42	10	0.1919	60.0000	17.5000
27264.778	43	10	0.1921	60.0000	17.5000
27369.241	42	10	0.1931	60.0000	17.5000
27926.942	41	10	0.1987	60.0000	17.5000
28039.634	40	10	0.1998	60.0000	17.5000
28139.780	39	10	0.2008	60.0000	17.5000
28139.780	38	10	0.2008	60.0000	17.5000
28261.858	37	10	0.2019	60.0000	17.5000
28281.280	36	10	0.2021	60.0000	17.5000
28428.326	35	10	0.2033	60.0000	17.5000
28546.556	34	10	0.2043	60.0000	17.5000
28862.414	33	10	0.2069	60.0000	20.0000
29053.724	32	10	0.2084	60.0000	20.0000
29053.724	31	10	0.2084	60.0000	20.0000
29053.724	30	10	0.2084	60.0000	20.0000
29115.855	29	10	0.2088	60.0000	20.0000
29134.620	28	10	0.2089	60.0000	20.0000
29710.129	27	10	0.2128	60.0000	20.0000
29732.039	26	10	0.2129	60.0000	20.0000
29735.857	25	10	0.2129	60.0000	20.0000
29982.112	24	10	0.2144	60.0000	20.0000
30018.648	25	10	0.2146	60.0000	20.0000
30031.175	24	10	0.2147	60.0000	20.0000
30037.064	25	10	0.2147	60.0000	20.0000
30055.479	26	10	0.2148	60.0000	20.0000
30073.895	27	10	0.2150	60.0000	20.0000
30092.311	28	10	0.2151	60.0000	20.0000
30110.726	29	10	0.2152	60.0000	20.0000
30129.142	30	10	0.2153	60.0000	20.0000
30147.558	31	10	0.2155	60.0000	20.0000
30165.974	32	10	0.2156	60.0000	20.0000
30184.389	33	10	0.2157	60.0000	20.0000
30202.805	34	10	0.2159	60.0000	20.0000
30221.221	35	10	0.2160	60.0000	20.0000
30239.636	36	10	0.2162	60.0000	20.0000
30258.052	37	10	0.2163	60.0000	20.0000
30276.468	38	10	0.2165	60.0000	20.0000
30294.884	39	10	0.2167	60.0000	20.0000
30313.299	40	10	0.2168	60.0000	20.0000
30331.715	41	10	0.2170	60.0000	20.0000
30350.131	42	10	0.2172	60.0000	20.0000
30368.546	43	10	0.2174	60.0000	20.0000
30438.198	42	10	0.2181	60.0000	20.0000
30438.198	41	10	0.2181	60.0000	20.0000
30466.298	40	10	0.2184	60.0000	20.0000
30466.298	39	10	0.2184	60.0000	20.0000
30520.110	38	10	0.2189	60.0000	20.0000
30607.018	37	10	0.2197	60.0000	20.0000
30607.018	36	10	0.2197	60.0000	20.0000
30635.643	35	10	0.2199	60.0000	20.0000
30635.643	34	10	0.2199	60.0000	20.0000
30635.643	33	10	0.2199	60.0000	20.0000
30654.161	32	10	0.2201	60.0000	20.0000
30732.738	31	10	0.2206	60.0000	20.0000
30744.313	32	10	0.2207	60.0000	20.0000
31086.156	31	10	0.2233	60.0000	20.0000
31115.314	30	10	0.2236	60.0000	20.0000
31350.173	29	10	0.2252	60.0000	20.0000
31361.946	28	10	0.2253	60.0000	20.0000
31412.343	27	10	0.2257	60.0000	20.0000
31505.084	26	10	0.2263	60.0000	20.0000
31583.786	25	10	0.2267	60.0000	20.0000
31763.545	24	10	0.2278	60.0000	20.0000
31963.896	23	10	0.2290	60.0000	20.0000
32072.802	22	10	0.2296	60.0000	20.0000
32072.802	21	10	0.2296	60.0000	20.0000
32135.668	20	10	0.2299	60.0000	20.0000
32231.036	19	10	0.2303	60.0000	20.0000
32342.179	18	10	0.2308	60.0000	20.0000
32342.179	17	10	0.2308	60.0000	20.0000
32342.179	16	10	0.2308	60.0000	20.0000
32471.721	15	10	0.2313	60.0000	22.5000
32471.721	14	10	0.2313	60.0000	22.5000
32564.143	13	10	0.2316	60.0000	22.5000
32727.512	12	10	0.2321	60.0000	22.5000
32727.512	11	10	0.2321	60.0000	22.5000
32877.131	10	10	0.2325	60.0000	22.5000
32890.333	9	10	0.2326	60.0000	22.5000
32946.503	8	10	0.2327	60.0000	22.5000
32988.220	7	10	0.2328	60.0000	22.5000
33040.518	6	10	0.2328	60.0000	22.5000
33095.423	5	10	0.2329	60.0000	22.5000
33248.081	4	10	0.2331	60.0000	22.5000
33248.081	3	10	0.2331	60.0000	22.5000
33248.081	2	10	0.2331	60.0000	22.5000
33248.081	1	10	0.2331	60.0000	22.5000
33418.486	0	10	0.2332	60.0000	22.5000
33520.806	0	11	0.2332	66.0000	22.5000
33520.806	0	12	0.2332	72.0000	22.5000
33520.806	0	13	0.2332	78.0000	22.5000
33658.927	0	14	0.2332	84.0000	22.5000
33658.927	0	15	0.2332	90.0000	22.5000
33744.580	0	16	0.2332	96.0000	22.5000
33954.384	0	17	0.2332	102.0000	22.5000
33954.384	0	18	0.2332	108.0000	22.5000
34111.622	0	19	0.2332	114.0000	22.5000
34111.622	0	20	0.2332	120.0000	22.5000
34111.622	0	21	0.2332	126.0000	22.5000
34137.089	0	22	0.2332	132.0000	22.5000
34318.708	0	23	0.2332	138.0000	22.5000
34392.123	0	24	0.2332	144.0000	22.5000
34423.223	0	25	0.2332	150.0000	22.5000
34544.431	1	25	0.2332	150.0000	22.5000
34551.677	2	25	0.2332	150.0000	22.5000
34558.922	3	25	0.2332	150.0000	22.5000
34562.711	2	25	0.2332	150.0000	22.5000
34562.711	1	25	0.2332	150.0000	22.5000
34562.711	0	25	0.2332	150.0000	22.5000
34566.168	1	25	0.2332	150.0000	22.5000
34573.413	2	25	0.2332	150.0000	22.5000
34580.659	3	25	0.2332	150.0000	22.5000
34587.904	4	25	0.2332	150.0000	22.5000
34595.150	5	25	0.2332	150.0000	22.5000
34602.396	6	25	0.2332	150.0000	22.5000
34609.641	7	25	0.2332	150.0000	22.5000
34616.887	8	25	0.2332	150.0000	22.5000
34624.132	9	25	0.2332	150.0000	22.5000
34631.378	10	25	0.2332	150.0000	22.5000
34638.623	11	25	0.2333	150.0000	22.5000
34640.849	10	25	0.2333	150.0000	22.5000
34645.869	11	25	0.2333	150.0000	22.5000
34653.114	12	25	0.2333	150.0000	22.5000
34654.155	11	25	0.2333	150.0000	22.5000
34660.360	12	25	0.2333	150.0000	22.5000
34667.606	13	25	0.2333	150.0000	22.5000
34674.851	14	25	0.2334	150.0000	22.5000
34684.529	13	25	0.2334	150.0000	22.5000
34692.123	14	25	0.2334	150.0000	22.5000
34709.395	15	25	0.2335	150.0000	22.5000
34726.667	16	25	0.2335	150.0000	22.5000
34733.067	15	25	0.2336	150.0000	22.5000
34743.939	16	25	0.2336	150.0000	22.5000
34761.211	17	25	0.2337	150.0000	22.5000
34778.483	18	25	0.2337	150.0000	22.5000
34779.658	17	25	0.2337	150.0000	22.5000
34779.658	16	25	0.2337	150.0000	22.5000
34793.113	15	25	0.2338	150.0000	22.5000
34795.755	16	25	0.2338	150.0000	22.5000
34813.027	17	25	0.2339	150.0000	22.5000
34830.299	18	25	0.2339	150.0000	22.5000
34847.571	19	25	0.2340	150.0000	22.5000
34864.843	20	25	0.2341	150.0000	22.5000
34880.037	19	25	0.2342	150.0000	22.5000
34882.115	20	25	0.2342	150.0000	22.5000
34899.387	21	25	0.2342	150.0000	22.5000
34916.659	22	25	0.2343	150.0000	22.5000
34933.931	23	25	0.2344	150.0000	22.5000
34951.203	24	25	0.2345	150.0000	22.5000
34968.474	25	25	0.2346	150.0000	22.5000
34985.746	26	25	0.2347	150.0000	22.5000
35003.018	27	25	0.2348	150.0000	22.5000
35020.290	28	25	0.2349	150.0000	22.5000
35032.539	27	25	0.2350	150.0000	22.5000
35076.874	26	25	0.2353	150.0000	22.5000
35105.635	25	25	0.2355	150.0000	22.5000
35187.018	24	25	0.2360	150.0000	22.5000
35189.145	23	25	0.2360	150.0000	22.5000
35320.863	22	25	0.2367	150.0000	22.5000
35320.863	21	25	0.2367	150.0000	22.5000
35320.863	20	25	0.2367	150.0000	22.5000
35333.156	19	25	0.2368	150.0000	22.5000
35736.015	18	25	0.2386	150.0000	22.5000
35736.015	17	25	0.2386	150.0000	22.5000
35736.015	16	25	0.2386	150.0000	22.5000
35736.015	15	25	0.2386	150.0000	22.5000
35736.015	14	25	0.2386	150.0000	22.5000
35839.184	13	25	0.2389	150.0000	22.5000
35902.462	12	25	0.2391	150.0000	22.5000
35996.403	11	25	0.2394	150.0000	22.5000
36046.043	10	25	0.2395	150.0000	25.0000
36118.059	9	25	0.2397	150.0000	25.0000
36168.783	8	25	0.2398	150.0000	25.0000
36172.995	7	25	0.2398	150.0000	25.0000
36172.995	6	25	0.2398	150.0000	25.0000
36226.718	5	25	0.2399	150.0000	25.0000
36226.718	4	25	0.2399	150.0000	25.0000
36265.250	3	25	0.2399	150.0000	25.0000
36355.561	2	25	0.2400	150.0000	25.0000
36481.154	1	25	0.2401	150.0000	25.0000
36557.193	0	25	0.2401	150.0000	25.0000
36568.192	0	26	0.2401	156.0000	25.0000
36702.622	0	27	0.2401	162.0000	25.0000
36753.824	0	28	0.2401	168.0000	25.0000
36817.501	0	29	0.2401	174.0000	25.0000
36934.461	0	30	0.2401	180.0000	25.0000
36934.461	0	31	0.2401	186.0000	25.0000
37131.307	0	32	0.2401	192.0000	25.0000
37131.307	0	33	0.2401	198.0000	25.0000
37266.959	0	34	0.2401	204.0000	25.0000
37348.711	0	35	0.2401	210.0000	25.0000
37348.711	0	36	0.2401	216.0000	25.0000
37470.268	0	37	0.2401	222.0000	25.0000
37491.722	0	38	0.2401	228.0000	25.0000
37491.722	0	39	0.2401	234.0000	25.0000
37491.722	0	40	0.2401	240.0000	25.0000
37523.278	0	41	0.2401	246.0000	25.0000
37771.242	0	42	0.2401	252.0000	25.0000
37771.242	0	43	0.2401	258.0000	25.0000
37771.242	0	44	0.2401	264.0000	25.0000
37836.646	0	45	0.2401	270.0000	25.0000
37862.263	0	46	0.2401	276.0000	25.0000
37905.477	0	47	0.2401	282.0000	25.0000
37932.567	1	47	0.2401	282.0000	25.0000
37947.328	2	47	0.2401	282.0000	25.0000
37962.089	3	47	0.2401	282.0000	25.0000
37976.849	4	47	0.2401	282.0000	25.0000
37985.651	3	47	0.2401	282.0000	25.0000
37991.610	4	47	0.2401	282.0000	25.0000
38006.371	5	47	0.2401	282.0000	25.0000
38021.132	6	47	0.2401	282.0000	25.0000
38035.892	7	47	0.2402	282.0000	25.0000
38050.653	8	47	0.2402	282.0000	25.0000
38065.414	9	47	0.2402	282.0000	25.0000
38080.174	10	47	0.2402	282.0000	25.0000
38094.935	11	47	0.2403	282.0000	25.0000
38109.696	12	47	0.2403	282.0000	25.0000
38124.457	13	47	0.2404	282.0000	25.0000
38139.217	14	47	0.2404	282.0000	25.0000
38153.978	15	47	0.2405	282.0000	25.0000
38168.739	16	47	0.2405	282.0000	25.0000
38183.499	17	47	0.2406	282.0000	25.0000
38183.901	16	47	0.2406	282.0000	25.0000
38198.260	17	47	0.2406	282.0000	25.0000
38213.021	18	47	0.2407	282.0000	25.0000
38224.130	19	47	0.2407	282.0000	25.0000
38235.239	20	47	0.2408	282.0000	25.0000
38238.610	19	47	0.2408	282.0000	25.0000
38246.349	20	47	0.2408	282.0000	25.0000
38257.458	21	47	0.2409	282.0000	25.0000
38268.568	22	47	0.2409	282.0000	25.0000
38279.677	23	47	0.2410	282.0000	25.0000
38290.786	24	47	0.2411	282.0000	25.0000
38300.541	23	47	0.2411	282.0000	25.0000
38301.896	24	47	0.2411	282.0000	25.0000
38313.005	25	47	0.2412	282.0000	25.0000
38324.114	26	47	0.2412	282.0000	25.0000
38335.224	27	47	0.2413	282.0000	25.0000
38346.333	28	47	0.2414	282.0000	25.0000
38357.442	29	47	0.2415	282.0000	25.0000
38368.552	30	47	0.2415	282.0000	25.0000
38379.661	31	47	0.2416	282.0000	25.0000
38390.771	32	47	0.2417	282.0000	25.0000
38401.880	33	47	0.2418	282.0000	25.0000
38412.989	34	47	0.2419	282.0000	25.0000
38424.099	35	47	0.2420	282.0000	25.0000
38424.141	34	47	0.2420	282.0000	25.0000
38435.208	35	47	0.2421	282.0000	25.0000
38450.890	36	47	0.2422	282.0000	25.0000
38466.571	37	47	0.2423	282.0000	25.0000
38478.370	36	47	0.2424	282.0000	25.0000
38482.253	37	47	0.2425	282.0000	25.0000
38497.934	38	47	0.2426	282.0000	25.0000
38548.665	37	47	0.2431	282.0000	25.0000
38576.626	36	47	0.2433	282.0000	25.0000
38609.325	35	47	0.2436	282.0000	25.0000
38824.040	34	47	0.2454	282.0000	25.0000
38837.791	33	47	0.2455	282.0000	25.0000
38934.880	32	47	0.2462	282.0000	25.0000
38990.453	31	47	0.2467	282.0000	25.0000
38990.453	30	47	0.2467	282.0000	25.0000
39234.746	29	47	0.2484	282.0000	25.0000
39234.746	28	47	0.2484	282.0000	25.0000
39429.957	27	47	0.2497	282.0000	25.0000
39429.957	26	47	0.2497	282.0000	25.0000
39604.358	25	47	0.2508	282.0000	27.5000
39828.837	24	47	0.2521	282.0000	27.5000
39876.850	23	47	0.2524	282.0000	27.5000
39876.850	22	47	0.2524	282.0000	27.5000
39922.933	21	47	0.2527	282.0000	27.5000
39929.293	20	47	0.2527	282.0000	27.5000
39929.293	19	47	0.2527	282.0000	27.5000
39957.560	18	47	0.2528	282.0000	27.5000
39957.560	17	47	0.2528	282.0000	27.5000
40072.955	16	47	0.2533	282.0000	27.5000
40103.057	15	47	0.2534	282.0000	27.5000
40244.416	14	47	0.2539	282.0000	27.5000
40244.416	13	47	0.2539	282.0000	27.5000
40480.657	12	47	0.2546	282.0000	27.5000
40480.657	11	47	0.2546	282.0000	27.5000
40582.910	10	47	0.2549	282.0000	27.5000
40582.910	9	47	0.2549	282.0000	27.5000
40746.603	8	47	0.2553	282.0000	27.5000
40841.762	9	47	0.2554	282.0000	27.5000
40850.829	8	47	0.2555	282.0000	27.5000
40850.829	7	47	0.2555	282.0000	27.5000
40850.829	6	47	0.2555	282.0000	27.5000
40850.829	5	47	0.2555	282.0000	27.5000
40855.144	6	47	0.2555	282.0000	27.5000
40868.526	7	47	0.2555	282.0000	27.5000
40881.908	8	47	0.2555	282.0000	27.5000
40895.290	9	47	0.2555	282.0000	27.5000
40908.672	10	47	0.2556	282.0000	27.5000
40922.054	11	47	0.2556	282.0000	27.5000
40935.436	12	47	0.2556	282.0000	27.5000
40948.818	13	47	0.2557	282.0000	27.5000
40956.651	12	47	0.2557	282.0000	27.5000
40980.193	13	47	0.2558	282.0000	27.5000
40996.692	14	47	0.2558	282.0000	27.5000
41013.192	15	47	0.2559	282.0000	27.5000
41029.691	16	47	0.2559	282.0000	27.5000
41046.190	17	47	0.2560	282.0000	27.5000
41062.689	18	47	0.2561	282.0000	27.5000
41079.188	19	47	0.2561	282.0000	27.5000
41095.687	20	47	0.2562	282.0000	27.5000
41112.187	21	47	0.2563	282.0000	27.5000
41128.686	22	47	0.2564	282.0000	27.5000
41130.155	21	47	0.2564	282.0000	27.5000
41130.155	20	47	0.2564	282.0000	27.5000
41145.185	21	47	0.2564	282.0000	27.5000
41161.684	22	47	0.2565	282.0000	27.5000
41178.183	23	47	0.2566	282.0000	27.5000
41194.683	24	47	0.2567	282.0000	27.5000
41211.182	25	47	0.2568	282.0000	27.5000
41215.602	24	47	0.2568	282.0000	27.5000
41227.681	25	47	0.2569	282.0000	27.5000
41244.180	26	47	0.2570	282.0000	27.5000
41260.679	27	47	0.2571	282.0000	27.5000
41270.197	26	47	0.2572	282.0000	27.5000
41277.179	27	47	0.2572	282.0000	27.5000
41293.678	28	47	0.2573	282.0000	27.5000
41515.820	27	47	0.2588	282.0000	30.0000
41580.728	26	47	0.2592	282.0000	30.0000
41908.432	25	47	0.2612	282.0000	30.0000
41988.619	24	47	0.2617	282.0000	30.0000
42037.558	23	47	0.2620	282.0000	30.0000
42153.972	22	47	0.2626	282.0000	30.0000
42226.526	23	47	0.2630	282.0000	30.0000
42242.969	24	47	0.2631	282.0000	30.0000
42259.413	25	47	0.2632	282.0000	30.0000
42275.856	26	47	0.2633	282.0000	30.0000
42288.953	25	47	0.2634	282.0000	30.0000
42292.299	26	47	0.2634	282.0000	30.0000
42308.742	27	47	0.2635	282.0000	30.0000
42325.186	28	47	0.2636	282.0000	30.0000
42365.709	29	47	0.2639	282.0000	30.0000
42375.101	30	47	0.2639	282.0000	30.0000
42384.494	31	47	0.2640	282.0000	30.0000
42393.887	32	47	0.2641	282.0000	30.0000
42403.279	33	47	0.2641	282.0000	30.0000
42412.672	34	47	0.2642	282.0000	30.0000
42422.065	35	47	0.2643	282.0000	30.0000
42431.457	36	47	0.2644	282.0000	30.0000
42440.850	37	47	0.2645	282.0000	30.0000
42450.243	38	47	0.2645	282.0000	30.0000
42459.635	39	47	0.2646	282.0000	30.0000
42469.028	40	47	0.2647	282.0000	30.0000
42478.421	41	47	0.2648	282.0000	30.0000
42487.813	42	47	0.2649	282.0000	30.0000
42497.206	43	47	0.2650	282.0000	30.0000
42506.599	44	47	0.2651	282.0000	30.0000
42515.992	45	47	0.2652	282.0000	30.0000
42525.384	46	47	0.2653	282.0000	30.0000
42534.777	47	47	0.2654	282.0000	30.0000
42544.170	48	47	0.2655	282.0000	30.0000
42675.062	47	47	0.2670	282.0000	30.0000
42675.062	46	47	0.2670	282.0000	30.0000
42675.062	45	47	0.2670	282.0000	30.0000
42675.062	44	47	0.2670	282.0000	30.0000
42675.062	43	47	0.2670	282.0000	30.0000
42708.885	42	47	0.2673	282.0000	30.0000
42708.885	41	47	0.2673	282.0000	30.0000
42771.053	40	47	0.2679	282.0000	30.0000
42771.053	39	47	0.2679	282.0000	30.0000
42989.058	38	47	0.2700	282.0000	30.0000
42989.058	37	47	0.2700	282.0000	30.0000
43129.128	36	47	0.2712	282.0000	30.0000
43129.128	35	47	0.2712	282.0000	30.0000
43129.128	34	47	0.2712	282.0000	30.0000
43129.128	33	47	0.2712	282.0000	30.0000
43178.023	32	47	0.2716	282.0000	30.0000
43267.283	31	47	0.2723	282.0000	30.0000
