# s=75 S=80 h=0.0151 p=8.8000 c=2.5000
# time_s	level	cum_oos	holding_eur	shortage_eur	order_eur
0.000	80	0	0.0000	0.0000	0.0000
257.213	79	0	0.0072	0.0000	0.0000
1735.349	78	0	0.0480	0.0000	0.0000
1799.625	77	0	0.0498	0.0000	0.0000
1895.430	76	0	0.0523	0.0000	0.0000
2260.015	75	0	0.0620	0.0000	0.0000
2554.444	74	0	0.0697	0.0000	0.0000
2554.444	73	0	0.0697	0.0000	0.0000
2574.124	72	0	0.0702	0.0000	0.0000
3155.780	71	0	0.0849	0.0000	0.0000
3155.780	70	0	0.0849	0.0000	0.0000
3461.569	69	0	0.0924	0.0000	0.0000
3782.801	68	0	0.1001	0.0000	2.5000
3822.643	69	0	0.1011	0.0000	2.5000
3837.044	70	0	0.1014	0.0000	2.5000
3842.544	69	0	0.1015	0.0000	2.5000
3842.544	68	0	0.1015	0.0000	2.5000
3851.445	69	0	0.1018	0.0000	2.5000
3865.845	70	0	0.1021	0.0000	2.5000
3880.246	71	0	0.1025	0.0000	2.5000
3894.647	72	0	0.1028	0.0000	2.5000
3909.048	73	0	0.1032	0.0000	2.5000
3923.449	74	0	0.1035	0.0000	2.5000
3937.850	75	0	0.1039	0.0000	2.5000
3945.431	74	0	0.1041	0.0000	2.5000
3945.431	73	0	0.1041	0.0000	2.5000
3952.251	74	0	0.1043	0.0000	2.5000
3966.652	75	0	0.1047	0.0000	2.5000
4007.869	74	0	0.1057	0.0000	2.5000
4007.869	73	0	0.1057	0.0000	2.5000
4123.627	72	0	0.1087	0.0000	2.5000
4123.627	71	0	0.1087	0.0000	2.5000
4123.627	70	0	0.1087	0.0000	2.5000
4206.114	69	0	0.1107	0.0000	2.5000
4221.702	68	0	0.1111	0.0000	2.5000
4637.095	67	0	0.1210	0.0000	2.5000
4637.095	66	0	0.1210	0.0000	2.5000
4757.092	65	0	0.1237	0.0000	2.5000
4757.092	64	0	0.1237	0.0000	2.5000
4757.092	63	0	0.1237	0.0000	2.5000
4757.092	62	0	0.1237	0.0000	2.5000
4760.386	61	0	0.1238	0.0000	2.5000
4806.306	60	0	0.1248	0.0000	2.5000
4910.514	59	0	0.1270	0.0000	2.5000
4910.514	58	0	0.1270	0.0000	2.5000
5145.384	57	0	0.1317	0.0000	2.5000
5180.871	56	0	0.1324	0.0000	2.5000
5217.785	55	0	0.1332	0.0000	2.5000
5286.605	54	0	0.1345	0.0000	2.5000
5286.605	53	0	0.1345	0.0000	2.5000
5389.231	52	0	0.1364	0.0000	2.5000
5572.511	51	0	0.1397	0.0000	5.0000
5721.795	52	0	0.1424	0.0000	5.0000
5740.358	53	0	0.1427	0.0000	5.0000
5758.920	54	0	0.1431	0.0000	5.0000
5777.483	55	0	0.1434	0.0000	5.0000
5796.045	56	0	0.1438	0.0000	5.0000
5814.608	57	0	0.1441	0.0000	5.0000
5833.170	58	0	0.1445	0.0000	5.0000
5851.733	59	0	0.1449	0.0000	5.0000
5870.296	60	0	0.1453	0.0000	5.0000
5888.858	61	0	0.1456	0.0000	5.0000
5907.421	62	0	0.1460	0.0000	5.0000
5925.983	63	0	0.1464	0.0000	5.0000
5944.546	64	0	0.1468	0.0000	5.0000
5963.108	65	0	0.1473	0.0000	5.0000
5981.671	66	0	0.1477	0.0000	5.0000
6000.233	67	0	0.1481	0.0000	5.0000
6018.796	68	0	0.1485	0.0000	5.0000
6037.358	69	0	0.1490	0.0000	5.0000
6055.921	70	0	0.1494	0.0000	5.0000
6063.805	69	0	0.1496	0.0000	5.0000
6074.484	70	0	0.1499	0.0000	5.0000
6089.892	71	0	0.1503	0.0000	5.0000
6105.301	72	0	0.1506	0.0000	5.0000
6120.710	73	0	0.1510	0.0000	5.0000
6128.839	72	0	0.1512	0.0000	5.0000
6136.119	73	0	0.1514	0.0000	5.0000
6151.528	74	0	0.1518	0.0000	5.0000
6166.936	75	0	0.1522	0.0000	5.0000
6182.345	76	0	0.1526	0.0000	5.0000
6197.754	77	0	0.1530	0.0000	5.0000
6214.627	76	0	0.1535	0.0000	5.0000
6277.328	75	0	0.1552	0.0000	5.0000
6372.743	74	0	0.1577	0.0000	5.0000
6446.650	73	0	0.1596	0.0000	5.0000
6679.659	72	0	0.1655	0.0000	5.0000
6817.806	71	0	0.1690	0.0000	5.0000
6818.202	70	0	0.1690	0.0000	5.0000
6909.064	69	0	0.1712	0.0000	5.0000
7011.959	68	0	0.1737	0.0000	5.0000
7127.727	67	0	0.1765	0.0000	5.0000
7127.727	66	0	0.1765	0.0000	5.0000
7340.171	65	0	0.1814	0.0000	7.5000
7340.171	64	0	0.1814	0.0000	7.5000
7415.400	65	0	0.1830	0.0000	7.5000
7424.944	66	0	0.1833	0.0000	7.5000
7434.489	67	0	0.1835	0.0000	7.5000
7444.033	68	0	0.1837	0.0000	7.5000
7453.578	69	0	0.1839	0.0000	7.5000
7463.122	70	0	0.1842	0.0000	7.5000
7472.666	71	0	0.1844	0.0000	7.5000
7482.211	72	0	0.1846	0.0000	7.5000
7491.755	73	0	0.1849	0.0000	7.5000
7501.300	74	0	0.1851	0.0000	7.5000
7510.844	75	0	0.1854	0.0000	7.5000
7520.389	76	0	0.1856	0.0000	7.5000
7529.933	77	0	0.1859	0.0000	7.5000
7530.067	76	0	0.1859	0.0000	7.5000
7539.477	77	0	0.1861	0.0000	7.5000
7558.839	76	0	0.1866	0.0000	7.5000
7558.839	75	0	0.1866	0.0000	7.5000
7628.249	74	0	0.1885	0.0000	7.5000
7628.249	73	0	0.1885	0.0000	7.5000
7659.625	72	0	0.1893	0.0000	7.5000
7788.832	71	0	0.1925	0.0000	7.5000
7788.832	70	0	0.1925	0.0000	7.5000
7788.832	69	0	0.1925	0.0000	7.5000
8128.113	68	0	0.2007	0.0000	7.5000
8128.113	67	0	0.2007	0.0000	7.5000
8285.116	66	0	0.2044	0.0000	7.5000
8342.478	65	0	0.2057	0.0000	7.5000
8436.712	64	0	0.2078	0.0000	7.5000
8514.231	63	0	0.2096	0.0000	7.5000
8514.231	62	0	0.2096	0.0000	7.5000
8545.600	61	0	0.2102	0.0000	7.5000
8596.964	60	0	0.2113	0.0000	7.5000
8596.964	59	0	0.2113	0.0000	7.5000
8690.820	58	0	0.2133	0.0000	7.5000
8690.820	57	0	0.2133	0.0000	7.5000
8690.820	56	0	0.2133	0.0000	7.5000
8717.170	55	0	0.2138	0.0000	7.5000
8717.170	54	0	0.2138	0.0000	7.5000
8717.170	53	0	0.2138	0.0000	7.5000
8717.170	52	0	0.2138	0.0000	7.5000
8726.968	51	0	0.2140	0.0000	7.5000
8817.304	50	0	0.2156	0.0000	7.5000
8817.304	49	0	0.2156	0.0000	7.5000
8866.318	48	0	0.2164	0.0000	7.5000
8892.587	47	0	0.2169	0.0000	7.5000
8924.372	46	0	0.2174	0.0000	7.5000
8941.521	45	0	0.2177	0.0000	7.5000
9006.597	44	0	0.2187	0.0000	10.0000
9016.660	43	0	0.2188	0.0000	10.0000
9104.094	42	0	0.2201	0.0000	10.0000
9306.838	41	0	0.2231	0.0000	10.0000
9467.475	40	0	0.2254	0.0000	10.0000
9467.800	41	0	0.2254	0.0000	10.0000
9479.023	42	0	0.2256	0.0000	10.0000
9490.246	43	0	0.2258	0.0000	10.0000
9501.469	44	0	0.2259	0.0000	10.0000
9512.692	45	0	0.2261	0.0000	10.0000
9514.574	44	0	0.2261	0.0000	10.0000
9523.915	45	0	0.2263	0.0000	10.0000
9535.138	46	0	0.2264	0.0000	10.0000
9546.362	47	0	0.2266	0.0000	10.0000
9557.585	48	0	0.2268	0.0000	10.0000
9568.808	49	0	0.2270	0.0000	10.0000
9580.031	50	0	0.2272	0.0000	10.0000
9591.254	51	0	0.2274	0.0000	10.0000
9602.477	52	0	0.2276	0.0000	10.0000
9613.700	53	0	0.2278	0.0000	10.0000
9624.923	54	0	0.2280	0.0000	10.0000
9636.146	55	0	0.2282	0.0000	10.0000
9647.370	56	0	0.2284	0.0000	10.0000
9658.593	57	0	0.2286	0.0000	10.0000
9669.816	58	0	0.2289	0.0000	10.0000
9681.039	59	0	0.2291	0.0000	10.0000
9735.299	60	0	0.2302	0.0000	10.0000
9751.864	61	0	0.2306	0.0000	10.0000
9768.429	62	0	0.2309	0.0000	10.0000
9784.994	63	0	0.2313	0.0000	10.0000
9801.559	64	0	0.2316	0.0000	10.0000
9818.124	65	0	0.2320	0.0000	10.0000
9834.689	66	0	0.2324	0.0000	10.0000
9842.404	65	0	0.2326	0.0000	10.0000
9851.254	66	0	0.2328	0.0000	10.0000
9867.819	67	0	0.2332	0.0000	10.0000
9884.383	68	0	0.2335	0.0000	10.0000
9900.948	69	0	0.2339	0.0000	10.0000
9917.513	70	0	0.2343	0.0000	10.0000
9934.078	71	0	0.2347	0.0000	10.0000
9950.643	72	0	0.2351	0.0000	10.0000
9967.208	73	0	0.2356	0.0000	10.0000
9982.211	72	0	0.2359	0.0000	10.0000
10026.173	71	0	0.2371	0.0000	10.0000
10115.221	70	0	0.2393	0.0000	10.0000
10142.943	69	0	0.2399	0.0000	10.0000
10390.156	68	0	0.2459	0.0000	10.0000
10403.899	67	0	0.2462	0.0000	10.0000
10426.716	66	0	0.2468	0.0000	10.0000
10426.716	65	0	0.2468	0.0000	10.0000
10426.716	64	0	0.2468	0.0000	10.0000
10426.716	63	0	0.2468	0.0000	10.0000
10426.716	62	0	0.2468	0.0000	10.0000
10621.928	61	0	0.2510	0.0000	10.0000
10813.321	60	0	0.2551	0.0000	12.5000
10967.534	59	0	0.2583	0.0000	12.5000
11051.195	58	0	0.2600	0.0000	12.5000
11051.195	57	0	0.2600	0.0000	12.5000
11064.725	56	0	0.2603	0.0000	12.5000
11170.898	55	0	0.2624	0.0000	12.5000
11170.898	54	0	0.2624	0.0000	12.5000
11221.229	53	0	0.2633	0.0000	12.5000
11319.628	54	0	0.2652	0.0000	12.5000
11326.931	55	0	0.2653	0.0000	12.5000
11328.339	54	0	0.2653	0.0000	12.5000
11328.339	53	0	0.2653	0.0000	12.5000
11328.339	52	0	0.2653	0.0000	12.5000
11334.235	53	0	0.2654	0.0000	12.5000
11341.538	54	0	0.2656	0.0000	12.5000
11348.841	55	0	0.2657	0.0000	12.5000
11356.144	56	0	0.2658	0.0000	12.5000
11363.447	57	0	0.2660	0.0000	12.5000
11370.750	58	0	0.2661	0.0000	12.5000
11378.054	59	0	0.2663	0.0000	12.5000
11381.960	58	0	0.2664	0.0000	12.5000
11385.357	59	0	0.2664	0.0000	12.5000
11392.660	60	0	0.2666	0.0000	12.5000
11399.963	61	0	0.2667	0.0000	12.5000
11407.266	62	0	0.2669	0.0000	12.5000
11414.569	63	0	0.2670	0.0000	12.5000
11421.873	64	0	0.2672	0.0000	12.5000
11429.176	65	0	0.2674	0.0000	12.5000
11429.397	64	0	0.2674	0.0000	12.5000
11436.479	65	0	0.2675	0.0000	12.5000
11443.782	66	0	0.2677	0.0000	12.5000
11451.085	67	0	0.2679	0.0000	12.5000
11520.933	66	0	0.2695	0.0000	12.5000
11549.200	65	0	0.2702	0.0000	12.5000
11702.907	64	0	0.2737	0.0000	12.5000
11702.907	63	0	0.2737	0.0000	12.5000
11827.828	62	0	0.2764	0.0000	12.5000
11827.828	61	0	0.2764	0.0000	12.5000
11827.828	60	0	0.2764	0.0000	12.5000
11843.787	59	0	0.2767	0.0000	12.5000
11884.506	58	0	0.2776	0.0000	12.5000
11930.548	57	0	0.2785	0.0000	12.5000
11959.730	56	0	0.2791	0.0000	12.5000
11959.730	55	0	0.2791	0.0000	12.5000
12163.497	54	0	0.2830	0.0000	12.5000
12163.497	53	0	0.2830	0.0000	12.5000
12260.099	52	0	0.2848	0.0000	12.5000
12426.240	51	0	0.2878	0.0000	12.5000
12426.240	50	0	0.2878	0.0000	12.5000
12426.240	49	0	0.2878	0.0000	12.5000
12426.240	48	0	0.2878	0.0000	12.5000
12426.240	47	0	0.2878	0.0000	12.5000
12569.767	46	0	0.2902	0.0000	12.5000
12569.767	45	0	0.2902	0.0000	12.5000
12639.527	44	0	0.2913	0.0000	15.0000
12829.953	43	0	0.2942	0.0000	15.0000
12829.953	42	0	0.2942	0.0000	15.0000
12856.799	41	0	0.2946	0.0000	15.0000
12893.393	40	0	0.2951	0.0000	15.0000
12918.571	41	0	0.2955	0.0000	15.0000
12929.432	42	0	0.2956	0.0000	15.0000
12940.292	43	0	0.2958	0.0000	15.0000
12951.152	44	0	0.2959	0.0000	15.0000
12962.013	45	0	0.2961	0.0000	15.0000
12972.873	46	0	0.2963	0.0000	15.0000
12983.734	47	0	0.2965	0.0000	15.0000
12994.594	48	0	0.2966	0.0000	15.0000
13005.454	49	0	0.2968	0.0000	15.0000
13016.315	50	0	0.2970	0.0000	15.0000
13027.175	51	0	0.2972	0.0000	15.0000
13038.035	52	0	0.2974	0.0000	15.0000
13048.896	53	0	0.2976	0.0000	15.0000
13059.756	54	0	0.2978	0.0000	15.0000
13070.617	55	0	0.2980	0.0000	15.0000
13083.931	56	0	0.2983	0.0000	15.0000
13084.171	55	0	0.2983	0.0000	15.0000
13084.171	54	0	0.2983	0.0000	15.0000
13084.171	53	0	0.2983	0.0000	15.0000
13084.171	52	0	0.2983	0.0000	15.0000
13097.246	53	0	0.2985	0.0000	15.0000
13110.561	54	0	0.2987	0.0000	15.0000
13123.875	55	0	0.2990	0.0000	15.0000
13137.190	56	0	0.2992	0.0000	15.0000
13150.505	57	0	0.2995	0.0000	15.0000
13163.819	58	0	0.2998	0.0000	15.0000
13177.134	59	0	0.3000	0.0000	15.0000
13187.183	58	0	0.3003	0.0000	15.0000
13187.183	57	0	0.3003	0.0000	15.0000
13190.449	58	0	0.3003	0.0000	15.0000
13203.763	59	0	0.3006	0.0000	15.0000
13217.078	60	0	0.3009	0.0000	15.0000
13230.393	61	0	0.3011	0.0000	15.0000
13243.707	62	0	0.3014	0.0000	15.0000
13257.022	63	0	0.3017	0.0000	15.0000
13268.937	62	0	0.3020	0.0000	15.0000
13270.337	63	0	0.3020	0.0000	15.0000
13283.651	64	0	0.3023	0.0000	15.0000
13284.487	63	0	0.3023	0.0000	15.0000
13296.521	62	0	0.3026	0.0000	15.0000
13296.966	63	0	0.3026	0.0000	15.0000
13310.281	64	0	0.3029	0.0000	15.0000
13323.595	65	0	0.3032	0.0000	15.0000
13336.910	66	0	0.3035	0.0000	15.0000
13385.276	65	0	0.3046	0.0000	15.0000
13385.276	64	0	0.3046	0.0000	15.0000
13453.087	63	0	0.3061	0.0000	15.0000
13483.582	62	0	0.3068	0.0000	15.0000
13527.135	61	0	0.3077	0.0000	15.0000
13599.613	60	0	0.3093	0.0000	15.0000
13629.364	59	0	0.3099	0.0000	15.0000
13647.667	58	0	0.3103	0.0000	15.0000
13750.416	57	0	0.3124	0.0000	15.0000
13843.869	56	0	0.3142	0.0000	15.0000
14092.702	55	0	0.3191	0.0000	15.0000
14092.702	54	0	0.3191	0.0000	15.0000
14092.702	53	0	0.3191	0.0000	15.0000
14092.702	52	0	0.3191	0.0000	15.0000
14092.702	51	0	0.3191	0.0000	15.0000
14092.702	50	0	0.3191	0.0000	15.0000
14121.666	49	0	0.3196	0.0000	15.0000
14173.911	48	0	0.3205	0.0000	15.0000
14523.369	47	0	0.3264	0.0000	17.5000
14546.291	46	0	0.3267	0.0000	17.5000
14594.718	45	0	0.3275	0.0000	17.5000
14702.619	44	0	0.3292	0.0000	17.5000
14702.619	43	0	0.3292	0.0000	17.5000
14702.619	42	0	0.3292	0.0000	17.5000
14774.040	41	0	0.3303	0.0000	17.5000
15038.844	40	0	0.3341	0.0000	17.5000
15038.844	39	0	0.3341	0.0000	17.5000
15107.649	38	0	0.3350	0.0000	17.5000
15107.649	37	0	0.3350	0.0000	17.5000
15188.546	36	0	0.3360	0.0000	17.5000
15234.506	35	0	0.3366	0.0000	17.5000
15255.154	34	0	0.3369	0.0000	17.5000
15260.932	35	0	0.3369	0.0000	17.5000
15278.449	36	0	0.3372	0.0000	17.5000
15282.765	35	0	0.3372	0.0000	17.5000
15282.765	34	0	0.3372	0.0000	17.5000
15295.967	35	0	0.3374	0.0000	17.5000
15313.484	36	0	0.3376	0.0000	17.5000
15331.001	37	0	0.3378	0.0000	17.5000
15348.519	38	0	0.3380	0.0000	17.5000
15366.036	39	0	0.3383	0.0000	17.5000
15383.554	40	0	0.3385	0.0000	17.5000
15401.071	41	0	0.3387	0.0000	17.5000
15413.047	40	0	0.3389	0.0000	17.5000
15418.588	41	0	0.3390	0.0000	17.5000
15436.106	42	0	0.3392	0.0000	17.5000
15453.623	43	0	0.3395	0.0000	17.5000
15543.731	42	0	0.3409	0.0000	17.5000
15543.731	41	0	0.3409	0.0000	17.5000
15543.731	40	0	0.3409	0.0000	17.5000
15678.206	39	0	0.3427	0.0000	17.5000
15678.206	38	0	0.3427	0.0000	17.5000
15710.461	37	0	0.3432	0.0000	17.5000
15710.461	36	0	0.3432	0.0000	17.5000
15710.461	35	0	0.3432	0.0000	17.5000
15710.461	34	0	0.3432	0.0000	17.5000
15755.925	33	0	0.3437	0.0000	17.5000
15755.925	32	0	0.3437	0.0000	17.5000
15829.536	31	0	0.3445	0.0000	17.5000
15829.536	30	0	0.3445	0.0000	17.5000
15833.910	29	0	0.3446	0.0000	17.5000
15833.910	28	0	0.3446	0.0000	17.5000
15833.910	27	0	0.3446	0.0000	17.5000
15860.604	28	0	0.3448	0.0000	17.5000
15871.847	29	0	0.3449	0.0000	17.5000
15883.091	30	0	0.3450	0.0000	17.5000
15894.335	31	0	0.3452	0.0000	17.5000
15905.578	32	0	0.3453	0.0000	17.5000
15916.822	33	0	0.3454	0.0000	17.5000
15928.066	34	0	0.3455	0.0000	17.5000
15939.309	35	0	0.3457	0.0000	17.5000
15941.809	34	0	0.3457	0.0000	17.5000
15941.809	33	0	0.3457	0.0000	17.5000
15941.809	32	0	0.3457	0.0000	17.5000
15950.553	33	0	0.3458	0.0000	17.5000
15961.797	34	0	0.3459	0.0000	17.5000
15973.040	35	0	0.3461	0.0000	17.5000
15984.284	36	0	0.3462	0.0000	17.5000
15995.528	37	0	0.3463	0.0000	17.5000
16006.771	38	0	0.3465	0.0000	17.5000
16018.015	39	0	0.3466	0.0000	17.5000
16029.259	40	0	0.3468	0.0000	17.5000
16040.502	41	0	0.3470	0.0000	17.5000
16051.746	42	0	0.3471	0.0000	17.5000
16062.989	43	0	0.3473	0.0000	17.5000
16074.233	44	0	0.3474	0.0000	17.5000
16123.909	43	0	0.3482	0.0000	17.5000
16406.556	42	0	0.3525	0.0000	20.0000
16406.556	41	0	0.3525	0.0000	20.0000
16406.556	40	0	0.3525	0.0000	20.0000
16406.556	39	0	0.3525	0.0000	20.0000
16659.326	38	0	0.3559	0.0000	20.0000
16659.326	37	0	0.3559	0.0000	20.0000
16659.326	36	0	0.3559	0.0000	20.0000
16686.196	35	0	0.3562	0.0000	20.0000
16686.196	34	0	0.3562	0.0000	20.0000
16765.169	35	0	0.3572	0.0000	20.0000
16779.470	36	0	0.3574	0.0000	20.0000
16793.771	37	0	0.3575	0.0000	20.0000
16808.073	38	0	0.3577	0.0000	20.0000
16822.374	39	0	0.3579	0.0000	20.0000
16836.675	40	0	0.3581	0.0000	20.0000
16847.384	39	0	0.3583	0.0000	20.0000
16847.384	38	0	0.3583	0.0000	20.0000
16847.384	37	0	0.3583	0.0000	20.0000
16847.384	36	0	0.3583	0.0000	20.0000
16850.977	37	0	0.3583	0.0000	20.0000
16865.278	38	0	0.3585	0.0000	20.0000
16879.579	39	0	0.3587	0.0000	20.0000
16893.881	40	0	0.3589	0.0000	20.0000
16908.182	41	0	0.3591	0.0000	20.0000
16922.483	42	0	0.3593	0.0000	20.0000
16936.784	43	0	0.3595	0.0000	20.0000
16951.086	44	0	0.3597	0.0000	20.0000
16965.387	45	0	0.3599	0.0000	20.0000
16979.688	46	0	0.3601	0.0000	20.0000
16993.990	47	0	0.3604	0.0000	20.0000
17005.672	48	0	0.3606	0.0000	20.0000
17017.354	49	0	0.3608	0.0000	20.0000
17029.036	50	0	0.3610	0.0000	20.0000
17040.717	51	0	0.3612	0.0000	20.0000
17046.374	50	0	0.3613	0.0000	20.0000
17052.399	51	0	0.3614	0.0000	20.0000
17064.081	52	0	0.3616	0.0000	20.0000
17075.763	53	0	0.3618	0.0000	20.0000
17087.445	54	0	0.3620	0.0000	20.0000
17099.127	55	0	0.3622	0.0000	20.0000
17110.809	56	0	0.3625	0.0000	20.0000
17122.491	57	0	0.3627	0.0000	20.0000
17134.173	58	0	0.3629	0.0000	20.0000
17145.855	59	0	0.3632	0.0000	20.0000
17157.537	60	0	0.3634	0.0000	20.0000
17169.219	61	0	0.3636	0.0000	20.0000
17179.853	60	0	0.3639	0.0000	20.0000
17179.853	59	0	0.3639	0.0000	20.0000
17179.853	58	0	0.3639	0.0000	20.0000
17180.901	59	0	0.3639	0.0000	20.0000
17192.583	60	0	0.3641	0.0000	20.0000
17204.265	61	0	0.3644	0.0000	20.0000
17215.947	62	0	0.3646	0.0000	20.0000
17227.629	63	0	0.3649	0.0000	20.0000
17291.200	62	0	0.3663	0.0000	20.0000
17308.301	61	0	0.3666	0.0000	20.0000
17329.554	60	0	0.3671	0.0000	20.0000
17329.554	59	0	0.3671	0.0000	20.0000
17329.554	58	0	0.3671	0.0000	20.0000
17345.519	57	0	0.3674	0.0000	20.0000
17428.362	56	0	0.3691	0.0000	20.0000
17428.362	55	0	0.3691	0.0000	20.0000
17532.646	54	0	0.3711	0.0000	20.0000
17696.777	53	0	0.3742	0.0000	20.0000
17757.375	52	0	0.3753	0.0000	20.0000
17824.848	51	0	0.3765	0.0000	20.0000
17932.535	50	0	0.3784	0.0000	20.0000
17932.535	49	0	0.3784	0.0000	20.0000
17932.535	48	0	0.3784	0.0000	20.0000
17932.535	47	0	0.3784	0.0000	20.0000
17935.664	46	0	0.3785	0.0000	20.0000
17935.664	45	0	0.3785	0.0000	20.0000
18027.852	44	0	0.3799	0.0000	22.5000
18027.852	43	0	0.3799	0.0000	22.5000
18027.852	42	0	0.3799	0.0000	22.5000
18067.625	41	0	0.3805	0.0000	22.5000
18208.362	40	0	0.3825	0.0000	22.5000
18208.362	39	0	0.3825	0.0000	22.5000
18298.846	38	0	0.3838	0.0000	22.5000
18298.846	37	0	0.3838	0.0000	22.5000
18333.767	38	0	0.3842	0.0000	22.5000
18348.366	39	0	0.3844	0.0000	22.5000
18362.965	40	0	0.3846	0.0000	22.5000
18377.563	41	0	0.3848	0.0000	22.5000
18392.162	42	0	0.3850	0.0000	22.5000
18406.761	43	0	0.3853	0.0000	22.5000
18419.136	42	0	0.3854	0.0000	22.5000
18419.136	41	0	0.3854	0.0000	22.5000
18419.136	40	0	0.3854	0.0000	22.5000
18421.359	41	0	0.3855	0.0000	22.5000
18435.958	42	0	0.3857	0.0000	22.5000
18450.557	43	0	0.3859	0.0000	22.5000
18465.155	44	0	0.3861	0.0000	22.5000
18479.754	45	0	0.3863	0.0000	22.5000
18494.353	46	0	0.3866	0.0000	22.5000
18508.951	47	0	0.3868	0.0000	22.5000
18523.550	48	0	0.3870	0.0000	22.5000
18538.148	49	0	0.3873	0.0000	22.5000
18552.747	50	0	0.3875	0.0000	22.5000
18567.346	51	0	0.3878	0.0000	22.5000
18581.944	52	0	0.3881	0.0000	22.5000
18596.543	53	0	0.3883	0.0000	22.5000
18611.142	54	0	0.3886	0.0000	22.5000
18624.331	55	0	0.3888	0.0000	22.5000
18637.521	56	0	0.3891	0.0000	22.5000
18650.710	57	0	0.3894	0.0000	22.5000
18663.900	58	0	0.3896	0.0000	22.5000
18677.089	59	0	0.3899	0.0000	22.5000
18690.279	60	0	0.3902	0.0000	22.5000
18703.468	61	0	0.3904	0.0000	22.5000
18716.658	62	0	0.3907	0.0000	22.5000
18729.848	63	0	0.3910	0.0000	22.5000
18743.037	64	0	0.3913	0.0000	22.5000
18754.678	63	0	0.3915	0.0000	22.5000
18754.678	62	0	0.3915	0.0000	22.5000
18754.678	61	0	0.3915	0.0000	22.5000
18754.678	60	0	0.3915	0.0000	22.5000
18754.678	59	0	0.3915	0.0000	22.5000
18754.678	58	0	0.3915	0.0000	22.5000
18756.227	59	0	0.3916	0.0000	22.5000
18769.416	60	0	0.3919	0.0000	22.5000
18782.606	61	0	0.3921	0.0000	22.5000
18795.795	62	0	0.3924	0.0000	22.5000
18808.985	63	0	0.3927	0.0000	22.5000
18913.262	62	0	0.3950	0.0000	22.5000
18913.262	61	0	0.3950	0.0000	22.5000
18913.262	60	0	0.3950	0.0000	22.5000
18956.381	59	0	0.3959	0.0000	22.5000
18956.381	58	0	0.3959	0.0000	22.5000
19001.041	57	0	0.3968	0.0000	22.5000
19130.715	56	0	0.3994	0.0000	22.5000
19130.715	55	0	0.3994	0.0000	22.5000
19130.715	54	0	0.3994	0.0000	22.5000
19164.621	53	0	0.4000	0.0000	22.5000
19186.078	52	0	0.4004	0.0000	22.5000
19212.845	51	0	0.4009	0.0000	22.5000
19291.222	50	0	0.4023	0.0000	22.5000
19291.222	49	0	0.4023	0.0000	22.5000
19291.222	48	0	0.4023	0.0000	22.5000
19474.304	47	0	0.4054	0.0000	22.5000
19474.304	46	0	0.4054	0.0000	22.5000
19474.304	45	0	0.4054	0.0000	22.5000
19474.304	44	0	0.4054	0.0000	22.5000
19505.958	43	0	0.4059	0.0000	22.5000
19518.427	42	0	0.4061	0.0000	22.5000
19537.387	41	0	0.4063	0.0000	22.5000
19578.644	40	0	0.4069	0.0000	22.5000
19578.644	39	0	0.4069	0.0000	22.5000
19589.113	38	0	0.4071	0.0000	22.5000
19731.092	37	0	0.4089	0.0000	22.5000
19731.092	36	0	0.4089	0.0000	22.5000
19846.404	35	0	0.4104	0.0000	25.0000
19846.404	34	0	0.4104	0.0000	25.0000
19952.907	33	0	0.4117	0.0000	25.0000
19952.907	32	0	0.4117	0.0000	25.0000
20237.533	31	0	0.4148	0.0000	25.0000
20513.680	30	0	0.4178	0.0000	25.0000
20513.680	29	0	0.4178	0.0000	25.0000
20604.315	28	0	0.4188	0.0000	25.0000
20684.916	27	0	0.4195	0.0000	25.0000
20786.421	26	0	0.4205	0.0000	25.0000
20953.888	25	0	0.4220	0.0000	25.0000
20953.888	24	0	0.4220	0.0000	25.0000
20971.086	25	0	0.4222	0.0000	25.0000
20981.390	26	0	0.4223	0.0000	25.0000
20991.695	27	0	0.4224	0.0000	25.0000
21002.000	28	0	0.4225	0.0000	25.0000
21008.490	27	0	0.4225	0.0000	25.0000
21012.305	28	0	0.4226	0.0000	25.0000
21022.609	29	0	0.4227	0.0000	25.0000
21032.914	30	0	0.4228	0.0000	25.0000
21043.219	31	0	0.4229	0.0000	25.0000
21053.524	32	0	0.4230	0.0000	25.0000
21063.828	33	0	0.4231	0.0000	25.0000
21074.133	34	0	0.4232	0.0000	25.0000
21084.438	35	0	0.4233	0.0000	25.0000
21094.743	36	0	0.4235	0.0000	25.0000
21105.047	37	0	0.4236	0.0000	25.0000
21115.352	38	0	0.4237	0.0000	25.0000
21125.657	39	0	0.4239	0.0000	25.0000
21135.962	40	0	0.4240	0.0000	25.0000
21146.266	41	0	0.4241	0.0000	25.0000
21156.571	42	0	0.4243	0.0000	25.0000
21159.344	41	0	0.4243	0.0000	25.0000
21166.876	42	0	0.4244	0.0000	25.0000
21173.060	43	0	0.4245	0.0000	25.0000
21179.244	44	0	0.4246	0.0000	25.0000
21185.428	45	0	0.4247	0.0000	25.0000
21191.612	46	0	0.4248	0.0000	25.0000
21204.827	47	0	0.4250	0.0000	25.0000
21214.673	46	0	0.4252	0.0000	25.0000
21214.673	45	0	0.4252	0.0000	25.0000
21218.042	46	0	0.4252	0.0000	25.0000
21231.258	47	0	0.4255	0.0000	25.0000
21244.473	48	0	0.4257	0.0000	25.0000
21257.688	49	0	0.4259	0.0000	25.0000
21270.903	50	0	0.4261	0.0000	25.0000
21284.118	51	0	0.4264	0.0000	25.0000
21297.334	52	0	0.4266	0.0000	25.0000
21310.549	53	0	0.4268	0.0000	25.0000
21323.764	54	0	0.4271	0.0000	25.0000
21336.979	55	0	0.4273	0.0000	25.0000
21350.195	56	0	0.4276	0.0000	25.0000
21355.786	55	0	0.4277	0.0000	25.0000
21363.410	56	0	0.4278	0.0000	25.0000
21376.625	57	0	0.4281	0.0000	25.0000
21389.840	58	0	0.4284	0.0000	25.0000
21403.055	59	0	0.4286	0.0000	25.0000
21416.271	60	0	0.4289	0.0000	25.0000
21427.353	59	0	0.4291	0.0000	25.0000
21429.486	60	0	0.4292	0.0000	25.0000
21439.489	59	0	0.4294	0.0000	25.0000
21442.701	60	0	0.4294	0.0000	25.0000
21455.916	61	0	0.4297	0.0000	25.0000
21497.240	60	0	0.4306	0.0000	25.0000
21579.224	59	0	0.4323	0.0000	25.0000
21579.224	58	0	0.4323	0.0000	25.0000
21579.224	57	0	0.4323	0.0000	25.0000
21590.634	56	0	0.4326	0.0000	25.0000
21622.135	55	0	0.4332	0.0000	27.5000
21622.135	54	0	0.4332	0.0000	27.5000
21702.854	55	0	0.4347	0.0000	27.5000
21720.715	56	0	0.4350	0.0000	27.5000
21738.576	57	0	0.4354	0.0000	27.5000
21756.436	58	0	0.4357	0.0000	27.5000
21883.947	57	0	0.4383	0.0000	27.5000
21883.947	56	0	0.4383	0.0000	27.5000
21906.107	57	0	0.4388	0.0000	27.5000
21918.199	58	0	0.4390	0.0000	27.5000
21930.292	59	0	0.4392	0.0000	27.5000
21942.384	60	0	0.4395	0.0000	27.5000
21954.476	61	0	0.4398	0.0000	27.5000
21966.568	62	0	0.4400	0.0000	27.5000
21970.175	61	0	0.4401	0.0000	27.5000
21978.661	62	0	0.4403	0.0000	27.5000
21990.753	63	0	0.4405	0.0000	27.5000
22002.845	64	0	0.4408	0.0000	27.5000
22014.937	65	0	0.4411	0.0000	27.5000
22027.030	66	0	0.4413	0.0000	27.5000
22039.122	67	0	0.4416	0.0000	27.5000
22051.214	68	0	0.4419	0.0000	27.5000
22051.723	67	0	0.4419	0.0000	27.5000
22051.723	66	0	0.4419	0.0000	27.5000
22063.306	67	0	0.4422	0.0000	27.5000
22075.399	68	0	0.4425	0.0000	27.5000
22087.491	69	0	0.4428	0.0000	27.5000
22099.583	70	0	0.4430	0.0000	27.5000
22111.675	71	0	0.4433	0.0000	27.5000
22123.768	72	0	0.4436	0.0000	27.5000
22135.860	73	0	0.4439	0.0000	27.5000
22176.527	72	0	0.4450	0.0000	27.5000
22262.367	71	0	0.4471	0.0000	27.5000
22309.192	70	0	0.4483	0.0000	27.5000
22386.473	69	0	0.4502	0.0000	27.5000
22467.141	68	0	0.4521	0.0000	27.5000
22651.909	67	0	0.4565	0.0000	27.5000
23379.055	66	0	0.4736	0.0000	27.5000
23474.431	65	0	0.4758	0.0000	30.0000
23530.151	64	0	0.4770	0.0000	30.0000
23707.192	63	0	0.4810	0.0000	30.0000
23707.192	62	0	0.4810	0.0000	30.0000
23707.192	61	0	0.4810	0.0000	30.0000
23788.949	60	0	0.4827	0.0000	30.0000
23834.478	59	0	0.4837	0.0000	30.0000
23884.453	60	0	0.4847	0.0000	30.0000
23901.809	61	0	0.4851	0.0000	30.0000
23903.961	60	0	0.4851	0.0000	30.0000
23919.165	61	0	0.4854	0.0000	30.0000
23935.580	60	0	0.4858	0.0000	30.0000
23936.521	61	0	0.4858	0.0000	30.0000
23953.878	62	0	0.4862	0.0000	30.0000
23971.234	63	0	0.4866	0.0000	30.0000
23988.590	64	0	0.4869	0.0000	30.0000
24005.947	65	0	0.4873	0.0000	30.0000
24023.303	66	0	0.4877	0.0000	30.0000
24040.659	67	0	0.4881	0.0000	30.0000
24058.015	68	0	0.4885	0.0000	30.0000
24075.372	69	0	0.4889	0.0000	30.0000
24092.728	70	0	0.4894	0.0000	30.0000
24110.084	71	0	0.4898	0.0000	30.0000
24220.368	70	0	0.4925	0.0000	30.0000
24220.368	69	0	0.4925	0.0000	30.0000
24340.286	68	0	0.4954	0.0000	30.0000
24456.908	67	0	0.4982	0.0000	30.0000
24456.908	66	0	0.4982	0.0000	30.0000
24540.824	65	0	0.5001	0.0000	30.0000
24629.977	64	0	0.5022	0.0000	30.0000
24853.701	63	0	0.5072	0.0000	30.0000
24877.071	62	0	0.5077	0.0000	30.0000
24910.119	61	0	0.5084	0.0000	30.0000
25145.548	60	0	0.5134	0.0000	30.0000
25145.548	59	0	0.5134	0.0000	30.0000
25164.712	58	0	0.5138	0.0000	30.0000
25180.287	57	0	0.5141	0.0000	30.0000
25202.204	56	0	0.5146	0.0000	32.5000
25470.246	57	0	0.5198	0.0000	32.5000
25475.702	58	0	0.5199	0.0000	32.5000
25481.159	59	0	0.5200	0.0000	32.5000
25486.615	60	0	0.5201	0.0000	32.5000
25492.071	61	0	0.5202	0.0000	32.5000
25497.528	62	0	0.5204	0.0000	32.5000
25502.984	63	0	0.5205	0.0000	32.5000
25508.440	64	0	0.5206	0.0000	32.5000
25513.896	65	0	0.5207	0.0000	32.5000
25519.353	66	0	0.5208	0.0000	32.5000
25523.797	65	0	0.5210	0.0000	32.5000
25523.797	64	0	0.5210	0.0000	32.5000
25524.809	65	0	0.5210	0.0000	32.5000
25530.265	66	0	0.5211	0.0000	32.5000
25535.721	67	0	0.5212	0.0000	32.5000
25541.178	68	0	0.5214	0.0000	32.5000
25546.634	69	0	0.5215	0.0000	32.5000
25552.090	70	0	0.5216	0.0000	32.5000
25557.547	71	0	0.5217	0.0000	32.5000
25563.003	72	0	0.5219	0.0000	32.5000
25568.459	73	0	0.5220	0.0000	32.5000
25573.915	74	0	0.5222	0.0000	32.5000
25591.614	75	0	0.5226	0.0000	32.5000
25609.312	76	0	0.5231	0.0000	32.5000
25627.011	77	0	0.5236	0.0000	32.5000
25777.147	76	0	0.5276	0.0000	32.5000
25777.147	75	0	0.5276	0.0000	32.5000
25872.206	74	0	0.5301	0.0000	32.5000
26155.363	73	0	0.5374	0.0000	32.5000
26475.849	72	0	0.5456	0.0000	32.5000
26475.849	71	0	0.5456	0.0000	32.5000
26558.935	70	0	0.5476	0.0000	32.5000
26888.024	69	0	0.5557	0.0000	32.5000
26888.024	68	0	0.5557	0.0000	32.5000
26888.024	67	0	0.5557	0.0000	32.5000
26922.687	66	0	0.5565	0.0000	32.5000
26922.687	65	0	0.5565	0.0000	32.5000
27134.088	64	0	0.5613	0.0000	35.0000
27554.835	63	0	0.5707	0.0000	35.0000
27610.571	62	0	0.5720	0.0000	35.0000
27627.189	63	0	0.5723	0.0000	35.0000
27643.612	64	0	0.5727	0.0000	35.0000
27660.036	65	0	0.5730	0.0000	35.0000
27676.459	66	0	0.5734	0.0000	35.0000
27692.883	67	0	0.5738	0.0000	35.0000
27709.306	68	0	0.5742	0.0000	35.0000
27725.730	69	0	0.5746	0.0000	35.0000
27742.153	70	0	0.5750	0.0000	35.0000
27758.577	71	0	0.5754	0.0000	35.0000
27775.000	72	0	0.5758	0.0000	35.0000
27791.424	73	0	0.5762	0.0000	35.0000
27807.848	74	0	0.5766	0.0000	35.0000
27809.037	73	0	0.5766	0.0000	35.0000
27809.037	72	0	0.5766	0.0000	35.0000
27809.037	71	0	0.5766	0.0000	35.0000
27824.271	72	0	0.5770	0.0000	35.0000
27840.695	73	0	0.5774	0.0000	35.0000
27857.118	74	0	0.5778	0.0000	35.0000
27901.138	73	0	0.5790	0.0000	35.0000
27901.138	72	0	0.5790	0.0000	35.0000
27926.942	71	0	0.5796	0.0000	35.0000
28139.780	70	0	0.5849	0.0000	35.0000
28184.912	69	0	0.5860	0.0000	35.0000
28261.858	68	0	0.5879	0.0000	35.0000
28299.240	67	0	0.5888	0.0000	35.0000
28428.326	66	0	0.5918	0.0000	35.0000
28546.556	65	0	0.5945	0.0000	35.0000
28850.341	64	0	0.6014	0.0000	37.5000
28953.978	63	0	0.6037	0.0000	37.5000
29053.724	62	0	0.6059	0.0000	37.5000
29103.495	61	0	0.6070	0.0000	37.5000
29147.833	62	0	0.6080	0.0000	37.5000
29164.225	63	0	0.6083	0.0000	37.5000
29165.756	62	0	0.6083	0.0000	37.5000
29165.756	61	0	0.6083	0.0000	37.5000
29180.618	62	0	0.6087	0.0000	37.5000
29197.010	63	0	0.6090	0.0000	37.5000
29199.123	62	0	0.6091	0.0000	37.5000
29213.402	63	0	0.6094	0.0000	37.5000
29229.794	64	0	0.6097	0.0000	37.5000
29246.186	65	0	0.6101	0.0000	37.5000
29262.578	66	0	0.6105	0.0000	37.5000
29278.970	67	0	0.6109	0.0000	37.5000
29295.362	68	0	0.6112	0.0000	37.5000
29311.754	69	0	0.6116	0.0000	37.5000
29328.147	70	0	0.6120	0.0000	37.5000
29344.539	71	0	0.6124	0.0000	37.5000
29360.931	72	0	0.6128	0.0000	37.5000
29377.323	73	0	0.6132	0.0000	37.5000
29417.063	72	0	0.6143	0.0000	37.5000
29417.063	71	0	0.6143	0.0000	37.5000
29442.020	70	0	0.6149	0.0000	37.5000
29592.047	69	0	0.6185	0.0000	37.5000
29710.129	68	0	0.6214	0.0000	37.5000
29735.857	67	0	0.6220	0.0000	37.5000
29982.112	66	0	0.6278	0.0000	37.5000
29982.112	65	0	0.6278	0.0000	37.5000
29982.112	64	0	0.6278	0.0000	37.5000
30064.842	63	0	0.6296	0.0000	37.5000
30438.198	62	0	0.6378	0.0000	37.5000
30466.298	61	0	0.6385	0.0000	37.5000
30485.725	60	0	0.6389	0.0000	37.5000
30520.110	59	0	0.6396	0.0000	37.5000
30520.110	58	0	0.6396	0.0000	37.5000
30526.284	57	0	0.6397	0.0000	37.5000
30607.018	56	0	0.6413	0.0000	40.0000
30607.018	55	0	0.6413	0.0000	40.0000
30624.540	54	0	0.6417	0.0000	40.0000
30635.643	53	0	0.6419	0.0000	40.0000
30635.643	52	0	0.6419	0.0000	40.0000
30720.806	51	0	0.6434	0.0000	40.0000
30732.738	50	0	0.6436	0.0000	40.0000
30732.738	49	0	0.6436	0.0000	40.0000
30860.296	48	0	0.6458	0.0000	40.0000
30860.296	47	0	0.6458	0.0000	40.0000
30938.175	48	0	0.6471	0.0000	40.0000
30951.031	49	0	0.6473	0.0000	40.0000
30963.887	50	0	0.6475	0.0000	40.0000
31086.156	49	0	0.6497	0.0000	40.0000
31086.156	48	0	0.6497	0.0000	40.0000
31086.156	47	0	0.6497	0.0000	40.0000
31086.156	46	0	0.6497	0.0000	40.0000
31086.156	45	0	0.6497	0.0000	40.0000
31281.603	44	0	0.6527	0.0000	40.0000
31281.603	43	0	0.6527	0.0000	40.0000
31281.603	42	0	0.6527	0.0000	40.0000
31281.603	41	0	0.6527	0.0000	40.0000
31281.603	40	0	0.6527	0.0000	40.0000
31300.690	39	0	0.6530	0.0000	40.0000
31330.239	38	0	0.6534	0.0000	40.0000
31330.239	37	0	0.6534	0.0000	40.0000
31412.343	36	0	0.6545	0.0000	40.0000
31424.559	37	0	0.6546	0.0000	40.0000
31440.838	38	0	0.6548	0.0000	40.0000
31457.117	39	0	0.6551	0.0000	40.0000
31459.575	38	0	0.6551	0.0000	40.0000
31459.575	37	0	0.6551	0.0000	40.0000
31473.395	38	0	0.6553	0.0000	40.0000
31489.674	39	0	0.6555	0.0000	40.0000
31505.084	38	0	0.6557	0.0000	40.0000
31505.084	37	0	0.6557	0.0000	40.0000
31505.953	38	0	0.6557	0.0000	40.0000
31522.231	39	0	0.6559	0.0000	40.0000
31538.510	40	0	0.6561	0.0000	40.0000
31541.927	39	0	0.6562	0.0000	40.0000
31554.789	40	0	0.6564	0.0000	40.0000
31571.068	41	0	0.6566	0.0000	40.0000
31583.786	40	0	0.6568	0.0000	40.0000
31587.346	41	0	0.6568	0.0000	40.0000
31603.625	42	0	0.6571	0.0000	40.0000
31619.904	43	0	0.6573	0.0000	40.0000
31622.829	42	0	0.6573	0.0000	40.0000
31636.183	43	0	0.6575	0.0000	40.0000
31652.461	44	0	0.6578	0.0000	40.0000
31668.740	45	0	0.6580	0.0000	40.0000
31685.019	46	0	0.6583	0.0000	40.0000
31701.298	47	0	0.6586	0.0000	40.0000
31717.576	48	0	0.6588	0.0000	40.0000
31733.855	49	0	0.6591	0.0000	40.0000
31733.950	48	0	0.6591	0.0000	40.0000
31733.950	47	0	0.6591	0.0000	40.0000
31733.950	46	0	0.6591	0.0000	40.0000
31901.494	45	0	0.6618	0.0000	40.0000
31901.494	44	0	0.6618	0.0000	40.0000
31944.539	43	0	0.6624	0.0000	40.0000
31944.539	42	0	0.6624	0.0000	40.0000
31995.518	41	0	0.6632	0.0000	40.0000
32135.668	40	0	0.6652	0.0000	40.0000
32135.668	39	0	0.6652	0.0000	40.0000
32342.179	38	0	0.6680	0.0000	40.0000
32342.179	37	0	0.6680	0.0000	40.0000
32342.179	36	0	0.6680	0.0000	40.0000
32342.179	35	0	0.6680	0.0000	40.0000
32471.721	34	0	0.6696	0.0000	42.5000
32564.143	33	0	0.6707	0.0000	42.5000
32564.143	32	0	0.6707	0.0000	42.5000
32564.143	31	0	0.6707	0.0000	42.5000
32704.777	32	0	0.6722	0.0000	42.5000
32719.548	33	0	0.6724	0.0000	42.5000
32727.512	32	0	0.6725	0.0000	42.5000
32727.512	31	0	0.6725	0.0000	42.5000
32727.512	30	0	0.6725	0.0000	42.5000
32734.319	31	0	0.6726	0.0000	42.5000
32749.090	32	0	0.6727	0.0000	42.5000
32763.861	33	0	0.6729	0.0000	42.5000
32778.632	34	0	0.6731	0.0000	42.5000
32793.403	35	0	0.6732	0.0000	42.5000
32808.174	36	0	0.6734	0.0000	42.5000
32822.945	37	0	0.6736	0.0000	42.5000
32837.716	38	0	0.6738	0.0000	42.5000
32852.487	39	0	0.6740	0.0000	42.5000
32867.258	40	0	0.6742	0.0000	42.5000
32877.131	39	0	0.6743	0.0000	42.5000
32877.131	38	0	0.6743	0.0000	42.5000
32877.131	37	0	0.6743	0.0000	42.5000
32877.131	36	0	0.6743	0.0000	42.5000
32877.131	35	0	0.6743	0.0000	42.5000
32882.029	36	0	0.6744	0.0000	42.5000
32896.800	37	0	0.6746	0.0000	42.5000
32911.571	38	0	0.6748	0.0000	42.5000
32926.342	39	0	0.6750	0.0000	42.5000
32941.113	40	0	0.6752	0.0000	42.5000
32946.503	39	0	0.6752	0.0000	42.5000
32946.503	38	0	0.6752	0.0000	42.5000
32955.884	39	0	0.6754	0.0000	42.5000
32970.655	40	0	0.6756	0.0000	42.5000
32985.426	41	0	0.6758	0.0000	42.5000
32988.220	40	0	0.6758	0.0000	42.5000
33004.292	41	0	0.6760	0.0000	42.5000
33023.159	42	0	0.6763	0.0000	42.5000
33040.518	41	0	0.6766	0.0000	42.5000
33042.026	42	0	0.6766	0.0000	42.5000
33060.892	43	0	0.6769	0.0000	42.5000
33079.759	44	0	0.6771	0.0000	42.5000
33095.989	45	0	0.6774	0.0000	42.5000
33112.220	46	0	0.6776	0.0000	42.5000
33128.450	47	0	0.6779	0.0000	42.5000
33144.680	48	0	0.6782	0.0000	42.5000
33160.911	49	0	0.6784	0.0000	42.5000
33177.141	50	0	0.6787	0.0000	42.5000
33193.371	51	0	0.6790	0.0000	42.5000
33209.602	52	0	0.6793	0.0000	42.5000
33225.832	53	0	0.6796	0.0000	42.5000
33242.062	54	0	0.6799	0.0000	42.5000
33248.081	53	0	0.6800	0.0000	42.5000
33248.081	52	0	0.6800	0.0000	42.5000
33248.081	51	0	0.6800	0.0000	42.5000
33258.293	52	0	0.6802	0.0000	42.5000
33274.523	53	0	0.6805	0.0000	42.5000
33290.754	54	0	0.6808	0.0000	42.5000
33306.984	55	0	0.6811	0.0000	42.5000
33323.214	56	0	0.6814	0.0000	42.5000
33339.445	57	0	0.6817	0.0000	42.5000
33355.675	58	0	0.6820	0.0000	42.5000
33371.905	59	0	0.6824	0.0000	42.5000
33388.136	60	0	0.6827	0.0000	42.5000
33404.366	61	0	0.6830	0.0000	42.5000
33479.431	60	0	0.6846	0.0000	42.5000
33506.891	59	0	0.6852	0.0000	42.5000
33520.806	58	0	0.6855	0.0000	42.5000
33520.806	57	0	0.6855	0.0000	42.5000
33520.806	56	0	0.6855	0.0000	42.5000
33658.927	55	0	0.6882	0.0000	42.5000
33658.927	54	0	0.6882	0.0000	42.5000
33759.533	53	0	0.6901	0.0000	42.5000
33850.875	52	0	0.6918	0.0000	42.5000
33850.875	51	0	0.6918	0.0000	42.5000
33940.367	50	0	0.6934	0.0000	42.5000
33954.384	49	0	0.6936	0.0000	42.5000
33993.213	48	0	0.6943	0.0000	42.5000
33999.468	47	0	0.6944	0.0000	42.5000
34137.089	46	0	0.6967	0.0000	42.5000
34150.481	45	0	0.6969	0.0000	42.5000
34166.816	44	0	0.6971	0.0000	42.5000
34252.111	43	0	0.6985	0.0000	45.0000
34293.553	42	0	0.6991	0.0000	45.0000
34370.178	41	0	0.7002	0.0000	45.0000
34383.187	40	0	0.7004	0.0000	45.0000
34473.505	39	0	0.7017	0.0000	45.0000
34490.670	38	0	0.7019	0.0000	45.0000
34640.849	37	0	0.7039	0.0000	45.0000
34667.513	36	0	0.7042	0.0000	45.0000
34715.550	35	0	0.7048	0.0000	45.0000
34839.691	34	0	0.7063	0.0000	45.0000
35035.781	33	0	0.7087	0.0000	45.0000
35076.874	32	0	0.7092	0.0000	45.0000
35076.874	31	0	0.7092	0.0000	45.0000
35089.208	30	0	0.7093	0.0000	45.0000
35189.145	29	0	0.7103	0.0000	45.0000
35320.863	28	0	0.7117	0.0000	45.0000
35329.055	29	0	0.7117	0.0000	45.0000
35339.980	30	0	0.7119	0.0000	45.0000
35350.905	31	0	0.7120	0.0000	45.0000
35361.829	32	0	0.7121	0.0000	45.0000
35372.754	33	0	0.7122	0.0000	45.0000
35383.679	34	0	0.7123	0.0000	45.0000
35394.603	35	0	0.7125	0.0000	45.0000
35405.528	36	0	0.7126	0.0000	45.0000
35416.453	37	0	0.7127	0.0000	45.0000
35427.377	38	0	0.7129	0.0000	45.0000
35438.302	39	0	0.7130	0.0000	45.0000
35449.226	40	0	0.7132	0.0000	45.0000
35460.151	41	0	0.7133	0.0000	45.0000
35471.076	42	0	0.7135	0.0000	45.0000
35482.000	43	0	0.7136	0.0000	45.0000
35492.925	44	0	0.7138	0.0000	45.0000
35503.683	45	0	0.7140	0.0000	45.0000
35514.441	46	0	0.7141	0.0000	45.0000
35525.199	47	0	0.7143	0.0000	45.0000
35535.957	48	0	0.7145	0.0000	45.0000
35546.715	49	0	0.7147	0.0000	45.0000
35557.473	50	0	0.7149	0.0000	45.0000
35568.231	51	0	0.7150	0.0000	45.0000
35578.990	52	0	0.7152	0.0000	45.0000
35589.748	53	0	0.7154	0.0000	45.0000
35600.506	54	0	0.7156	0.0000	45.0000
35611.264	55	0	0.7158	0.0000	45.0000
35622.022	56	0	0.7160	0.0000	45.0000
35632.780	57	0	0.7163	0.0000	45.0000
35643.538	58	0	0.7165	0.0000	45.0000
35654.296	59	0	0.7167	0.0000	45.0000
35665.054	60	0	0.7169	0.0000	45.0000
35675.812	61	0	0.7171	0.0000	45.0000
35686.570	62	0	0.7174	0.0000	45.0000
35697.328	63	0	0.7176	0.0000	45.0000
35708.086	64	0	0.7178	0.0000	45.0000
35736.015	63	0	0.7185	0.0000	45.0000
35736.015	62	0	0.7185	0.0000	45.0000
35736.015	61	0	0.7185	0.0000	45.0000
35736.015	60	0	0.7185	0.0000	45.0000
35736.015	59	0	0.7185	0.0000	45.0000
35738.924	58	0	0.7185	0.0000	45.0000
35738.924	57	0	0.7185	0.0000	45.0000
35738.924	56	0	0.7185	0.0000	45.0000
35751.745	55	0	0.7188	0.0000	45.0000
35902.462	54	0	0.7217	0.0000	45.0000
35949.463	53	0	0.7226	0.0000	45.0000
35980.960	52	0	0.7231	0.0000	45.0000
36172.995	51	0	0.7266	0.0000	47.5000
36172.995	50	0	0.7266	0.0000	47.5000
36226.718	49	0	0.7276	0.0000	47.5000
36265.250	48	0	0.7282	0.0000	47.5000
36265.250	47	0	0.7282	0.0000	47.5000
36355.561	46	0	0.7297	0.0000	47.5000
36461.050	47	0	0.7314	0.0000	47.5000
36480.992	48	0	0.7317	0.0000	47.5000
36481.154	47	0	0.7317	0.0000	47.5000
36500.933	48	0	0.7321	0.0000	47.5000
36520.874	49	0	0.7324	0.0000	47.5000
36540.815	50	0	0.7327	0.0000	47.5000
36557.193	49	0	0.7330	0.0000	47.5000
36560.756	50	0	0.7331	0.0000	47.5000
36580.697	51	0	0.7334	0.0000	47.5000
36600.638	52	0	0.7338	0.0000	47.5000
36611.909	53	0	0.7340	0.0000	47.5000
36623.179	54	0	0.7342	0.0000	47.5000
36634.450	55	0	0.7344	0.0000	47.5000
36645.720	56	0	0.7346	0.0000	47.5000
36656.990	57	0	0.7349	0.0000	47.5000
36668.261	58	0	0.7351	0.0000	47.5000
36679.531	59	0	0.7353	0.0000	47.5000
36690.802	60	0	0.7355	0.0000	47.5000
36702.072	61	0	0.7358	0.0000	47.5000
36702.622	60	0	0.7358	0.0000	47.5000
36702.622	59	0	0.7358	0.0000	47.5000
36702.622	58	0	0.7358	0.0000	47.5000
36713.343	59	0	0.7360	0.0000	47.5000
36724.613	60	0	0.7362	0.0000	47.5000
36734.750	59	0	0.7364	0.0000	47.5000
36735.883	60	0	0.7365	0.0000	47.5000
36747.154	61	0	0.7367	0.0000	47.5000
36758.424	62	0	0.7369	0.0000	47.5000
36769.695	63	0	0.7372	0.0000	47.5000
36780.965	64	0	0.7374	0.0000	47.5000
36792.236	65	0	0.7377	0.0000	47.5000
36803.506	66	0	0.7380	0.0000	47.5000
36814.776	67	0	0.7382	0.0000	47.5000
36817.501	66	0	0.7383	0.0000	47.5000
36826.047	67	0	0.7385	0.0000	47.5000
36828.379	66	0	0.7385	0.0000	47.5000
36833.696	65	0	0.7386	0.0000	47.5000
36871.311	64	0	0.7395	0.0000	47.5000
36871.311	63	0	0.7395	0.0000	47.5000
36934.461	62	0	0.7409	0.0000	47.5000
36934.461	61	0	0.7409	0.0000	47.5000
36947.589	60	0	0.7412	0.0000	47.5000
36958.318	59	0	0.7414	0.0000	47.5000
36975.936	58	0	0.7418	0.0000	47.5000
37022.367	57	0	0.7427	0.0000	47.5000
37076.038	56	0	0.7438	0.0000	47.5000
37266.959	55	0	0.7475	0.0000	47.5000
37266.959	54	0	0.7475	0.0000	47.5000
37266.959	53	0	0.7475	0.0000	47.5000
37295.306	52	0	0.7480	0.0000	47.5000
37329.369	51	0	0.7487	0.0000	47.5000
37348.711	50	0	0.7490	0.0000	47.5000
37348.711	49	0	0.7490	0.0000	47.5000
37348.711	48	0	0.7490	0.0000	47.5000
37491.722	47	0	0.7514	0.0000	47.5000
37491.722	46	0	0.7514	0.0000	47.5000
37542.947	45	0	0.7522	0.0000	47.5000
37542.947	44	0	0.7522	0.0000	47.5000
37549.714	43	0	0.7523	0.0000	47.5000
37605.295	42	0	0.7532	0.0000	47.5000
37605.295	41	0	0.7532	0.0000	47.5000
37605.295	40	0	0.7532	0.0000	47.5000
37696.486	39	0	0.7544	0.0000	47.5000
37696.486	38	0	0.7544	0.0000	47.5000
37696.486	37	0	0.7544	0.0000	47.5000
37771.242	36	0	0.7554	0.0000	47.5000
37771.242	35	0	0.7554	0.0000	47.5000
37803.399	34	0	0.7558	0.0000	50.0000
37816.072	33	0	0.7559	0.0000	50.0000
37836.646	32	0	0.7562	0.0000	50.0000
37836.646	31	0	0.7562	0.0000	50.0000
37864.590	30	0	0.7565	0.0000	50.0000
37905.477	29	0	0.7569	0.0000	50.0000
37952.650	28	0	0.7574	0.0000	50.0000
37952.650	27	0	0.7574	0.0000	50.0000
37952.650	26	0	0.7574	0.0000	50.0000
38183.901	25	0	0.7595	0.0000	50.0000
38183.901	24	0	0.7595	0.0000	50.0000
38183.901	23	0	0.7595	0.0000	50.0000
38183.901	22	0	0.7595	0.0000	50.0000
38183.901	21	0	0.7595	0.0000	50.0000
38183.901	20	0	0.7595	0.0000	50.0000
38238.610	19	0	0.7599	0.0000	50.0000
38287.250	18	0	0.7602	0.0000	50.0000
38400.611	17	0	0.7609	0.0000	50.0000
38478.370	16	0	0.7614	0.0000	50.0000
38548.665	15	0	0.7618	0.0000	50.0000
38548.665	14	0	0.7618	0.0000	50.0000
38576.626	13	0	0.7619	0.0000	50.0000
38594.004	12	0	0.7620	0.0000	50.0000
38652.903	11	0	0.7622	0.0000	50.0000
38689.145	10	0	0.7624	0.0000	50.0000
38728.476	11	0	0.7625	0.0000	50.0000
38737.630	12	0	0.7625	0.0000	50.0000
38746.784	13	0	0.7626	0.0000	50.0000
38755.939	14	0	0.7626	0.0000	50.0000
38765.093	15	0	0.7627	0.0000	50.0000
38774.248	16	0	0.7627	0.0000	50.0000
38783.402	17	0	0.7628	0.0000	50.0000
38792.557	18	0	0.7628	0.0000	50.0000
38801.711	19	0	0.7629	0.0000	50.0000
38810.866	20	0	0.7629	0.0000	50.0000
38820.020	21	0	0.7630	0.0000	50.0000
38824.040	20	0	0.7630	0.0000	50.0000
38829.175	21	0	0.7631	0.0000	50.0000
38838.329	22	0	0.7631	0.0000	50.0000
38847.484	23	0	0.7632	0.0000	50.0000
38856.638	24	0	0.7633	0.0000	50.0000
38865.793	25	0	0.7634	0.0000	50.0000
38872.892	24	0	0.7634	0.0000	50.0000
38874.947	25	0	0.7634	0.0000	50.0000
38884.102	26	0	0.7635	0.0000	50.0000
38893.256	27	0	0.7636	0.0000	50.0000
38902.410	28	0	0.7637	0.0000	50.0000
38934.880	27	0	0.7640	0.0000	50.0000
38934.880	26	0	0.7640	0.0000	50.0000
38990.453	25	0	0.7645	0.0000	50.0000
38990.453	24	0	0.7645	0.0000	50.0000
39006.712	25	0	0.7646	0.0000	50.0000
39022.970	26	0	0.7648	0.0000	50.0000
39039.229	27	0	0.7649	0.0000	50.0000
39055.487	28	0	0.7651	0.0000	50.0000
39069.955	27	0	0.7652	0.0000	50.0000
39071.746	28	0	0.7652	0.0000	50.0000
39088.005	29	0	0.7654	0.0000	50.0000
39101.253	28	0	0.7655	0.0000	50.0000
39104.263	29	0	0.7656	0.0000	50.0000
39120.522	30	0	0.7657	0.0000	50.0000
39136.780	31	0	0.7659	0.0000	50.0000
39153.039	32	0	0.7661	0.0000	50.0000
39169.297	33	0	0.7663	0.0000	50.0000
39185.556	34	0	0.7665	0.0000	50.0000
39201.815	35	0	0.7666	0.0000	50.0000
39218.073	36	0	0.7668	0.0000	50.0000
39234.332	37	0	0.7670	0.0000	50.0000
39234.746	36	0	0.7671	0.0000	50.0000
39234.746	35	0	0.7671	0.0000	50.0000
39234.746	34	0	0.7671	0.0000	50.0000
39250.590	35	0	0.7672	0.0000	50.0000
39266.849	36	0	0.7674	0.0000	50.0000
39283.108	37	0	0.7676	0.0000	50.0000
39299.366	38	0	0.7679	0.0000	50.0000
39302.428	37	0	0.7679	0.0000	50.0000
39315.625	38	0	0.7681	0.0000	50.0000
39326.339	39	0	0.7682	0.0000	50.0000
39337.053	40	0	0.7684	0.0000	50.0000
39347.768	41	0	0.7685	0.0000	50.0000
39358.482	42	0	0.7687	0.0000	50.0000
39369.197	43	0	0.7688	0.0000	50.0000
39429.957	42	0	0.7697	0.0000	50.0000
39429.957	41	0	0.7697	0.0000	50.0000
39429.957	40	0	0.7697	0.0000	50.0000
39443.513	39	0	0.7699	0.0000	50.0000
39828.837	38	0	0.7752	0.0000	52.5000
39846.942	37	0	0.7754	0.0000	52.5000
39876.850	36	0	0.7758	0.0000	52.5000
39876.850	35	0	0.7758	0.0000	52.5000
39876.850	34	0	0.7758	0.0000	52.5000
39876.850	33	0	0.7758	0.0000	52.5000
39876.850	32	0	0.7758	0.0000	52.5000
39929.293	31	0	0.7764	0.0000	52.5000
39957.560	30	0	0.7767	0.0000	52.5000
40044.913	29	0	0.7776	0.0000	52.5000
40244.416	28	0	0.7796	0.0000	52.5000
40244.416	27	0	0.7796	0.0000	52.5000
40244.416	26	0	0.7796	0.0000	52.5000
40244.416	25	0	0.7796	0.0000	52.5000
40276.232	24	0	0.7799	0.0000	52.5000
40366.335	23	0	0.7807	0.0000	52.5000
40366.335	22	0	0.7807	0.0000	52.5000
40372.999	23	0	0.7807	0.0000	52.5000
40379.232	24	0	0.7808	0.0000	52.5000
40385.465	25	0	0.7808	0.0000	52.5000
40391.698	26	0	0.7809	0.0000	52.5000
40397.931	27	0	0.7809	0.0000	52.5000
40404.164	28	0	0.7810	0.0000	52.5000
40410.397	29	0	0.7810	0.0000	52.5000
40416.630	30	0	0.7811	0.0000	52.5000
40422.862	31	0	0.7812	0.0000	52.5000
40429.095	32	0	0.7812	0.0000	52.5000
40435.328	33	0	0.7813	0.0000	52.5000
40441.561	34	0	0.7814	0.0000	52.5000
40447.794	35	0	0.7815	0.0000	52.5000
40454.027	36	0	0.7815	0.0000	52.5000
40460.260	37	0	0.7816	0.0000	52.5000
40466.493	38	0	0.7817	0.0000	52.5000
40472.726	39	0	0.7818	0.0000	52.5000
40478.958	40	0	0.7819	0.0000	52.5000
40480.657	39	0	0.7819	0.0000	52.5000
40485.191	40	0	0.7819	0.0000	52.5000
40491.424	41	0	0.7820	0.0000	52.5000
40501.139	40	0	0.7822	0.0000	52.5000
40510.187	39	0	0.7823	0.0000	52.5000
40513.104	40	0	0.7823	0.0000	52.5000
40528.868	41	0	0.7826	0.0000	52.5000
40544.632	42	0	0.7828	0.0000	52.5000
40560.395	43	0	0.7830	0.0000	52.5000
40576.159	44	0	0.7833	0.0000	52.5000
40591.923	45	0	0.7835	0.0000	52.5000
40607.687	46	0	0.7837	0.0000	52.5000
40623.451	47	0	0.7840	0.0000	52.5000
40639.214	48	0	0.7843	0.0000	52.5000
40654.978	49	0	0.7845	0.0000	52.5000
40670.742	50	0	0.7848	0.0000	52.5000
40683.099	49	0	0.7850	0.0000	52.5000
40683.099	48	0	0.7850	0.0000	52.5000
40686.506	49	0	0.7851	0.0000	52.5000
40702.270	50	0	0.7853	0.0000	52.5000
40718.033	51	0	0.7856	0.0000	52.5000
40733.797	52	0	0.7859	0.0000	52.5000
40746.603	51	0	0.7861	0.0000	52.5000
40749.561	52	0	0.7862	0.0000	52.5000
40765.325	53	0	0.7865	0.0000	52.5000
40781.089	54	0	0.7868	0.0000	52.5000
40796.852	55	0	0.7871	0.0000	52.5000
40812.616	56	0	0.7874	0.0000	52.5000
40828.380	57	0	0.7877	0.0000	52.5000
40867.776	56	0	0.7885	0.0000	52.5000
40956.651	55	0	0.7902	0.0000	52.5000
41006.595	54	0	0.7912	0.0000	52.5000
41130.155	53	0	0.7935	0.0000	52.5000
41130.155	52	0	0.7935	0.0000	52.5000
41130.155	51	0	0.7935	0.0000	52.5000
41130.155	50	0	0.7935	0.0000	52.5000
41215.602	49	0	0.7950	0.0000	52.5000
41324.461	48	0	0.7968	0.0000	52.5000
41324.461	47	0	0.7968	0.0000	52.5000
41360.356	46	0	0.7974	0.0000	52.5000
41360.356	45	0	0.7974	0.0000	52.5000
41379.707	44	0	0.7977	0.0000	52.5000
41390.129	43	0	0.7979	0.0000	52.5000
41390.129	42	0	0.7979	0.0000	52.5000
41390.129	41	0	0.7979	0.0000	52.5000
41390.129	40	0	0.7979	0.0000	52.5000
41418.989	39	0	0.7983	0.0000	55.0000
41677.250	38	0	0.8018	0.0000	55.0000
41677.250	37	0	0.8018	0.0000	55.0000
41706.971	38	0	0.8022	0.0000	55.0000
41722.713	37	0	0.8024	0.0000	55.0000
41724.238	38	0	0.8024	0.0000	55.0000
41736.209	37	0	0.8026	0.0000	55.0000
41741.505	38	0	0.8027	0.0000	55.0000
41758.771	39	0	0.8029	0.0000	55.0000
41776.038	40	0	0.8031	0.0000	55.0000
41793.305	41	0	0.8034	0.0000	55.0000
41810.572	42	0	0.8036	0.0000	55.0000
41827.385	41	0	0.8039	0.0000	55.0000
41827.385	40	0	0.8039	0.0000	55.0000
41827.839	41	0	0.8039	0.0000	55.0000
41845.105	42	0	0.8041	0.0000	55.0000
41862.372	43	0	0.8044	0.0000	55.0000
41879.639	44	0	0.8046	0.0000	55.0000
41889.974	43	0	0.8048	0.0000	55.0000
41889.974	42	0	0.8048	0.0000	55.0000
41889.974	41	0	0.8048	0.0000	55.0000
41896.906	42	0	0.8049	0.0000	55.0000
41914.172	43	0	0.8051	0.0000	55.0000
41931.439	44	0	0.8054	0.0000	55.0000
41948.706	45	0	0.8057	0.0000	55.0000
41951.830	44	0	0.8057	0.0000	55.0000
41965.973	45	0	0.8059	0.0000	55.0000
41983.240	46	0	0.8062	0.0000	55.0000
42000.506	47	0	0.8065	0.0000	55.0000
42017.773	48	0	0.8068	0.0000	55.0000
42023.770	47	0	0.8069	0.0000	55.0000
42023.770	46	0	0.8069	0.0000	55.0000
42035.040	47	0	0.8070	0.0000	55.0000
42124.440	46	0	0.8085	0.0000	55.0000
42356.316	45	0	0.8122	0.0000	55.0000
42771.053	44	0	0.8188	0.0000	55.0000
42772.196	45	0	0.8188	0.0000	55.0000
42783.879	46	0	0.8190	0.0000	55.0000
42795.562	47	0	0.8192	0.0000	55.0000
42807.245	48	0	0.8193	0.0000	55.0000
42818.928	49	0	0.8195	0.0000	55.0000
42830.611	50	0	0.8197	0.0000	55.0000
42831.898	49	0	0.8198	0.0000	55.0000
42842.294	50	0	0.8199	0.0000	55.0000
42853.977	51	0	0.8201	0.0000	55.0000
42865.661	52	0	0.8204	0.0000	55.0000
42875.919	51	0	0.8205	0.0000	55.0000
42877.344	52	0	0.8206	0.0000	55.0000
42889.027	53	0	0.8208	0.0000	55.0000
42900.710	54	0	0.8210	0.0000	55.0000
42912.393	55	0	0.8212	0.0000	55.0000
42923.703	54	0	0.8214	0.0000	55.0000
42923.703	53	0	0.8214	0.0000	55.0000
42924.076	54	0	0.8214	0.0000	55.0000
42935.759	55	0	0.8217	0.0000	55.0000
42947.442	56	0	0.8219	0.0000	55.0000
42959.125	57	0	0.8221	0.0000	55.0000
42970.808	58	0	0.8223	0.0000	55.0000
42982.491	59	0	0.8226	0.0000	55.0000
42989.058	58	0	0.8227	0.0000	55.0000
42989.058	57	0	0.8227	0.0000	55.0000
42994.174	58	0	0.8228	0.0000	55.0000
43006.393	57	0	0.8231	0.0000	55.0000
43129.128	56	0	0.8255	0.0000	55.0000
43129.128	55	0	0.8255	0.0000	55.0000
43267.283	54	0	0.8282	0.0000	55.0000
43267.283	53	0	0.8282	0.0000	55.0000
43317.022	52	0	0.8291	0.0000	55.0000
43357.838	51	0	0.8298	0.0000	55.0000
43392.612	50	0	0.8305	0.0000	55.0000
43392.612	49	0	0.8305	0.0000	55.0000
43392.612	48	0	0.8305	0.0000	55.0000
