# s=55 S=60 h=0.0068 p=4.0000 c=2.5000
# time_s	level	cum_oos	holding_eur	shortage_eur	order_eur
0.000	60	0	0.0000	0.0000	0.0000
718.183	59	0	0.0068	0.0000	0.0000
718.183	58	0	0.0068	0.0000	0.0000
718.183	57	0	0.0068	0.0000	0.0000
970.789	56	0	0.0090	0.0000	0.0000
970.789	55	0	0.0090	0.0000	0.0000
970.789	54	0	0.0090	0.0000	0.0000
970.789	53	0	0.0090	0.0000	0.0000
970.789	52	0	0.0090	0.0000	0.0000
1102.753	51	0	0.0101	0.0000	0.0000
1517.097	50	0	0.0135	0.0000	0.0000
1735.349	49	0	0.0152	0.0000	0.0000
1801.409	48	0	0.0157	0.0000	2.5000
1801.409	47	0	0.0157	0.0000	2.5000
1895.430	46	0	0.0164	0.0000	2.5000
1966.118	47	0	0.0169	0.0000	2.5000
1977.186	48	0	0.0170	0.0000	2.5000
1988.254	49	0	0.0171	0.0000	2.5000
1999.322	50	0	0.0171	0.0000	2.5000
2010.389	51	0	0.0172	0.0000	2.5000
2021.457	52	0	0.0173	0.0000	2.5000
2032.525	53	0	0.0174	0.0000	2.5000
2043.593	54	0	0.0175	0.0000	2.5000
2054.661	55	0	0.0176	0.0000	2.5000
2065.728	56	0	0.0177	0.0000	2.5000
2076.796	57	0	0.0178	0.0000	2.5000
2307.645	56	0	0.0199	0.0000	2.5000
2554.444	55	0	0.0220	0.0000	2.5000
3048.279	54	0	0.0263	0.0000	2.5000
3159.041	53	0	0.0273	0.0000	2.5000
3159.041	52	0	0.0273	0.0000	2.5000
3236.296	51	0	0.0279	0.0000	2.5000
3496.832	50	0	0.0300	0.0000	2.5000
4244.528	51	0	0.0359	0.0000	5.0000
4264.360	52	0	0.0360	0.0000	5.0000
4284.191	53	0	0.0362	0.0000	5.0000
4294.609	52	0	0.0363	0.0000	5.0000
4294.609	51	0	0.0363	0.0000	5.0000
4304.022	52	0	0.0363	0.0000	5.0000
4323.854	53	0	0.0365	0.0000	5.0000
4343.685	54	0	0.0367	0.0000	5.0000
4363.517	55	0	0.0368	0.0000	5.0000
4383.348	56	0	0.0370	0.0000	5.0000
4403.180	57	0	0.0372	0.0000	5.0000
4423.011	58	0	0.0374	0.0000	5.0000
4438.662	57	0	0.0375	0.0000	5.0000
4637.095	56	0	0.0393	0.0000	5.0000
4637.095	55	0	0.0393	0.0000	5.0000
4637.095	54	0	0.0393	0.0000	5.0000
4655.238	53	0	0.0394	0.0000	5.0000
4757.092	52	0	0.0403	0.0000	5.0000
4760.386	51	0	0.0403	0.0000	5.0000
4760.386	50	0	0.0403	0.0000	5.0000
4910.514	49	0	0.0415	0.0000	5.0000
4910.514	48	0	0.0415	0.0000	5.0000
5286.605	47	0	0.0443	0.0000	5.0000
5389.231	46	0	0.0451	0.0000	5.0000
5558.014	45	0	0.0463	0.0000	7.5000
5650.211	44	0	0.0470	0.0000	7.5000
5680.725	43	0	0.0472	0.0000	7.5000
6052.317	42	0	0.0497	0.0000	7.5000
6128.839	41	0	0.0502	0.0000	7.5000
6214.627	40	0	0.0508	0.0000	7.5000
6214.627	39	0	0.0508	0.0000	7.5000
6277.328	38	0	0.0511	0.0000	7.5000
6277.328	37	0	0.0511	0.0000	7.5000
6372.743	36	0	0.0517	0.0000	7.5000
6446.650	35	0	0.0521	0.0000	7.5000
6469.255	34	0	0.0522	0.0000	7.5000
6509.254	35	0	0.0525	0.0000	7.5000
6519.705	36	0	0.0525	0.0000	7.5000
6530.155	37	0	0.0526	0.0000	7.5000
6540.605	38	0	0.0526	0.0000	7.5000
6551.055	39	0	0.0527	0.0000	7.5000
6561.506	40	0	0.0528	0.0000	7.5000
6571.956	41	0	0.0528	0.0000	7.5000
6582.406	42	0	0.0529	0.0000	7.5000
6592.857	43	0	0.0530	0.0000	7.5000
6603.307	44	0	0.0530	0.0000	7.5000
6613.757	45	0	0.0531	0.0000	7.5000
6624.207	46	0	0.0532	0.0000	7.5000
6634.658	47	0	0.0533	0.0000	7.5000
6645.108	48	0	0.0533	0.0000	7.5000
6785.943	47	0	0.0544	0.0000	7.5000
6817.806	46	0	0.0546	0.0000	7.5000
6817.806	45	0	0.0546	0.0000	7.5000
6909.064	44	0	0.0553	0.0000	7.5000
6909.064	43	0	0.0553	0.0000	7.5000
7340.171	42	0	0.0582	0.0000	10.0000
7374.362	41	0	0.0584	0.0000	10.0000
7404.363	40	0	0.0586	0.0000	10.0000
7449.476	39	0	0.0589	0.0000	10.0000
7628.249	38	0	0.0600	0.0000	10.0000
7659.625	37	0	0.0602	0.0000	10.0000
7788.832	36	0	0.0609	0.0000	10.0000
7788.832	35	0	0.0609	0.0000	10.0000
7788.832	34	0	0.0609	0.0000	10.0000
7818.541	33	0	0.0611	0.0000	10.0000
7835.297	32	0	0.0612	0.0000	10.0000
7966.130	31	0	0.0618	0.0000	10.0000
8107.961	32	0	0.0625	0.0000	10.0000
8117.038	33	0	0.0626	0.0000	10.0000
8126.115	34	0	0.0626	0.0000	10.0000
8135.192	35	0	0.0627	0.0000	10.0000
8144.269	36	0	0.0627	0.0000	10.0000
8153.346	37	0	0.0628	0.0000	10.0000
8162.423	38	0	0.0628	0.0000	10.0000
8171.500	39	0	0.0629	0.0000	10.0000
8172.899	38	0	0.0629	0.0000	10.0000
8172.899	37	0	0.0629	0.0000	10.0000
8180.577	38	0	0.0629	0.0000	10.0000
8189.654	39	0	0.0630	0.0000	10.0000
8198.731	40	0	0.0631	0.0000	10.0000
8207.159	39	0	0.0631	0.0000	10.0000
8207.808	40	0	0.0631	0.0000	10.0000
8216.885	41	0	0.0632	0.0000	10.0000
8225.962	42	0	0.0632	0.0000	10.0000
8235.039	43	0	0.0633	0.0000	10.0000
8238.525	42	0	0.0633	0.0000	10.0000
8244.116	43	0	0.0633	0.0000	10.0000
8253.193	44	0	0.0634	0.0000	10.0000
8285.116	43	0	0.0636	0.0000	10.0000
8514.231	42	0	0.0652	0.0000	10.0000
8545.600	41	0	0.0654	0.0000	10.0000
8596.964	40	0	0.0657	0.0000	10.0000
8596.964	39	0	0.0657	0.0000	10.0000
8690.820	38	0	0.0663	0.0000	10.0000
8817.304	37	0	0.0671	0.0000	10.0000
8817.304	36	0	0.0671	0.0000	10.0000
9104.094	35	0	0.0687	0.0000	12.5000
9122.627	34	0	0.0688	0.0000	12.5000
9306.838	33	0	0.0698	0.0000	12.5000
9421.522	32	0	0.0704	0.0000	12.5000
9467.475	31	0	0.0706	0.0000	12.5000
9532.223	30	0	0.0709	0.0000	12.5000
9732.819	29	0	0.0719	0.0000	12.5000
10011.717	28	0	0.0731	0.0000	12.5000
10568.128	29	0	0.0756	0.0000	12.5000
10587.185	30	0	0.0757	0.0000	12.5000
10603.660	29	0	0.0757	0.0000	12.5000
10606.241	30	0	0.0758	0.0000	12.5000
10625.298	31	0	0.0758	0.0000	12.5000
10644.354	32	0	0.0759	0.0000	12.5000
10663.411	33	0	0.0760	0.0000	12.5000
10682.467	34	0	0.0761	0.0000	12.5000
10701.524	35	0	0.0762	0.0000	12.5000
10720.580	36	0	0.0763	0.0000	12.5000
10739.637	37	0	0.0764	0.0000	12.5000
10758.693	38	0	0.0766	0.0000	12.5000
10777.750	39	0	0.0767	0.0000	12.5000
10796.806	40	0	0.0768	0.0000	12.5000
10815.863	41	0	0.0769	0.0000	12.5000
10834.919	42	0	0.0770	0.0000	12.5000
10853.976	43	0	0.0772	0.0000	12.5000
10873.032	44	0	0.0773	0.0000	12.5000
10892.089	45	0	0.0774	0.0000	12.5000
10911.145	46	0	0.0776	0.0000	12.5000
10930.202	47	0	0.0777	0.0000	12.5000
10958.495	46	0	0.0779	0.0000	12.5000
10967.534	45	0	0.0780	0.0000	12.5000
11051.195	44	0	0.0786	0.0000	12.5000
11073.524	43	0	0.0787	0.0000	12.5000
11073.524	42	0	0.0787	0.0000	12.5000
11080.886	41	0	0.0788	0.0000	12.5000
11104.356	42	0	0.0789	0.0000	12.5000
11121.496	43	0	0.0790	0.0000	12.5000
11138.636	44	0	0.0791	0.0000	12.5000
11155.777	45	0	0.0793	0.0000	12.5000
11170.898	44	0	0.0794	0.0000	12.5000
11429.397	43	0	0.0812	0.0000	12.5000
11520.933	42	0	0.0818	0.0000	12.5000
11533.036	41	0	0.0819	0.0000	12.5000
11629.443	40	0	0.0825	0.0000	12.5000
11629.443	39	0	0.0825	0.0000	12.5000
11629.443	38	0	0.0825	0.0000	12.5000
11629.443	37	0	0.0825	0.0000	12.5000
11807.045	36	0	0.0835	0.0000	12.5000
11827.828	35	0	0.0836	0.0000	12.5000
11930.548	34	0	0.0842	0.0000	12.5000
11930.548	33	0	0.0842	0.0000	12.5000
11959.730	32	0	0.0844	0.0000	12.5000
12163.497	31	0	0.0854	0.0000	12.5000
12163.497	30	0	0.0854	0.0000	12.5000
12163.497	29	0	0.0854	0.0000	12.5000
12163.497	28	0	0.0854	0.0000	12.5000
12163.497	27	0	0.0854	0.0000	12.5000
12163.497	26	0	0.0854	0.0000	12.5000
12163.497	25	0	0.0854	0.0000	12.5000
12260.099	24	0	0.0858	0.0000	12.5000
12273.902	23	0	0.0858	0.0000	12.5000
12569.767	22	0	0.0869	0.0000	12.5000
12569.767	21	0	0.0869	0.0000	12.5000
12569.767	20	0	0.0869	0.0000	12.5000
12639.527	19	0	0.0871	0.0000	15.0000
12829.953	18	0	0.0877	0.0000	15.0000
12829.953	17	0	0.0877	0.0000	15.0000
12829.953	16	0	0.0877	0.0000	15.0000
13084.171	15	0	0.0883	0.0000	15.0000
13084.171	14	0	0.0883	0.0000	15.0000
13099.090	13	0	0.0883	0.0000	15.0000
13187.183	12	0	0.0885	0.0000	15.0000
13268.937	11	0	0.0887	0.0000	15.0000
13385.276	10	0	0.0889	0.0000	15.0000
13385.276	9	0	0.0889	0.0000	15.0000
13426.168	8	0	0.0889	0.0000	15.0000
13468.909	7	0	0.0890	0.0000	15.0000
13496.892	6	0	0.0890	0.0000	15.0000
13509.635	5	0	0.0890	0.0000	15.0000
13584.933	4	0	0.0891	0.0000	15.0000
13584.933	3	0	0.0891	0.0000	15.0000
13725.354	2	0	0.0892	0.0000	15.0000
13725.354	1	0	0.0892	0.0000	15.0000
13843.869	0	0	0.0892	0.0000	15.0000
13893.924	1	0	0.0892	0.0000	15.0000
13910.189	2	0	0.0892	0.0000	15.0000
13926.455	3	0	0.0892	0.0000	15.0000
13942.720	4	0	0.0892	0.0000	15.0000
13958.986	5	0	0.0892	0.0000	15.0000
13975.252	6	0	0.0892	0.0000	15.0000
13991.517	7	0	0.0892	0.0000	15.0000
14007.783	8	0	0.0893	0.0000	15.0000
14024.049	9	0	0.0893	0.0000	15.0000
14040.314	10	0	0.0893	0.0000	15.0000
14056.580	11	0	0.0893	0.0000	15.0000
14072.846	12	0	0.0893	0.0000	15.0000
14089.111	13	0	0.0894	0.0000	15.0000
14092.702	12	0	0.0894	0.0000	15.0000
14092.702	11	0	0.0894	0.0000	15.0000
14092.702	10	0	0.0894	0.0000	15.0000
14105.377	11	0	0.0894	0.0000	15.0000
14121.643	12	0	0.0894	0.0000	15.0000
14137.908	13	0	0.0895	0.0000	15.0000
14150.701	12	0	0.0895	0.0000	15.0000
14150.701	11	0	0.0895	0.0000	15.0000
14154.174	12	0	0.0895	0.0000	15.0000
14170.439	13	0	0.0895	0.0000	15.0000
14186.705	14	0	0.0896	0.0000	15.0000
14202.971	15	0	0.0896	0.0000	15.0000
14222.108	16	0	0.0896	0.0000	15.0000
14230.945	17	0	0.0897	0.0000	15.0000
14239.782	18	0	0.0897	0.0000	15.0000
14248.619	19	0	0.0897	0.0000	15.0000
14257.456	20	0	0.0897	0.0000	15.0000
14266.293	21	0	0.0898	0.0000	15.0000
14275.130	22	0	0.0898	0.0000	15.0000
14283.967	23	0	0.0898	0.0000	15.0000
14292.804	24	0	0.0899	0.0000	15.0000
14301.641	25	0	0.0899	0.0000	15.0000
14310.478	26	0	0.0899	0.0000	15.0000
14319.315	27	0	0.0900	0.0000	15.0000
14328.152	28	0	0.0900	0.0000	15.0000
14336.989	29	0	0.0900	0.0000	15.0000
14345.826	30	0	0.0901	0.0000	15.0000
14354.663	31	0	0.0901	0.0000	15.0000
14363.500	32	0	0.0902	0.0000	15.0000
14372.337	33	0	0.0902	0.0000	15.0000
14381.173	34	0	0.0903	0.0000	15.0000
14390.010	35	0	0.0903	0.0000	15.0000
14523.369	34	0	0.0910	0.0000	17.5000
14523.369	33	0	0.0910	0.0000	17.5000
14523.369	32	0	0.0910	0.0000	17.5000
14628.648	31	0	0.0916	0.0000	17.5000
14702.619	30	0	0.0919	0.0000	17.5000
14821.922	29	0	0.0925	0.0000	17.5000
15123.388	28	0	0.0939	0.0000	17.5000
15188.546	27	0	0.0942	0.0000	17.5000
15234.506	26	0	0.0944	0.0000	17.5000
15255.154	25	0	0.0944	0.0000	17.5000
15375.021	24	0	0.0949	0.0000	17.5000
15413.047	23	0	0.0951	0.0000	17.5000
15543.731	22	0	0.0955	0.0000	17.5000
15592.016	21	0	0.0957	0.0000	17.5000
15592.016	20	0	0.0957	0.0000	17.5000
15678.206	19	0	0.0960	0.0000	17.5000
15678.206	18	0	0.0960	0.0000	17.5000
15678.206	17	0	0.0960	0.0000	17.5000
15678.206	16	0	0.0960	0.0000	17.5000
15678.206	15	0	0.0960	0.0000	17.5000
15678.206	14	0	0.0960	0.0000	17.5000
15678.206	13	0	0.0960	0.0000	17.5000
15941.809	12	0	0.0965	0.0000	17.5000
16012.046	11	0	0.0966	0.0000	17.5000
16012.046	10	0	0.0966	0.0000	17.5000
16024.454	9	0	0.0967	0.0000	17.5000
16367.748	8	0	0.0971	0.0000	17.5000
16377.553	9	0	0.0972	0.0000	17.5000
16387.358	10	0	0.0972	0.0000	17.5000
16397.162	11	0	0.0972	0.0000	17.5000
16406.556	10	0	0.0972	0.0000	17.5000
16406.556	9	0	0.0972	0.0000	17.5000
16406.556	8	0	0.0972	0.0000	17.5000
16406.556	7	0	0.0972	0.0000	17.5000
16406.556	6	0	0.0972	0.0000	17.5000
16406.967	7	0	0.0972	0.0000	17.5000
16416.771	8	0	0.0972	0.0000	17.5000
16422.751	7	0	0.0972	0.0000	17.5000
16433.476	8	0	0.0972	0.0000	17.5000
16450.181	9	0	0.0973	0.0000	17.5000
16466.886	10	0	0.0973	0.0000	17.5000
16483.591	11	0	0.0973	0.0000	17.5000
16500.295	12	0	0.0973	0.0000	17.5000
16517.000	13	0	0.0974	0.0000	17.5000
16533.705	14	0	0.0974	0.0000	17.5000
16550.410	15	0	0.0974	0.0000	17.5000
16567.115	16	0	0.0975	0.0000	17.5000
16583.819	17	0	0.0975	0.0000	17.5000
16600.524	18	0	0.0976	0.0000	17.5000
16617.229	19	0	0.0976	0.0000	17.5000
16633.934	20	0	0.0977	0.0000	17.5000
16650.639	21	0	0.0977	0.0000	17.5000
16659.326	20	0	0.0977	0.0000	17.5000
16659.326	19	0	0.0977	0.0000	17.5000
16667.343	20	0	0.0978	0.0000	17.5000
16684.048	21	0	0.0978	0.0000	17.5000
16700.753	22	0	0.0979	0.0000	17.5000
16703.511	21	0	0.0979	0.0000	17.5000
16717.458	22	0	0.0979	0.0000	17.5000
16734.163	23	0	0.0980	0.0000	17.5000
16750.867	24	0	0.0980	0.0000	17.5000
16847.384	23	0	0.0984	0.0000	17.5000
16910.415	22	0	0.0986	0.0000	17.5000
16964.937	21	0	0.0988	0.0000	17.5000
17046.374	20	0	0.0991	0.0000	17.5000
17179.853	19	0	0.0995	0.0000	17.5000
17329.554	18	0	0.1000	0.0000	17.5000
17329.554	17	0	0.1000	0.0000	17.5000
17329.554	16	0	0.1000	0.0000	17.5000
17329.554	15	0	0.1000	0.0000	17.5000
17340.397	14	0	0.1000	0.0000	17.5000
17342.493	13	0	0.1000	0.0000	17.5000
17428.362	12	0	0.1002	0.0000	17.5000
17446.388	11	0	0.1002	0.0000	17.5000
17488.208	10	0	0.1003	0.0000	17.5000
17511.189	9	0	0.1003	0.0000	17.5000
17570.560	8	0	0.1004	0.0000	17.5000
17696.777	7	0	0.1006	0.0000	17.5000
17824.848	6	0	0.1007	0.0000	17.5000
17932.535	5	0	0.1008	0.0000	17.5000
17932.535	4	0	0.1008	0.0000	17.5000
17932.535	3	0	0.1008	0.0000	17.5000
17932.535	2	0	0.1008	0.0000	17.5000
17935.664	1	0	0.1008	0.0000	17.5000
18027.852	0	0	0.1008	0.0000	20.0000
18208.362	0	1	0.1008	4.0000	20.0000
18208.362	0	2	0.1008	8.0000	20.0000
18234.608	0	3	0.1008	12.0000	20.0000
18419.136	0	4	0.1008	16.0000	20.0000
18433.128	0	5	0.1008	20.0000	20.0000
18754.678	0	6	0.1008	24.0000	20.0000
18754.678	0	7	0.1008	28.0000	20.0000
18754.678	0	8	0.1008	32.0000	20.0000
18754.678	0	9	0.1008	36.0000	20.0000
18754.678	0	10	0.1008	40.0000	20.0000
18765.927	0	11	0.1008	44.0000	20.0000
18913.262	0	12	0.1008	48.0000	20.0000
18913.262	0	13	0.1008	52.0000	20.0000
19164.621	0	14	0.1008	56.0000	20.0000
19200.997	0	15	0.1008	60.0000	20.0000
19291.222	0	16	0.1008	64.0000	20.0000
19413.905	0	17	0.1008	68.0000	20.0000
19450.457	0	18	0.1008	72.0000	20.0000
19450.457	0	19	0.1008	76.0000	20.0000
19474.304	0	20	0.1008	80.0000	20.0000
19474.304	0	21	0.1008	84.0000	20.0000
19627.002	0	22	0.1008	88.0000	20.0000
19731.092	0	23	0.1008	92.0000	20.0000
19731.092	0	24	0.1008	96.0000	20.0000
19898.897	1	24	0.1008	96.0000	20.0000
19906.345	2	24	0.1008	96.0000	20.0000
19913.793	3	24	0.1008	96.0000	20.0000
19921.240	4	24	0.1008	96.0000	20.0000
19928.688	5	24	0.1008	96.0000	20.0000
19936.136	6	24	0.1008	96.0000	20.0000
19943.584	7	24	0.1008	96.0000	20.0000
19951.032	8	24	0.1008	96.0000	20.0000
19952.907	7	24	0.1008	96.0000	20.0000
19952.907	6	24	0.1008	96.0000	20.0000
19952.907	5	24	0.1008	96.0000	20.0000
19958.480	6	24	0.1009	96.0000	20.0000
19965.928	7	24	0.1009	96.0000	20.0000
19973.376	8	24	0.1009	96.0000	20.0000
19980.823	9	24	0.1009	96.0000	20.0000
19988.271	10	24	0.1009	96.0000	20.0000
19995.719	11	24	0.1009	96.0000	20.0000
20003.167	12	24	0.1009	96.0000	20.0000
20006.518	11	24	0.1009	96.0000	20.0000
20006.518	10	24	0.1009	96.0000	20.0000
20006.518	9	24	0.1009	96.0000	20.0000
20010.615	10	24	0.1009	96.0000	20.0000
20018.063	11	24	0.1009	96.0000	20.0000
20025.511	12	24	0.1009	96.0000	20.0000
20032.959	13	24	0.1010	96.0000	20.0000
20040.406	14	24	0.1010	96.0000	20.0000
20051.020	15	24	0.1010	96.0000	20.0000
20061.633	16	24	0.1010	96.0000	20.0000
20072.246	17	24	0.1011	96.0000	20.0000
20082.860	18	24	0.1011	96.0000	20.0000
20093.473	19	24	0.1011	96.0000	20.0000
20104.086	20	24	0.1011	96.0000	20.0000
20114.700	21	24	0.1012	96.0000	20.0000
20125.313	22	24	0.1012	96.0000	20.0000
20135.926	23	24	0.1012	96.0000	20.0000
20146.540	24	24	0.1013	96.0000	20.0000
20157.153	25	24	0.1013	96.0000	20.0000
20167.766	26	24	0.1014	96.0000	20.0000
20178.380	27	24	0.1014	96.0000	20.0000
20188.993	28	24	0.1015	96.0000	20.0000
20199.606	29	24	0.1015	96.0000	20.0000
20210.220	30	24	0.1016	96.0000	20.0000
20220.833	31	24	0.1016	96.0000	20.0000
20231.446	32	24	0.1017	96.0000	20.0000
20237.533	31	24	0.1017	96.0000	20.0000
20242.059	32	24	0.1017	96.0000	20.0000
20252.673	33	24	0.1018	96.0000	20.0000
20272.246	34	24	0.1019	96.0000	20.0000
20291.819	35	24	0.1020	96.0000	20.0000
20311.392	36	24	0.1021	96.0000	20.0000
20330.966	37	24	0.1022	96.0000	20.0000
20350.539	38	24	0.1023	96.0000	20.0000
20370.112	39	24	0.1024	96.0000	20.0000
20389.685	40	24	0.1025	96.0000	20.0000
20409.258	41	24	0.1027	96.0000	20.0000
20428.832	42	24	0.1028	96.0000	20.0000
20448.405	43	24	0.1029	96.0000	20.0000
20467.978	44	24	0.1030	96.0000	20.0000
20487.551	45	24	0.1032	96.0000	20.0000
20507.124	46	24	0.1033	96.0000	20.0000
20513.680	45	24	0.1034	96.0000	20.0000
20526.697	46	24	0.1035	96.0000	20.0000
20546.271	47	24	0.1036	96.0000	20.0000
20565.844	48	24	0.1037	96.0000	20.0000
20585.417	49	24	0.1039	96.0000	20.0000
20604.315	48	24	0.1040	96.0000	20.0000
20604.990	49	24	0.1040	96.0000	20.0000
20624.563	50	24	0.1042	96.0000	20.0000
20631.293	49	24	0.1043	96.0000	20.0000
20684.916	48	24	0.1047	96.0000	20.0000
20953.888	47	24	0.1067	96.0000	20.0000
21159.344	46	24	0.1082	96.0000	20.0000
21159.344	45	24	0.1082	96.0000	20.0000
21355.786	44	24	0.1096	96.0000	20.0000
21355.786	43	24	0.1096	96.0000	20.0000
21427.353	42	24	0.1101	96.0000	20.0000
21427.353	41	24	0.1101	96.0000	20.0000
21427.353	40	24	0.1101	96.0000	20.0000
21497.240	39	24	0.1105	96.0000	20.0000
21497.240	38	24	0.1105	96.0000	20.0000
21956.515	37	24	0.1133	96.0000	22.5000
22051.723	36	24	0.1138	96.0000	22.5000
22051.723	35	24	0.1138	96.0000	22.5000
22097.507	34	24	0.1141	96.0000	22.5000
22097.507	33	24	0.1141	96.0000	22.5000
22097.507	32	24	0.1141	96.0000	22.5000
22135.874	31	24	0.1143	96.0000	22.5000
22135.874	30	24	0.1143	96.0000	22.5000
22176.527	29	24	0.1145	96.0000	22.5000
22239.222	28	24	0.1148	96.0000	22.5000
22262.367	27	24	0.1149	96.0000	22.5000
22598.520	28	24	0.1163	96.0000	22.5000
22614.342	29	24	0.1164	96.0000	22.5000
22626.390	30	24	0.1164	96.0000	22.5000
22638.438	31	24	0.1165	96.0000	22.5000
22650.487	32	24	0.1165	96.0000	22.5000
22662.535	33	24	0.1166	96.0000	22.5000
22674.583	34	24	0.1167	96.0000	22.5000
22686.632	35	24	0.1167	96.0000	22.5000
22698.680	36	24	0.1168	96.0000	22.5000
22710.729	37	24	0.1169	96.0000	22.5000
22722.777	38	24	0.1169	96.0000	22.5000
22734.825	39	24	0.1170	96.0000	22.5000
22746.874	40	24	0.1171	96.0000	22.5000
22758.922	41	24	0.1171	96.0000	22.5000
22770.970	42	24	0.1172	96.0000	22.5000
22783.019	43	24	0.1173	96.0000	22.5000
22795.067	44	24	0.1174	96.0000	22.5000
22807.115	45	24	0.1175	96.0000	22.5000
22819.164	46	24	0.1176	96.0000	22.5000
22831.212	47	24	0.1176	96.0000	22.5000
22843.261	48	24	0.1177	96.0000	22.5000
22855.309	49	24	0.1178	96.0000	22.5000
22867.030	48	24	0.1179	96.0000	22.5000
22965.654	47	24	0.1187	96.0000	22.5000
23064.936	46	24	0.1194	96.0000	22.5000
23379.055	45	24	0.1217	96.0000	22.5000
23379.055	44	24	0.1217	96.0000	22.5000
23474.431	43	24	0.1223	96.0000	25.0000
23535.212	42	24	0.1227	96.0000	25.0000
23704.761	43	24	0.1239	96.0000	25.0000
23707.192	42	24	0.1239	96.0000	25.0000
23707.192	41	24	0.1239	96.0000	25.0000
23707.192	40	24	0.1239	96.0000	25.0000
23715.584	41	24	0.1239	96.0000	25.0000
23726.406	42	24	0.1240	96.0000	25.0000
23737.228	43	24	0.1241	96.0000	25.0000
23748.051	44	24	0.1241	96.0000	25.0000
23758.873	45	24	0.1242	96.0000	25.0000
23769.695	46	24	0.1243	96.0000	25.0000
23780.518	47	24	0.1244	96.0000	25.0000
23788.949	46	24	0.1244	96.0000	25.0000
23788.949	45	24	0.1244	96.0000	25.0000
23788.949	44	24	0.1244	96.0000	25.0000
23791.340	45	24	0.1244	96.0000	25.0000
23802.162	46	24	0.1245	96.0000	25.0000
23812.985	47	24	0.1246	96.0000	25.0000
23823.807	48	24	0.1247	96.0000	25.0000
23834.629	49	24	0.1248	96.0000	25.0000
23845.452	50	24	0.1248	96.0000	25.0000
23856.274	51	24	0.1249	96.0000	25.0000
23867.096	52	24	0.1250	96.0000	25.0000
24220.368	51	24	0.1279	96.0000	25.0000
24220.368	50	24	0.1279	96.0000	25.0000
24220.368	49	24	0.1279	96.0000	25.0000
24456.908	48	24	0.1297	96.0000	25.0000
24540.824	47	24	0.1304	96.0000	25.0000
24540.824	46	24	0.1304	96.0000	25.0000
24540.824	45	24	0.1304	96.0000	25.0000
24629.977	44	24	0.1310	96.0000	25.0000
25164.712	43	24	0.1347	96.0000	25.0000
25202.204	42	24	0.1350	96.0000	27.5000
25523.797	41	24	0.1371	96.0000	27.5000
25523.797	40	24	0.1371	96.0000	27.5000
25586.338	39	24	0.1375	96.0000	27.5000
25953.215	38	24	0.1397	96.0000	27.5000
26081.390	37	24	0.1405	96.0000	27.5000
26081.390	36	24	0.1405	96.0000	27.5000
26117.570	35	24	0.1407	96.0000	27.5000
26394.300	36	24	0.1422	96.0000	27.5000
26407.178	37	24	0.1423	96.0000	27.5000
26420.056	38	24	0.1424	96.0000	27.5000
26432.935	39	24	0.1425	96.0000	27.5000
26445.813	40	24	0.1425	96.0000	27.5000
26458.692	41	24	0.1426	96.0000	27.5000
26471.570	42	24	0.1427	96.0000	27.5000
26475.849	41	24	0.1427	96.0000	27.5000
26484.448	42	24	0.1428	96.0000	27.5000
26497.327	43	24	0.1429	96.0000	27.5000
26510.205	44	24	0.1430	96.0000	27.5000
26523.083	45	24	0.1430	96.0000	27.5000
26535.962	46	24	0.1431	96.0000	27.5000
26548.840	47	24	0.1432	96.0000	27.5000
26561.718	48	24	0.1433	96.0000	27.5000
26574.597	49	24	0.1434	96.0000	27.5000
26587.475	50	24	0.1435	96.0000	27.5000
26600.353	51	24	0.1436	96.0000	27.5000
26922.687	50	24	0.1462	96.0000	27.5000
27328.499	49	24	0.1494	96.0000	30.0000
27369.241	48	24	0.1497	96.0000	30.0000
27504.532	47	24	0.1507	96.0000	30.0000
27610.571	46	24	0.1515	96.0000	30.0000
27673.253	45	24	0.1520	96.0000	30.0000
27809.037	44	24	0.1529	96.0000	30.0000
27901.138	43	24	0.1536	96.0000	30.0000
27901.138	42	24	0.1536	96.0000	30.0000
27926.942	41	24	0.1537	96.0000	30.0000
28103.617	42	24	0.1549	96.0000	30.0000
28110.972	43	24	0.1549	96.0000	30.0000
28118.327	44	24	0.1550	96.0000	30.0000
28125.682	45	24	0.1550	96.0000	30.0000
28133.037	46	24	0.1551	96.0000	30.0000
28139.780	45	24	0.1551	96.0000	30.0000
28139.780	44	24	0.1551	96.0000	30.0000
28139.780	43	24	0.1551	96.0000	30.0000
28140.392	44	24	0.1551	96.0000	30.0000
28147.748	45	24	0.1552	96.0000	30.0000
28155.103	46	24	0.1552	96.0000	30.0000
28162.458	47	24	0.1553	96.0000	30.0000
28169.813	48	24	0.1554	96.0000	30.0000
28428.326	47	24	0.1573	96.0000	30.0000
28546.556	46	24	0.1582	96.0000	30.0000
28546.556	45	24	0.1582	96.0000	30.0000
29296.162	44	24	0.1635	96.0000	32.5000
29296.162	43	24	0.1635	96.0000	32.5000
29342.947	42	24	0.1638	96.0000	32.5000
29417.063	41	24	0.1643	96.0000	32.5000
29442.020	40	24	0.1645	96.0000	32.5000
29475.459	39	24	0.1647	96.0000	32.5000
29566.810	38	24	0.1652	96.0000	32.5000
29695.624	37	24	0.1660	96.0000	32.5000
29710.129	36	24	0.1661	96.0000	32.5000
29710.129	35	24	0.1661	96.0000	32.5000
29753.482	36	24	0.1663	96.0000	32.5000
29771.107	37	24	0.1664	96.0000	32.5000
29788.732	38	24	0.1665	96.0000	32.5000
29806.357	39	24	0.1666	96.0000	32.5000
29823.982	40	24	0.1667	96.0000	32.5000
29841.607	41	24	0.1668	96.0000	32.5000
29859.232	42	24	0.1670	96.0000	32.5000
29876.857	43	24	0.1671	96.0000	32.5000
29894.482	44	24	0.1672	96.0000	32.5000
29912.107	45	24	0.1673	96.0000	32.5000
29929.732	46	24	0.1674	96.0000	32.5000
29947.357	47	24	0.1676	96.0000	32.5000
29964.982	48	24	0.1677	96.0000	32.5000
29982.607	49	24	0.1678	96.0000	32.5000
30000.232	50	24	0.1680	96.0000	32.5000
30031.175	49	24	0.1682	96.0000	32.5000
30064.842	48	24	0.1685	96.0000	32.5000
30438.198	47	24	0.1713	96.0000	32.5000
30466.298	46	24	0.1715	96.0000	32.5000
30466.298	45	24	0.1715	96.0000	32.5000
30518.310	44	24	0.1719	96.0000	32.5000
30520.110	43	24	0.1719	96.0000	32.5000
30520.110	42	24	0.1719	96.0000	32.5000
30607.018	41	24	0.1725	96.0000	35.0000
30607.018	40	24	0.1725	96.0000	35.0000
30635.643	39	24	0.1726	96.0000	35.0000
30635.643	38	24	0.1726	96.0000	35.0000
30732.738	37	24	0.1732	96.0000	35.0000
30860.296	36	24	0.1740	96.0000	35.0000
31086.156	35	24	0.1752	96.0000	35.0000
31086.156	34	24	0.1752	96.0000	35.0000
31086.156	33	24	0.1752	96.0000	35.0000
31115.314	32	24	0.1754	96.0000	35.0000
31147.996	31	24	0.1756	96.0000	35.0000
31281.603	30	24	0.1762	96.0000	35.0000
31281.603	29	24	0.1762	96.0000	35.0000
31459.575	28	24	0.1770	96.0000	35.0000
31583.786	27	24	0.1776	96.0000	35.0000
31598.864	26	24	0.1776	96.0000	35.0000
31733.950	25	24	0.1782	96.0000	35.0000
31733.950	24	24	0.1782	96.0000	35.0000
31733.950	23	24	0.1782	96.0000	35.0000
31745.507	22	24	0.1782	96.0000	35.0000
31763.545	21	24	0.1783	96.0000	35.0000
31768.652	20	24	0.1783	96.0000	35.0000
31781.218	21	24	0.1783	96.0000	35.0000
31793.784	22	24	0.1784	96.0000	35.0000
31806.350	23	24	0.1784	96.0000	35.0000
31818.916	24	24	0.1785	96.0000	35.0000
31831.482	25	24	0.1785	96.0000	35.0000
31844.049	26	24	0.1786	96.0000	35.0000
31856.615	27	24	0.1786	96.0000	35.0000
31869.181	28	24	0.1787	96.0000	35.0000
31881.747	29	24	0.1787	96.0000	35.0000
31894.313	30	24	0.1788	96.0000	35.0000
31901.494	29	24	0.1788	96.0000	35.0000
31901.494	28	24	0.1788	96.0000	35.0000
31906.879	29	24	0.1789	96.0000	35.0000
31919.445	30	24	0.1789	96.0000	35.0000
31932.011	31	24	0.1790	96.0000	35.0000
31944.577	32	24	0.1790	96.0000	35.0000
31957.143	33	24	0.1791	96.0000	35.0000
31969.709	34	24	0.1792	96.0000	35.0000
31980.294	33	24	0.1792	96.0000	35.0000
31982.276	34	24	0.1792	96.0000	35.0000
31994.842	35	24	0.1793	96.0000	35.0000
32072.802	34	24	0.1797	96.0000	35.0000
32082.070	33	24	0.1798	96.0000	35.0000
32135.668	32	24	0.1801	96.0000	35.0000
32342.179	31	24	0.1811	96.0000	35.0000
32342.179	30	24	0.1811	96.0000	35.0000
32342.179	29	24	0.1811	96.0000	35.0000
32471.721	28	24	0.1817	96.0000	37.5000
32471.721	27	24	0.1817	96.0000	37.5000
32727.512	26	24	0.1828	96.0000	37.5000
32758.863	25	24	0.1829	96.0000	37.5000
32783.258	24	24	0.1830	96.0000	37.5000
32946.503	23	24	0.1836	96.0000	37.5000
33328.461	22	24	0.1850	96.0000	37.5000
33479.431	21	24	0.1855	96.0000	37.5000
33506.891	20	24	0.1856	96.0000	37.5000
33506.891	19	24	0.1856	96.0000	37.5000
33520.806	18	24	0.1856	96.0000	37.5000
33520.806	17	24	0.1856	96.0000	37.5000
33520.806	16	24	0.1856	96.0000	37.5000
33658.927	15	24	0.1860	96.0000	37.5000
33658.927	14	24	0.1860	96.0000	37.5000
33658.927	13	24	0.1860	96.0000	37.5000
33709.210	12	24	0.1861	96.0000	37.5000
33744.580	11	24	0.1862	96.0000	37.5000
33866.092	10	24	0.1864	96.0000	37.5000
33940.367	9	24	0.1865	96.0000	37.5000
33954.384	8	24	0.1865	96.0000	37.5000
34011.768	9	24	0.1866	96.0000	37.5000
34030.323	10	24	0.1866	96.0000	37.5000
34048.879	11	24	0.1866	96.0000	37.5000
34067.434	12	24	0.1867	96.0000	37.5000
34085.989	13	24	0.1867	96.0000	37.5000
34104.545	14	24	0.1867	96.0000	37.5000
34111.622	13	24	0.1868	96.0000	37.5000
34123.100	14	24	0.1868	96.0000	37.5000
34141.655	15	24	0.1868	96.0000	37.5000
34160.210	16	24	0.1869	96.0000	37.5000
34178.766	17	24	0.1869	96.0000	37.5000
34197.321	18	24	0.1870	96.0000	37.5000
34215.876	19	24	0.1870	96.0000	37.5000
34234.432	20	24	0.1871	96.0000	37.5000
34252.987	21	24	0.1871	96.0000	37.5000
34271.542	22	24	0.1872	96.0000	37.5000
34280.758	21	24	0.1872	96.0000	37.5000
34280.758	20	24	0.1872	96.0000	37.5000
34290.097	21	24	0.1873	96.0000	37.5000
34308.653	22	24	0.1873	96.0000	37.5000
34327.208	23	24	0.1874	96.0000	37.5000
34345.763	24	24	0.1874	96.0000	37.5000
34364.319	25	24	0.1875	96.0000	37.5000
34392.123	24	24	0.1876	96.0000	37.5000
34397.187	25	24	0.1876	96.0000	37.5000
34411.187	26	24	0.1877	96.0000	37.5000
34425.186	27	24	0.1878	96.0000	37.5000
34438.289	26	24	0.1878	96.0000	37.5000
34439.186	27	24	0.1878	96.0000	37.5000
34448.661	26	24	0.1879	96.0000	37.5000
34453.186	27	24	0.1879	96.0000	37.5000
34467.186	28	24	0.1879	96.0000	37.5000
34481.186	29	24	0.1880	96.0000	37.5000
34495.186	30	24	0.1881	96.0000	37.5000
34502.162	29	24	0.1881	96.0000	37.5000
34509.186	30	24	0.1881	96.0000	37.5000
34523.186	31	24	0.1882	96.0000	37.5000
34537.185	32	24	0.1883	96.0000	37.5000
34562.711	31	24	0.1884	96.0000	37.5000
34640.849	30	24	0.1888	96.0000	37.5000
34640.849	29	24	0.1888	96.0000	37.5000
34715.550	28	24	0.1891	96.0000	37.5000
34950.147	27	24	0.1901	96.0000	37.5000
34950.147	26	24	0.1901	96.0000	37.5000
34950.147	25	24	0.1901	96.0000	37.5000
35002.675	24	24	0.1904	96.0000	37.5000
35032.539	23	24	0.1905	96.0000	37.5000
35119.640	22	24	0.1908	96.0000	37.5000
35187.018	21	24	0.1910	96.0000	37.5000
35189.145	20	24	0.1910	96.0000	37.5000
35189.145	19	24	0.1910	96.0000	37.5000
35220.390	18	24	0.1911	96.0000	37.5000
35320.863	17	24	0.1914	96.0000	37.5000
35364.752	16	24	0.1915	96.0000	37.5000
35416.603	15	24	0.1916	96.0000	37.5000
35736.015	14	24	0.1924	96.0000	37.5000
35736.015	13	24	0.1924	96.0000	37.5000
35736.015	12	24	0.1924	96.0000	37.5000
35790.780	11	24	0.1925	96.0000	37.5000
35790.780	10	24	0.1925	96.0000	37.5000
35839.184	9	24	0.1926	96.0000	37.5000
35902.462	8	24	0.1927	96.0000	37.5000
35933.301	7	24	0.1927	96.0000	37.5000
35962.395	6	24	0.1927	96.0000	37.5000
36046.043	5	24	0.1928	96.0000	40.0000
36118.059	4	24	0.1929	96.0000	40.0000
36118.059	3	24	0.1929	96.0000	40.0000
36168.783	2	24	0.1929	96.0000	40.0000
36172.995	1	24	0.1929	96.0000	40.0000
36172.995	0	24	0.1929	96.0000	40.0000
36226.718	0	25	0.1929	100.0000	40.0000
36226.718	0	26	0.1929	104.0000	40.0000
36265.250	0	27	0.1929	108.0000	40.0000
36320.312	0	28	0.1929	112.0000	40.0000
36437.273	0	29	0.1929	116.0000	40.0000
36491.779	0	30	0.1929	120.0000	40.0000
36557.193	0	31	0.1929	124.0000	40.0000
36557.193	0	32	0.1929	128.0000	40.0000
36702.622	0	33	0.1929	132.0000	40.0000
36717.286	0	34	0.1929	136.0000	40.0000
36817.501	0	35	0.1929	140.0000	40.0000
36845.372	0	36	0.1929	144.0000	40.0000
36848.685	1	36	0.1929	144.0000	40.0000
36863.675	2	36	0.1929	144.0000	40.0000
36878.664	3	36	0.1929	144.0000	40.0000
36893.653	4	36	0.1929	144.0000	40.0000
36908.643	5	36	0.1929	144.0000	40.0000
36923.632	6	36	0.1929	144.0000	40.0000
36938.622	7	36	0.1930	144.0000	40.0000
36953.611	8	36	0.1930	144.0000	40.0000
36968.600	9	36	0.1930	144.0000	40.0000
36983.590	10	36	0.1930	144.0000	40.0000
36998.579	11	36	0.1930	144.0000	40.0000
37013.569	12	36	0.1931	144.0000	40.0000
37028.558	13	36	0.1931	144.0000	40.0000
37043.547	14	36	0.1931	144.0000	40.0000
37058.537	15	36	0.1932	144.0000	40.0000
37073.526	16	36	0.1932	144.0000	40.0000
37088.516	17	36	0.1932	144.0000	40.0000
37103.505	18	36	0.1933	144.0000	40.0000
37118.494	19	36	0.1933	144.0000	40.0000
37133.484	20	36	0.1934	144.0000	40.0000
37142.813	19	36	0.1934	144.0000	40.0000
37226.943	18	36	0.1936	144.0000	40.0000
37266.959	17	36	0.1937	144.0000	40.0000
37266.959	16	36	0.1937	144.0000	40.0000
37266.959	15	36	0.1937	144.0000	40.0000
37348.711	14	36	0.1939	144.0000	40.0000
37348.711	13	36	0.1939	144.0000	40.0000
37354.019	14	36	0.1940	144.0000	40.0000
37359.327	15	36	0.1940	144.0000	40.0000
37364.635	16	36	0.1940	144.0000	40.0000
37369.943	17	36	0.1940	144.0000	40.0000
37375.251	18	36	0.1940	144.0000	40.0000
37380.559	19	36	0.1940	144.0000	40.0000
37385.867	20	36	0.1940	144.0000	40.0000
37391.175	21	36	0.1940	144.0000	40.0000
37396.482	22	36	0.1941	144.0000	40.0000
37401.790	23	36	0.1941	144.0000	40.0000
37407.098	24	36	0.1941	144.0000	40.0000
37412.406	25	36	0.1941	144.0000	40.0000
37417.714	26	36	0.1941	144.0000	40.0000
37423.022	27	36	0.1942	144.0000	40.0000
37428.330	28	36	0.1942	144.0000	40.0000
37433.638	29	36	0.1942	144.0000	40.0000
37438.946	30	36	0.1942	144.0000	40.0000
37444.254	31	36	0.1943	144.0000	40.0000
37449.562	32	36	0.1943	144.0000	40.0000
37454.870	33	36	0.1943	144.0000	40.0000
37491.722	32	36	0.1945	144.0000	40.0000
37491.722	31	36	0.1945	144.0000	40.0000
37523.278	30	36	0.1947	144.0000	40.0000
37542.947	29	36	0.1948	144.0000	40.0000
37549.714	28	36	0.1948	144.0000	40.0000
37556.975	29	36	0.1948	144.0000	40.0000
37564.781	28	36	0.1949	144.0000	40.0000
37571.002	29	36	0.1949	144.0000	40.0000
37585.030	30	36	0.1949	144.0000	40.0000
37599.057	31	36	0.1950	144.0000	40.0000
37613.084	32	36	0.1951	144.0000	40.0000
37627.112	33	36	0.1951	144.0000	40.0000
37641.139	34	36	0.1952	144.0000	40.0000
37655.167	35	36	0.1953	144.0000	40.0000
37669.194	36	36	0.1954	144.0000	40.0000
37683.222	37	36	0.1955	144.0000	40.0000
37696.486	36	36	0.1955	144.0000	40.0000
37697.249	37	36	0.1955	144.0000	40.0000
37711.277	38	36	0.1956	144.0000	40.0000
37725.304	39	36	0.1957	144.0000	40.0000
37739.331	40	36	0.1958	144.0000	40.0000
37803.399	39	36	0.1962	144.0000	42.5000
37836.646	38	36	0.1964	144.0000	42.5000
37836.646	37	36	0.1964	144.0000	42.5000
37854.263	36	36	0.1965	144.0000	42.5000
37905.477	35	36	0.1968	144.0000	42.5000
37905.477	34	36	0.1968	144.0000	42.5000
37917.807	33	36	0.1969	144.0000	42.5000
37952.650	32	36	0.1970	144.0000	42.5000
37952.650	31	36	0.1970	144.0000	42.5000
37970.012	30	36	0.1971	144.0000	42.5000
38183.901	29	36	0.1981	144.0000	42.5000
38183.901	28	36	0.1981	144.0000	42.5000
38183.901	27	36	0.1981	144.0000	42.5000
38269.857	26	36	0.1985	144.0000	42.5000
38339.609	25	36	0.1988	144.0000	42.5000
38400.611	24	36	0.1990	144.0000	42.5000
38400.611	23	36	0.1990	144.0000	42.5000
38400.611	22	36	0.1990	144.0000	42.5000
38478.370	21	36	0.1993	144.0000	42.5000
38548.665	20	36	0.1995	144.0000	42.5000
38622.566	19	36	0.1998	144.0000	42.5000
38824.040	18	36	0.2004	144.0000	42.5000
38854.944	17	36	0.2004	144.0000	42.5000
38951.610	16	36	0.2007	144.0000	42.5000
38968.818	15	36	0.2007	144.0000	42.5000
39069.955	14	36	0.2010	144.0000	42.5000
39069.955	13	36	0.2010	144.0000	42.5000
39069.955	12	36	0.2010	144.0000	42.5000
39069.955	11	36	0.2010	144.0000	42.5000
39234.746	10	36	0.2013	144.0000	42.5000
39234.746	9	36	0.2013	144.0000	42.5000
39234.746	8	36	0.2013	144.0000	42.5000
39248.065	7	36	0.2013	144.0000	42.5000
39302.428	6	36	0.2013	144.0000	42.5000
39429.957	5	36	0.2015	144.0000	42.5000
39489.105	4	36	0.2015	144.0000	42.5000
39604.358	3	36	0.2016	144.0000	42.5000
39876.850	2	36	0.2017	144.0000	42.5000
39876.850	1	36	0.2017	144.0000	42.5000
39876.850	0	36	0.2017	144.0000	42.5000
39904.599	0	37	0.2017	148.0000	42.5000
39929.293	0	38	0.2017	152.0000	42.5000
39935.701	0	39	0.2017	156.0000	42.5000
40044.913	0	40	0.2017	160.0000	42.5000
40044.913	0	41	0.2017	164.0000	42.5000
40057.803	1	41	0.2017	164.0000	42.5000
40072.955	0	41	0.2017	164.0000	42.5000
40074.065	1	41	0.2017	164.0000	42.5000
40090.326	2	41	0.2017	164.0000	42.5000
40106.587	3	41	0.2017	164.0000	42.5000
40122.848	4	41	0.2017	164.0000	42.5000
40139.109	5	41	0.2017	164.0000	42.5000
40155.371	6	41	0.2018	164.0000	42.5000
40171.632	7	41	0.2018	164.0000	42.5000
40187.893	8	41	0.2018	164.0000	42.5000
40204.154	9	41	0.2018	164.0000	42.5000
40220.416	10	41	0.2018	164.0000	42.5000
40236.677	11	41	0.2019	164.0000	42.5000
40244.416	10	41	0.2019	164.0000	42.5000
40252.938	11	41	0.2019	164.0000	42.5000
40269.199	12	41	0.2019	164.0000	42.5000
40285.460	13	41	0.2019	164.0000	42.5000
40301.722	14	41	0.2020	164.0000	42.5000
40317.983	15	41	0.2020	164.0000	42.5000
40334.244	16	41	0.2021	164.0000	42.5000
40350.505	17	41	0.2021	164.0000	42.5000
40366.335	16	41	0.2021	164.0000	42.5000
40366.335	15	41	0.2021	164.0000	42.5000
40366.767	16	41	0.2021	164.0000	42.5000
40480.657	15	41	0.2024	164.0000	42.5000
40480.657	14	41	0.2024	164.0000	42.5000
40480.657	13	41	0.2024	164.0000	42.5000
40510.187	12	41	0.2025	164.0000	42.5000
40596.953	11	41	0.2026	164.0000	42.5000
40683.099	10	41	0.2028	164.0000	42.5000
40746.603	9	41	0.2029	164.0000	42.5000
40956.651	8	41	0.2032	164.0000	42.5000
41006.595	7	41	0.2033	164.0000	42.5000
41006.595	6	41	0.2033	164.0000	42.5000
41215.602	5	41	0.2035	164.0000	42.5000
41215.602	4	41	0.2035	164.0000	42.5000
41225.704	3	41	0.2035	164.0000	42.5000
41270.197	2	41	0.2035	164.0000	42.5000
41298.375	1	41	0.2035	164.0000	42.5000
41324.461	0	41	0.2035	164.0000	42.5000
41360.356	0	42	0.2035	168.0000	42.5000
41390.129	0	43	0.2035	172.0000	42.5000
41470.784	0	44	0.2035	176.0000	45.0000
41535.801	0	45	0.2035	180.0000	45.0000
41613.731	0	46	0.2035	184.0000	45.0000
41677.250	0	47	0.2035	188.0000	45.0000
41677.250	0	48	0.2035	192.0000	45.0000
41769.245	0	49	0.2035	196.0000	45.0000
41951.830	0	50	0.2035	200.0000	45.0000
41951.830	0	51	0.2035	204.0000	45.0000
41988.619	0	52	0.2035	208.0000	45.0000
42043.792	1	52	0.2035	208.0000	45.0000
42052.544	2	52	0.2035	208.0000	45.0000
42061.296	3	52	0.2035	208.0000	45.0000
42070.049	4	52	0.2035	208.0000	45.0000
42072.657	3	52	0.2035	208.0000	45.0000
42078.801	4	52	0.2035	208.0000	45.0000
42087.553	5	52	0.2035	208.0000	45.0000
42096.305	6	52	0.2035	208.0000	45.0000
42105.057	7	52	0.2035	208.0000	45.0000
42113.809	8	52	0.2035	208.0000	45.0000
42122.562	9	52	0.2035	208.0000	45.0000
42124.440	8	52	0.2036	208.0000	45.0000
42131.314	9	52	0.2036	208.0000	45.0000
42140.066	10	52	0.2036	208.0000	45.0000
42148.818	11	52	0.2036	208.0000	45.0000
42157.570	12	52	0.2036	208.0000	45.0000
42166.322	13	52	0.2036	208.0000	45.0000
42175.074	14	52	0.2036	208.0000	45.0000
42183.827	15	52	0.2037	208.0000	45.0000
42192.579	16	52	0.2037	208.0000	45.0000
42201.331	17	52	0.2037	208.0000	45.0000
42210.083	18	52	0.2037	208.0000	45.0000
42356.316	17	52	0.2041	208.0000	45.0000
42442.814	16	52	0.2044	208.0000	45.0000
42653.813	15	52	0.2049	208.0000	45.0000
42675.062	14	52	0.2049	208.0000	45.0000
42675.062	13	52	0.2049	208.0000	45.0000
42708.858	12	52	0.2050	208.0000	45.0000
42708.858	11	52	0.2050	208.0000	45.0000
42727.460	10	52	0.2050	208.0000	45.0000
42831.898	9	52	0.2052	208.0000	45.0000
42875.919	8	52	0.2053	208.0000	45.0000
42923.703	7	52	0.2053	208.0000	45.0000
42989.058	6	52	0.2054	208.0000	45.0000
43129.128	5	52	0.2055	208.0000	45.0000
43194.830	4	52	0.2056	208.0000	45.0000
43267.283	3	52	0.2056	208.0000	45.0000
43267.283	2	52	0.2056	208.0000	45.0000
43317.022	1	52	0.2057	208.0000	45.0000
43317.022	0	52	0.2057	208.0000	45.0000
43958.796	1	52	0.2057	208.0000	45.0000
43970.295	2	52	0.2057	208.0000	45.0000
43981.794	3	52	0.2057	208.0000	45.0000
43993.293	4	52	0.2057	208.0000	45.0000
44004.792	5	52	0.2057	208.0000	45.0000
44016.291	6	52	0.2057	208.0000	45.0000
44027.790	7	52	0.2057	208.0000	45.0000
44039.289	8	52	0.2057	208.0000	45.0000
44050.788	9	52	0.2057	208.0000	45.0000
44062.287	10	52	0.2057	208.0000	45.0000
44073.786	11	52	0.2058	208.0000	45.0000
44085.285	12	52	0.2058	208.0000	45.0000
44096.784	13	52	0.2058	208.0000	45.0000
44108.283	14	52	0.2058	208.0000	45.0000
44119.782	15	52	0.2058	208.0000	45.0000
44131.282	16	52	0.2059	208.0000	45.0000
44142.781	17	52	0.2059	208.0000	45.0000
44154.280	18	52	0.2059	208.0000	45.0000
44165.779	19	52	0.2060	208.0000	45.0000
44177.278	20	52	0.2060	208.0000	45.0000
44193.792	21	52	0.2060	208.0000	45.0000
44210.307	22	52	0.2061	208.0000	45.0000
44226.821	23	52	0.2062	208.0000	45.0000
44243.336	24	52	0.2062	208.0000	45.0000
44259.851	25	52	0.2063	208.0000	45.0000
44276.365	26	52	0.2063	208.0000	45.0000
44292.880	27	52	0.2064	208.0000	45.0000
44309.394	28	52	0.2065	208.0000	45.0000
44325.909	29	52	0.2066	208.0000	45.0000
44342.423	30	52	0.2066	208.0000	45.0000
44358.938	31	52	0.2067	208.0000	45.0000
44375.452	32	52	0.2068	208.0000	45.0000
44391.967	33	52	0.2069	208.0000	45.0000
44408.482	34	52	0.2070	208.0000	45.0000
44424.996	35	52	0.2071	208.0000	45.0000
44441.511	36	52	0.2071	208.0000	45.0000
44458.025	37	52	0.2072	208.0000	45.0000
44474.540	38	52	0.2073	208.0000	45.0000
44491.054	39	52	0.2074	208.0000	45.0000
44507.569	40	52	0.2075	208.0000	45.0000
