# hour	lambda	numCasse	numMag	E_T_s	P_OOS	P_aband	throughput_s	laborCost_eur_day	invCost_eur_day	waitCost_eur_day	totalCost_eur_day	util_Casse	util_CassaOnline	util_Dispatcher	util_BraccioUno	util_BraccioDue	util_Magazziniere	util_Pagamento	util_B1_high	util_B1_low
08-09	0.00783	2	1	301.913	0.00000	0.00000	0.00763	840.00	224.17	283.77	1347.94	0.5011	0.0231	0.0238	0.3281	0.2871	0.3890	0.2225	0.3002	0.0279
08-09	0.00783	2	2	299.901	0.00000	0.00000	0.00763	1056.00	224.97	281.88	1562.84	0.5011	0.0231	0.0238	0.3377	0.2872	0.2005	0.2224	0.3102	0.0275
08-09	0.00783	3	1	256.752	0.00000	0.00000	0.00763	1152.00	223.56	241.32	1616.88	0.4063	0.0230	0.0238	0.3274	0.2852	0.3888	0.2255	0.2989	0.0286
08-09	0.00783	3	2	257.949	0.00000	0.00000	0.00763	1368.00	224.58	242.45	1835.03	0.4062	0.0230	0.0238	0.3306	0.2852	0.1992	0.2195	0.3018	0.0289
08-09	0.00783	4	1	258.912	0.00000	0.00000	0.00763	1464.00	222.95	243.35	1930.30	0.4196	0.0230	0.0237	0.3281	0.2828	0.3899	0.2189	0.2983	0.0298
08-09	0.00783	4	2	258.864	0.00000	0.00000	0.00763	1680.00	224.97	243.31	2148.27	0.4196	0.0230	0.0237	0.3309	0.2828	0.1972	0.2189	0.3014	0.0295
08-09	0.00783	5	1	241.029	0.00000	0.00000	0.00763	1776.00	223.02	226.54	2225.57	0.3492	0.0231	0.0238	0.3275	0.2849	0.3891	0.2279	0.2984	0.0292
08-09	0.00783	5	2	239.001	0.00000	0.00000	0.00763	1992.00	224.58	224.64	2441.22	0.3485	0.0230	0.0238	0.3305	0.2843	0.1946	0.2264	0.3018	0.0287
09-10	0.01692	2	1	59825.220	0.00293	0.00000	0.01575	840.00	285.75	121451.18	122576.93	1.0129	0.0623	0.0495	0.6572	0.5934	0.7694	0.4675	0.6028	0.0543
09-10	0.01692	2	2	59816.803	0.00000	0.00000	0.01575	1056.00	277.03	121434.09	122767.13	1.0123	0.0622	0.0495	0.6459	0.5930	0.4226	0.4713	0.5914	0.0545
09-10	0.01692	3	1	397.630	0.01748	0.00000	0.01650	1152.00	409.63	807.23	2368.86	0.7319	0.0481	0.0512	0.7025	0.6093	0.8344	0.4769	0.6363	0.0662
09-10	0.01692	3	2	398.005	0.00035	0.00000	0.01649	1368.00	299.66	807.99	2475.65	0.7319	0.0481	0.0512	0.7041	0.6095	0.4317	0.4793	0.6380	0.0661
09-10	0.01692	4	1	335.352	0.00800	0.00000	0.01650	1464.00	343.49	680.80	2488.29	0.6790	0.0483	0.0515	0.6902	0.6217	0.8316	0.4810	0.6298	0.0604
09-10	0.01692	4	2	333.929	0.00236	0.00000	0.01650	1680.00	312.41	677.91	2670.32	0.6784	0.0483	0.0514	0.6849	0.6207	0.4303	0.4759	0.6239	0.0610
09-10	0.01692	5	1	311.732	0.00862	0.00000	0.01647	1776.00	356.43	632.85	2765.28	0.5843	0.0491	0.0513	0.7326	0.6007	0.8575	0.4804	0.6599	0.0727
09-10	0.01692	5	2	310.836	0.00162	0.00000	0.01647	1992.00	293.25	631.03	2916.28	0.5850	0.0492	0.0514	0.7011	0.6014	0.4304	0.4819	0.6259	0.0753
10-11	0.01800	2	1	105641.865	0.00229	0.00000	0.01554	840.00	293.90	228186.43	229320.33	1.0030	0.0473	0.0485	0.6483	0.5631	0.7742	0.4665	0.5799	0.0684
10-11	0.01800	2	2	105643.759	0.00000	0.00000	0.01554	1056.00	279.32	228190.52	229525.84	1.0030	0.0473	0.0485	0.6742	0.5631	0.3909	0.4731	0.6082	0.0660
10-11	0.01800	3	1	428.935	0.01764	0.00000	0.01758	1152.00	480.86	926.50	2559.36	0.7782	0.0505	0.0544	0.7469	0.6487	0.8932	0.5186	0.6751	0.0718
10-11	0.01800	3	2	430.813	0.00591	0.00000	0.01757	1368.00	323.95	930.56	2622.51	0.7778	0.0505	0.0544	0.7708	0.6492	0.4624	0.5075	0.6954	0.0754
10-11	0.01800	4	1	361.024	0.01250	0.00000	0.01751	1464.00	547.44	779.81	2791.25	0.6923	0.0510	0.0546	0.7550	0.6458	0.8970	0.5066	0.6821	0.0729
10-11	0.01800	4	2	359.916	0.00260	0.00000	0.01750	1680.00	355.22	777.42	2812.64	0.6919	0.0521	0.0545	0.7541	0.6455	0.4618	0.5038	0.6800	0.0741
10-11	0.01800	5	1	326.399	0.02332	0.00000	0.01754	1776.00	540.14	705.02	3021.16	0.6072	0.0513	0.0548	0.7368	0.6399	0.8791	0.5125	0.6564	0.0803
10-11	0.01800	5	2	328.145	0.00599	0.00000	0.01752	1992.00	320.82	708.79	3021.62	0.6049	0.0511	0.0547	0.7735	0.6382	0.4580	0.5115	0.6953	0.0782
11-12	0.02385	2	1	338638.718	0.00670	0.00000	0.01552	840.00	299.26	969184.01	970323.27	1.0049	0.0681	0.0483	0.6836	0.5984	0.8186	0.4566	0.6228	0.0608
11-12	0.02385	2	2	338638.377	0.00133	0.00000	0.01552	1056.00	279.56	969183.04	970518.59	1.0052	0.0681	0.0483	0.6990	0.5986	0.4182	0.4492	0.6373	0.0617
11-12	0.02385	3	1	14463.261	0.16584	0.00000	0.02350	1152.00	2992.67	41393.85	45538.53	1.0087	0.0689	0.0736	0.8435	0.8666	0.9982	0.6876	0.7426	0.1009
11-12	0.02385	3	2	14471.326	0.04477	0.00000	0.02350	1368.00	1312.85	41416.94	44097.79	1.0079	0.0689	0.0736	0.9464	0.8662	0.5597	0.6859	0.8441	0.1023
11-12	0.02385	4	1	545.042	0.16488	0.00000	0.02351	1464.00	3423.56	1559.91	6447.47	0.8520	0.0643	0.0722	0.8631	0.8615	0.9904	0.6796	0.7655	0.0976
11-12	0.02385	4	2	547.919	0.10428	0.00000	0.02354	1680.00	1746.50	1568.14	4994.64	0.8535	0.0643	0.0719	0.9432	0.8610	0.5551	0.7036	0.8477	0.0955
11-12	0.02385	5	1	467.368	0.17205	0.00000	0.02365	1776.00	3437.98	1337.61	6551.59	0.6677	0.0645	0.0718	0.8094	0.8740	0.9978	0.6907	0.7160	0.0934
11-12	0.02385	5	2	474.098	0.09373	0.00000	0.02365	1992.00	1804.81	1356.87	5153.68	0.6677	0.0645	0.0718	0.9290	0.8746	0.5454	0.6841	0.8374	0.0916
12-13	0.02267	2	1	293624.771	0.00471	0.00000	0.01551	840.00	284.09	798688.74	799812.83	1.0002	0.0585	0.0481	0.7046	0.6058	0.8302	0.4512	0.6472	0.0574
12-13	0.02267	2	2	293797.179	0.00000	0.00000	0.01551	1056.00	278.55	799157.71	800492.25	0.9996	0.0584	0.0480	0.6824	0.6053	0.4238	0.4500	0.6240	0.0583
12-13	0.02267	3	1	997.652	0.13826	0.00000	0.02256	1152.00	2598.79	2713.71	6464.50	0.9650	0.0629	0.0703	0.8727	0.8331	1.0039	0.6526	0.7764	0.0962
12-13	0.02267	3	2	995.475	0.06186	0.00000	0.02255	1368.00	1247.60	2707.79	5323.39	0.9649	0.0629	0.0703	0.9015	0.8330	0.5383	0.6610	0.8037	0.0980
12-13	0.02267	4	1	484.515	0.11834	0.00000	0.02229	1464.00	2651.63	1317.93	5433.56	0.8004	0.0638	0.0684	0.8383	0.8329	0.9940	0.6423	0.7611	0.0772
12-13	0.02267	4	2	487.718	0.05099	0.00000	0.02230	1680.00	1311.98	1326.64	4318.62	0.8000	0.0638	0.0684	0.9061	0.8316	0.5407	0.6546	0.8286	0.0776
12-13	0.02267	5	1	426.840	0.11814	0.00000	0.02220	1776.00	2601.62	1161.05	5538.67	0.6706	0.0634	0.0684	0.8658	0.8172	1.0008	0.6391	0.7752	0.0905
12-13	0.02267	5	2	426.752	0.04765	0.00000	0.02220	1992.00	1310.91	1160.81	4463.72	0.6706	0.0633	0.0683	0.9303	0.8160	0.5473	0.6469	0.8404	0.0899
13-14	0.01433	2	1	757.602	0.00000	0.00000	0.01412	840.00	247.14	1303.00	2390.14	0.8998	0.0386	0.0442	0.6281	0.5197	0.7328	0.4125	0.5673	0.0608
13-14	0.01433	2	2	757.925	0.00000	0.00000	0.01412	1056.00	260.49	1303.56	2620.05	0.8999	0.0386	0.0442	0.6302	0.5197	0.3696	0.4101	0.5697	0.0605
13-14	0.01433	3	1	331.302	0.00000	0.00000	0.01394	1152.00	255.78	569.81	1977.59	0.6497	0.0417	0.0435	0.6235	0.5156	0.7286	0.4028	0.5652	0.0583
13-14	0.01433	3	2	331.504	0.00000	0.00000	0.01394	1368.00	271.39	570.15	2209.54	0.6496	0.0417	0.0435	0.6165	0.5158	0.3704	0.4142	0.5582	0.0583
13-14	0.01433	4	1	300.742	0.00000	0.00000	0.01395	1464.00	248.79	517.25	2230.04	0.6079	0.0417	0.0435	0.6008	0.5251	0.7207	0.4121	0.5492	0.0516
13-14	0.01433	4	2	300.272	0.00000	0.00000	0.01396	1680.00	269.39	516.44	2465.83	0.6080	0.0417	0.0435	0.6040	0.5252	0.3656	0.4164	0.5537	0.0503
13-14	0.01433	5	1	283.771	0.00000	0.00000	0.01395	1776.00	249.17	488.06	2513.23	0.5194	0.0415	0.0434	0.6149	0.5145	0.7216	0.4033	0.5566	0.0584
13-14	0.01433	5	2	283.184	0.00000	0.00000	0.01395	1992.00	264.61	487.05	2743.66	0.5199	0.0416	0.0435	0.5995	0.5151	0.3668	0.4114	0.5416	0.0579
14-15	0.01467	2	1	871.895	0.00000	0.00000	0.01448	840.00	257.20	1534.62	2631.82	0.9316	0.0396	0.0454	0.6259	0.5449	0.7429	0.4195	0.5710	0.0548
14-15	0.01467	2	2	870.034	0.00000	0.00000	0.01448	1056.00	263.71	1531.35	2851.05	0.9319	0.0397	0.0454	0.6292	0.5451	0.3769	0.4215	0.5749	0.0543
14-15	0.01467	3	1	343.272	0.00241	0.00000	0.01427	1152.00	248.26	604.19	2004.46	0.6562	0.0426	0.0444	0.6165	0.5274	0.7355	0.4210	0.5561	0.0603
14-15	0.01467	3	2	342.664	0.00000	0.00000	0.01427	1368.00	266.15	603.12	2237.27	0.6562	0.0426	0.0444	0.6209	0.5273	0.3666	0.4108	0.5618	0.0591
14-15	0.01467	4	1	305.054	0.00000	0.00000	0.01426	1464.00	258.54	536.93	2259.47	0.6213	0.0427	0.0445	0.6402	0.5350	0.7437	0.4257	0.5861	0.0541
14-15	0.01467	4	2	305.527	0.00000	0.00000	0.01427	1680.00	268.16	537.76	2485.92	0.6210	0.0426	0.0445	0.6231	0.5341	0.3755	0.4125	0.5687	0.0544
14-15	0.01467	5	1	284.596	0.00000	0.00000	0.01428	1776.00	251.17	500.92	2528.09	0.5151	0.0426	0.0445	0.6193	0.5218	0.7357	0.4252	0.5559	0.0635
14-15	0.01467	5	2	283.759	0.00000	0.00000	0.01428	1992.00	268.83	499.45	2760.27	0.5151	0.0426	0.0445	0.6381	0.5216	0.3695	0.4240	0.5756	0.0625
15-16	0.01333	2	1	574.343	0.00000	0.00000	0.01302	840.00	240.18	918.89	1999.07	0.8297	0.0373	0.0405	0.5658	0.4855	0.6679	0.3786	0.5171	0.0487
15-16	0.01333	2	2	572.468	0.00000	0.00000	0.01302	1056.00	260.67	915.89	2232.56	0.8303	0.0374	0.0406	0.5647	0.4866	0.3333	0.3801	0.5151	0.0496
15-16	0.01333	3	1	308.157	0.00000	0.00000	0.01298	1152.00	244.88	493.02	1889.90	0.6006	0.0387	0.0404	0.5464	0.4776	0.6704	0.3791	0.4914	0.0550
15-16	0.01333	3	2	310.931	0.00000	0.00000	0.01297	1368.00	263.16	497.46	2128.62	0.6018	0.0388	0.0405	0.5758	0.4787	0.3405	0.3771	0.5212	0.0546
15-16	0.01333	4	1	294.761	0.00000	0.00000	0.01297	1464.00	239.74	471.59	2175.33	0.5828	0.0387	0.0404	0.5737	0.4822	0.6687	0.3802	0.5230	0.0507
15-16	0.01333	4	2	293.529	0.00000	0.00000	0.01297	1680.00	262.57	469.62	2412.19	0.5828	0.0387	0.0404	0.5607	0.4822	0.3394	0.3746	0.5089	0.0518
15-16	0.01333	5	1	276.765	0.00000	0.00000	0.01297	1776.00	240.14	442.80	2458.93	0.5120	0.0387	0.0404	0.5686	0.4748	0.6698	0.3734	0.5119	0.0567
15-16	0.01333	5	2	277.602	0.00000	0.00000	0.01297	1992.00	262.40	444.14	2698.54	0.5120	0.0387	0.0404	0.5741	0.4748	0.3371	0.3828	0.5164	0.0577
16-17	0.01967	2	1	170428.609	0.00452	0.00000	0.01580	840.00	293.74	402228.56	403362.30	1.0042	0.0510	0.0491	0.6960	0.5879	0.7827	0.4648	0.6338	0.0622
16-17	0.01967	2	2	170584.717	0.00000	0.00000	0.01578	1056.00	281.02	402596.99	403934.01	1.0033	0.0510	0.0491	0.6657	0.5878	0.4014	0.4678	0.6039	0.0618
16-17	0.01967	3	1	509.001	0.03328	0.00000	0.01920	1152.00	967.40	1201.29	3320.69	0.8440	0.0552	0.0597	0.8139	0.7147	0.9461	0.5576	0.7406	0.0733
16-17	0.01967	3	2	511.750	0.02109	0.00000	0.01917	1368.00	467.44	1207.78	3043.22	0.8481	0.0551	0.0599	0.8203	0.7153	0.5080	0.5648	0.7447	0.0756
16-17	0.01967	4	1	394.437	0.03148	0.00000	0.01915	1464.00	993.43	930.91	3388.34	0.7542	0.0558	0.0596	0.8004	0.7259	0.9557	0.5563	0.7349	0.0654
16-17	0.01967	4	2	397.889	0.01175	0.00000	0.01915	1680.00	491.55	939.06	3110.61	0.7544	0.0558	0.0597	0.8374	0.7256	0.4996	0.5590	0.7733	0.0641
16-17	0.01967	5	1	353.886	0.02998	0.00000	0.01918	1776.00	970.31	835.21	3581.52	0.6341	0.0551	0.0596	0.8206	0.7191	0.9665	0.5684	0.7504	0.0702
16-17	0.01967	5	2	356.973	0.01196	0.00000	0.01917	1992.00	458.85	842.49	3293.34	0.6339	0.0558	0.0595	0.8357	0.7192	0.4935	0.5572	0.7638	0.0720
17-18	0.02475	2	1	369843.811	0.00587	0.00000	0.01571	840.00	288.44	1098436.12	1099564.56	1.0025	0.0681	0.0488	0.7039	0.5886	0.8452	0.4490	0.6348	0.0691
17-18	0.02475	2	2	369847.358	0.00000	0.00000	0.01571	1056.00	276.51	1098446.65	1099779.16	1.0025	0.0681	0.0488	0.6968	0.5884	0.4305	0.4556	0.6274	0.0694
17-18	0.02475	3	1	30576.089	0.15189	0.00000	0.02333	1152.00	3015.83	90810.98	94978.81	1.0128	0.0847	0.0734	0.8398	0.8786	0.9847	0.6872	0.7549	0.0849
17-18	0.02475	3	2	30578.211	0.05706	0.00000	0.02333	1368.00	1411.00	90817.29	93596.28	1.0128	0.0847	0.0734	0.9559	0.8786	0.5477	0.6895	0.8713	0.0849
17-18	0.02475	4	1	640.836	0.23418	0.00000	0.02458	1464.00	4189.49	1903.28	7556.77	0.8471	0.0667	0.0746	0.8165	0.9126	1.0065	0.7192	0.7299	0.0865
17-18	0.02475	4	2	644.489	0.08772	0.00000	0.02459	1680.00	2364.84	1914.13	5958.97	0.8477	0.0668	0.0747	0.9672	0.9126	0.5480	0.7104	0.8788	0.0884
17-18	0.02475	5	1	524.529	0.23535	0.00000	0.02434	1776.00	4050.86	1557.85	7384.71	0.6974	0.0663	0.0747	0.8201	0.9006	0.9947	0.7033	0.7226	0.0975
17-18	0.02475	5	2	522.447	0.09640	0.00000	0.02436	1992.00	2274.12	1551.67	5817.79	0.6971	0.0663	0.0747	0.9788	0.8996	0.5474	0.7027	0.8835	0.0955
18-19	0.02520	2	1	386906.128	0.00411	0.00000	0.01584	840.00	312.75	1170004.13	1171156.88	1.0037	0.0724	0.0488	0.6970	0.6111	0.8267	0.4667	0.6394	0.0575
18-19	0.02520	2	2	386657.012	0.00299	0.00000	0.01583	1056.00	280.21	1169250.81	1170587.02	1.0061	0.0724	0.0490	0.7113	0.6126	0.4296	0.4448	0.6536	0.0577
18-19	0.02520	3	1	38599.240	0.14527	0.00000	0.02314	1152.00	3024.84	116724.10	120900.94	1.0193	0.0908	0.0736	0.8941	0.8555	1.0004	0.6826	0.7981	0.0960
18-19	0.02520	3	2	38578.458	0.05769	0.00000	0.02315	1368.00	1366.42	116661.26	119395.68	1.0203	0.0909	0.0737	0.9224	0.8558	0.5573	0.6873	0.8286	0.0938
18-19	0.02520	4	1	712.814	0.25573	0.00000	0.02491	1464.00	4358.90	2155.55	7978.45	0.8682	0.0653	0.0761	0.8127	0.9385	0.9932	0.7219	0.7212	0.0915
18-19	0.02520	4	2	718.965	0.13008	0.00000	0.02491	1680.00	2510.21	2174.15	6364.36	0.8669	0.0653	0.0760	0.9656	0.9378	0.5753	0.7217	0.8805	0.0851
18-19	0.02520	5	1	556.007	0.23215	0.00000	0.02468	1776.00	4350.55	1681.37	7807.91	0.7051	0.0684	0.0758	0.7968	0.9239	0.9970	0.7180	0.7056	0.0912
18-19	0.02520	5	2	564.284	0.08414	0.00000	0.02469	1992.00	2568.80	1706.39	6267.19	0.7058	0.0685	0.0759	0.9543	0.9243	0.5760	0.7222	0.8652	0.0891
19-20	0.02275	2	1	297457.822	0.00199	0.00000	0.01552	840.00	272.66	812059.85	813172.51	1.0018	0.0565	0.0478	0.6952	0.6047	0.8299	0.4559	0.6339	0.0613
19-20	0.02275	2	2	297356.417	0.00000	0.00000	0.01553	1056.00	278.31	811783.02	813117.33	1.0032	0.0566	0.0479	0.7067	0.6047	0.4206	0.4489	0.6473	0.0595
19-20	0.02275	3	1	1004.941	0.15541	0.00000	0.02266	1152.00	2731.22	2743.49	6626.71	0.9695	0.0634	0.0708	0.8267	0.8501	0.9953	0.6781	0.7432	0.0835
19-20	0.02275	3	2	1011.480	0.05354	0.00000	0.02263	1368.00	1202.15	2761.34	5331.48	0.9718	0.0633	0.0710	0.9319	0.8520	0.5523	0.6631	0.8475	0.0858
19-20	0.02275	4	1	488.616	0.12206	0.00000	0.02230	1464.00	2642.95	1333.92	5440.87	0.7998	0.0641	0.0688	0.8566	0.8280	1.0005	0.6463	0.7757	0.0809
19-20	0.02275	4	2	486.295	0.03811	0.00000	0.02225	1680.00	1267.57	1327.59	4275.16	0.7973	0.0639	0.0689	0.9285	0.8268	0.5487	0.6441	0.8472	0.0813
19-20	0.02275	5	1	424.661	0.12206	0.00000	0.02231	1776.00	2697.34	1159.32	5632.67	0.6550	0.0640	0.0686	0.8432	0.8313	0.9935	0.6460	0.7595	0.0837
19-20	0.02275	5	2	420.525	0.04142	0.00000	0.02231	1992.00	1383.41	1148.03	4523.44	0.6556	0.0641	0.0687	0.9045	0.8308	0.5371	0.6438	0.8196	0.0848
