# hour	lambda	numCasse	numMag	E_T_s	P_OOS	P_aband	throughput_s	laborCost_eur_day	invCost_eur_day	waitCost_eur_day	totalCost_eur_day	util_Casse	util_CassaOnline	util_Dispatcher	util_BraccioUno	util_BraccioDue	util_Magazziniere	util_Pagamento	util_B1_high	util_B1_low
08-09	0.00783	2	1	296.277	0.00000	0.00000	0.00779	840.00	222.17	278.47	1340.64	0.5170	0.0227	0.0234	0.3425	0.2886	0.4010	0.2229	0.3086	0.0339
08-09	0.00783	2	2	295.406	0.00000	0.00000	0.00779	1056.00	223.07	277.65	1556.73	0.5170	0.0227	0.0234	0.3420	0.2886	0.2006	0.2232	0.3082	0.0338
08-09	0.00783	3	1	258.463	0.00000	0.00000	0.00779	1152.00	222.11	242.93	1617.04	0.3997	0.0227	0.0234	0.3417	0.2894	0.4009	0.2234	0.3085	0.0332
08-09	0.00783	3	2	257.751	0.00000	0.00000	0.00779	1368.00	222.96	242.26	1833.22	0.3997	0.0227	0.0234	0.3415	0.2894	0.2006	0.2235	0.3082	0.0333
08-09	0.00783	4	1	262.372	0.00000	0.00000	0.00779	1464.00	221.89	246.60	1932.49	0.4257	0.0227	0.0234	0.3426	0.2887	0.4009	0.2237	0.3089	0.0337
08-09	0.00783	4	2	261.504	0.00000	0.00000	0.00779	1680.00	222.82	245.79	2148.60	0.4257	0.0227	0.0234	0.3417	0.2887	0.2005	0.2239	0.3080	0.0337
08-09	0.00783	5	1	243.941	0.00000	0.00000	0.00779	1776.00	222.00	229.28	2227.28	0.3486	0.0227	0.0234	0.3411	0.2899	0.4009	0.2231	0.3082	0.0328
08-09	0.00783	5	2	243.198	0.00000	0.00000	0.00779	1992.00	222.84	228.58	2443.42	0.3486	0.0227	0.0234	0.3412	0.2899	0.2010	0.2239	0.3085	0.0327
09-10	0.01692	2	1	191072.913	0.00525	0.00000	0.01578	840.00	281.12	387897.12	389018.25	1.0011	0.0474	0.0475	0.6861	0.5877	0.8075	0.4500	0.6200	0.0660
09-10	0.01692	2	2	191072.172	0.00066	0.00000	0.01578	1056.00	266.85	387895.62	389218.47	1.0011	0.0474	0.0475	0.6874	0.5877	0.4059	0.4515	0.6215	0.0659
09-10	0.01692	3	1	396.748	0.01161	0.00000	0.01683	1152.00	346.83	805.44	2304.26	0.7430	0.0475	0.0506	0.7306	0.6247	0.8558	0.4816	0.6589	0.0718
09-10	0.01692	3	2	395.598	0.00207	0.00000	0.01683	1368.00	281.78	803.10	2452.88	0.7430	0.0475	0.0506	0.7356	0.6247	0.4345	0.4828	0.6637	0.0720
09-10	0.01692	4	1	345.646	0.01189	0.00000	0.01683	1464.00	342.55	701.70	2508.24	0.6793	0.0475	0.0506	0.7317	0.6247	0.8555	0.4826	0.6598	0.0718
09-10	0.01692	4	2	344.630	0.00275	0.00000	0.01683	1680.00	290.46	699.63	2670.09	0.6793	0.0475	0.0506	0.7337	0.6248	0.4322	0.4826	0.6619	0.0718
09-10	0.01692	5	1	320.914	0.01223	0.00000	0.01682	1776.00	338.78	651.49	2766.27	0.5604	0.0475	0.0506	0.7301	0.6255	0.8553	0.4819	0.6589	0.0713
09-10	0.01692	5	2	320.455	0.00247	0.00000	0.01682	1992.00	284.09	650.56	2926.64	0.5605	0.0475	0.0506	0.7342	0.6256	0.4322	0.4816	0.6628	0.0714
10-11	0.01800	2	1	365517.099	0.00472	0.00000	0.01584	840.00	273.54	789516.93	790630.48	1.0008	0.0501	0.0476	0.6894	0.5881	0.8101	0.4511	0.6222	0.0672
10-11	0.01800	2	2	365517.065	0.00077	0.00000	0.01584	1056.00	270.03	789516.86	790842.89	1.0009	0.0501	0.0476	0.6929	0.5882	0.4069	0.4500	0.6259	0.0670
10-11	0.01800	3	1	439.203	0.02248	0.00000	0.01790	1152.00	460.40	948.68	2561.08	0.7858	0.0502	0.0538	0.7696	0.6650	0.9001	0.5125	0.6935	0.0761
10-11	0.01800	3	2	438.439	0.00641	0.00000	0.01790	1368.00	321.91	947.03	2636.94	0.7858	0.0502	0.0538	0.7783	0.6650	0.4579	0.5129	0.7020	0.0763
10-11	0.01800	4	1	366.592	0.02277	0.00000	0.01790	1464.00	473.15	791.84	2728.99	0.7036	0.0502	0.0539	0.7685	0.6642	0.8996	0.5134	0.6916	0.0769
10-11	0.01800	4	2	366.238	0.00650	0.00000	0.01790	1680.00	329.81	791.07	2800.88	0.7037	0.0503	0.0539	0.7800	0.6642	0.4600	0.5140	0.7031	0.0768
10-11	0.01800	5	1	337.525	0.02382	0.00000	0.01790	1776.00	476.64	729.05	2981.70	0.5835	0.0502	0.0538	0.7676	0.6643	0.8986	0.5124	0.6910	0.0766
10-11	0.01800	5	2	337.594	0.00779	0.00000	0.01790	1992.00	331.80	729.20	3053.00	0.5835	0.0502	0.0539	0.7799	0.6643	0.4581	0.5124	0.7031	0.0768
11-12	0.02385	2	1	1269384.090	0.00483	0.00000	0.01613	840.00	290.09	3632977.27	3634107.36	1.0006	0.0665	0.0485	0.7038	0.6002	0.8246	0.4493	0.6359	0.0679
11-12	0.02385	2	2	1269432.401	0.00117	0.00000	0.01613	1056.00	277.02	3633115.53	3634448.55	1.0006	0.0665	0.0485	0.7056	0.6003	0.4157	0.4495	0.6376	0.0680
11-12	0.02385	3	1	22710.799	0.17615	0.00000	0.02354	1152.00	3008.75	64998.31	69159.06	1.0009	0.0652	0.0708	0.8670	0.8749	0.9960	0.6735	0.7672	0.0998
11-12	0.02385	3	2	22713.463	0.08316	0.00000	0.02354	1368.00	1409.81	65005.93	67783.74	1.0009	0.0652	0.0708	0.9530	0.8749	0.5554	0.6732	0.8530	0.1000
11-12	0.02385	4	1	633.257	0.18287	0.00000	0.02372	1464.00	3197.89	1812.38	6474.27	0.8462	0.0653	0.0714	0.8681	0.8811	0.9956	0.6795	0.7671	0.1011
11-12	0.02385	4	2	635.613	0.08977	0.00000	0.02373	1680.00	1580.96	1819.12	5080.08	0.8461	0.0653	0.0714	0.9551	0.8809	0.5575	0.6789	0.8542	0.1009
11-12	0.02385	5	1	557.698	0.18274	0.00000	0.02373	1776.00	3197.13	1596.13	6569.26	0.6907	0.0653	0.0714	0.8636	0.8826	0.9958	0.6803	0.7636	0.1000
11-12	0.02385	5	2	559.429	0.09080	0.00000	0.02373	1992.00	1599.88	1601.09	5192.97	0.6907	0.0653	0.0714	0.9528	0.8826	0.5574	0.6798	0.8529	0.0999
12-13	0.02267	2	1	1092557.662	0.00488	0.00000	0.01606	840.00	288.69	2971866.10	2972994.79	1.0008	0.0632	0.0483	0.7016	0.5973	0.8216	0.4508	0.6335	0.0681
12-13	0.02267	2	2	1092557.644	0.00110	0.00000	0.01606	1056.00	273.35	2971866.05	2973195.40	1.0007	0.0632	0.0483	0.7046	0.5973	0.4135	0.4512	0.6364	0.0682
12-13	0.02267	3	1	1243.126	0.14416	0.00000	0.02255	1152.00	2387.75	3381.43	6921.18	0.9633	0.0623	0.0679	0.8599	0.8370	0.9924	0.6477	0.7635	0.0964
12-13	0.02267	3	2	1244.896	0.06252	0.00000	0.02255	1368.00	1089.87	3386.24	5844.11	0.9634	0.0623	0.0679	0.9336	0.8371	0.5437	0.6455	0.8370	0.0966
12-13	0.02267	4	1	541.247	0.14253	0.00000	0.02255	1464.00	2404.88	1472.25	5341.13	0.8162	0.0623	0.0678	0.8593	0.8385	0.9935	0.6456	0.7641	0.0952
12-13	0.02267	4	2	542.225	0.06351	0.00000	0.02255	1680.00	1122.15	1474.91	4277.05	0.8162	0.0623	0.0678	0.9303	0.8385	0.5447	0.6458	0.8352	0.0951
12-13	0.02267	5	1	472.097	0.14120	0.00000	0.02255	1776.00	2385.63	1284.15	5445.79	0.6714	0.0623	0.0678	0.8591	0.8381	0.9951	0.6458	0.7635	0.0956
12-13	0.02267	5	2	473.459	0.06504	0.00000	0.02255	1992.00	1148.07	1287.86	4427.92	0.6713	0.0623	0.0678	0.9273	0.8381	0.5420	0.6463	0.8319	0.0954
13-14	0.01433	2	1	822.450	0.00109	0.00000	0.01426	840.00	243.27	1414.53	2497.81	0.9132	0.0406	0.0429	0.6245	0.5288	0.7332	0.4084	0.5631	0.0615
13-14	0.01433	2	2	821.955	0.00013	0.00000	0.01426	1056.00	263.28	1413.68	2732.96	0.9131	0.0406	0.0429	0.6274	0.5288	0.3675	0.4079	0.5660	0.0614
13-14	0.01433	3	1	333.997	0.00141	0.00000	0.01425	1152.00	249.52	574.44	1975.96	0.6446	0.0406	0.0429	0.6236	0.5296	0.7329	0.4093	0.5630	0.0607
13-14	0.01433	3	2	332.864	0.00010	0.00000	0.01425	1368.00	266.06	572.49	2206.55	0.6446	0.0406	0.0429	0.6241	0.5296	0.3694	0.4089	0.5633	0.0607
13-14	0.01433	4	1	311.968	0.00098	0.00000	0.01425	1464.00	246.72	536.55	2247.28	0.6184	0.0406	0.0429	0.6237	0.5301	0.7331	0.4085	0.5633	0.0604
13-14	0.01433	4	2	311.264	0.00023	0.00000	0.01425	1680.00	265.46	535.34	2480.80	0.6184	0.0406	0.0429	0.6245	0.5302	0.3674	0.4087	0.5642	0.0603
13-14	0.01433	5	1	291.043	0.00103	0.00000	0.01425	1776.00	246.32	500.57	2522.89	0.5141	0.0406	0.0429	0.6255	0.5310	0.7331	0.4093	0.5659	0.0596
13-14	0.01433	5	2	290.053	0.00020	0.00000	0.01425	1992.00	265.25	498.86	2756.11	0.5141	0.0406	0.0429	0.6221	0.5310	0.3683	0.4086	0.5624	0.0597
14-15	0.01467	2	1	979.136	0.00155	0.00000	0.01459	840.00	248.05	1723.38	2811.43	0.9322	0.0414	0.0439	0.6369	0.5423	0.7499	0.4182	0.5750	0.0619
14-15	0.01467	2	2	978.433	0.00026	0.00000	0.01459	1056.00	265.53	1722.14	3043.67	0.9324	0.0414	0.0439	0.6388	0.5424	0.3756	0.4199	0.5768	0.0620
14-15	0.01467	3	1	340.418	0.00161	0.00000	0.01459	1152.00	248.79	599.17	1999.96	0.6590	0.0414	0.0439	0.6373	0.5424	0.7499	0.4179	0.5754	0.0619
14-15	0.01467	3	2	339.742	0.00042	0.00000	0.01459	1368.00	267.50	597.98	2233.48	0.6590	0.0414	0.0439	0.6405	0.5424	0.3760	0.4196	0.5788	0.0617
14-15	0.01467	4	1	315.390	0.00185	0.00000	0.01459	1464.00	254.10	555.12	2273.22	0.6254	0.0414	0.0439	0.6378	0.5430	0.7496	0.4182	0.5764	0.0613
14-15	0.01467	4	2	314.553	0.00029	0.00000	0.01459	1680.00	266.76	553.64	2500.41	0.6254	0.0414	0.0439	0.6387	0.5430	0.3776	0.4191	0.5772	0.0614
14-15	0.01467	5	1	293.177	0.00179	0.00000	0.01459	1776.00	251.16	516.02	2543.18	0.5201	0.0414	0.0439	0.6379	0.5413	0.7497	0.4176	0.5751	0.0628
14-15	0.01467	5	2	292.447	0.00041	0.00000	0.01459	1992.00	267.19	514.74	2773.93	0.5201	0.0414	0.0439	0.6402	0.5413	0.3763	0.4176	0.5777	0.0625
15-16	0.01333	2	1	580.381	0.00036	0.00000	0.01326	840.00	244.01	928.55	2012.56	0.8526	0.0378	0.0399	0.5790	0.4943	0.6824	0.3795	0.5238	0.0552
15-16	0.01333	2	2	579.518	0.00007	0.00000	0.01326	1056.00	262.47	927.17	2245.64	0.8525	0.0378	0.0399	0.5790	0.4943	0.3423	0.3804	0.5237	0.0553
15-16	0.01333	3	1	316.708	0.00032	0.00000	0.01326	1152.00	246.75	506.70	1905.45	0.6113	0.0378	0.0399	0.5792	0.4944	0.6824	0.3795	0.5240	0.0552
15-16	0.01333	3	2	315.808	0.00005	0.00000	0.01326	1368.00	262.40	505.26	2135.66	0.6113	0.0378	0.0399	0.5798	0.4944	0.3418	0.3794	0.5247	0.0551
15-16	0.01333	4	1	301.069	0.00040	0.00000	0.01326	1464.00	246.01	481.68	2191.69	0.5906	0.0378	0.0399	0.5830	0.4933	0.6824	0.3804	0.5271	0.0559
15-16	0.01333	4	2	300.156	0.00002	0.00000	0.01326	1680.00	263.08	480.22	2423.30	0.5906	0.0378	0.0399	0.5823	0.4933	0.3419	0.3794	0.5264	0.0560
15-16	0.01333	5	1	281.716	0.00043	0.00000	0.01326	1776.00	245.79	450.72	2472.51	0.4918	0.0378	0.0399	0.5828	0.4925	0.6824	0.3794	0.5263	0.0565
15-16	0.01333	5	2	280.807	0.00007	0.00000	0.01326	1992.00	263.19	449.26	2704.46	0.4918	0.0378	0.0399	0.5823	0.4925	0.3424	0.3796	0.5258	0.0565
16-17	0.01967	2	1	629877.724	0.00485	0.00000	0.01592	840.00	285.93	1486574.42	1487700.34	1.0008	0.0550	0.0479	0.6925	0.5924	0.8138	0.4500	0.6256	0.0669
16-17	0.01967	2	2	629879.838	0.00061	0.00000	0.01592	1056.00	270.21	1486579.41	1487905.62	1.0008	0.0550	0.0479	0.6967	0.5924	0.4097	0.4508	0.6299	0.0668
16-17	0.01967	3	1	533.703	0.05270	0.00000	0.01956	1152.00	868.77	1259.59	3280.37	0.8485	0.0546	0.0588	0.8167	0.7278	0.9529	0.5610	0.7344	0.0823
16-17	0.01967	3	2	533.862	0.01756	0.00000	0.01956	1368.00	447.58	1259.97	3075.55	0.8485	0.0546	0.0588	0.8431	0.7278	0.4953	0.5601	0.7607	0.0824
16-17	0.01967	4	1	407.038	0.05377	0.00000	0.01956	1464.00	886.28	960.65	3310.93	0.7476	0.0546	0.0588	0.8170	0.7263	0.9516	0.5596	0.7337	0.0833
16-17	0.01967	4	2	406.848	0.01813	0.00000	0.01956	1680.00	456.23	960.20	3096.44	0.7476	0.0546	0.0588	0.8436	0.7262	0.4956	0.5599	0.7603	0.0834
16-17	0.01967	5	1	371.481	0.05151	0.00000	0.01956	1776.00	862.06	876.73	3514.79	0.6148	0.0546	0.0588	0.8171	0.7266	0.9539	0.5626	0.7338	0.0833
16-17	0.01967	5	2	371.459	0.01849	0.00000	0.01956	1992.00	452.69	876.68	3321.37	0.6148	0.0546	0.0588	0.8447	0.7266	0.4939	0.5605	0.7613	0.0834
17-18	0.02475	2	1	1401807.272	0.00517	0.00000	0.01618	840.00	302.19	4163367.60	4164509.79	1.0008	0.0690	0.0487	0.7043	0.6011	0.8274	0.4500	0.6351	0.0692
17-18	0.02475	2	2	1401809.500	0.00120	0.00000	0.01618	1056.00	278.14	4163374.21	4164708.35	1.0008	0.0690	0.0487	0.7099	0.6011	0.4161	0.4496	0.6408	0.0691
17-18	0.02475	3	1	88321.448	0.17075	0.00000	0.02358	1152.00	3040.69	262314.70	266507.39	1.0012	0.0674	0.0709	0.8661	0.8770	0.9958	0.6726	0.7670	0.0992
17-18	0.02475	3	2	88325.356	0.08345	0.00000	0.02358	1368.00	1467.50	262326.31	265161.81	1.0012	0.0674	0.0709	0.9526	0.8770	0.5545	0.6725	0.8537	0.0990
17-18	0.02475	4	1	780.242	0.21145	0.00000	0.02462	1464.00	3826.58	2317.32	7607.90	0.8668	0.0677	0.0741	0.8723	0.9172	0.9990	0.7057	0.7695	0.1028
17-18	0.02475	4	2	781.285	0.10923	0.00000	0.02462	1680.00	2008.45	2320.42	6008.87	0.8667	0.0677	0.0741	0.9660	0.9170	0.5657	0.7048	0.8631	0.1029
17-18	0.02475	5	1	649.019	0.21290	0.00000	0.02462	1776.00	3809.44	1927.59	7513.03	0.7067	0.0677	0.0741	0.8696	0.9115	0.9968	0.7052	0.7623	0.1073
17-18	0.02475	5	2	651.749	0.11602	0.00000	0.02462	1992.00	2090.11	1935.69	6017.81	0.7067	0.0677	0.0741	0.9674	0.9115	0.5607	0.7049	0.8603	0.1071
18-19	0.02520	2	1	1467545.787	0.00482	0.00000	0.01621	840.00	299.71	4437858.46	4438998.17	1.0006	0.0699	0.0487	0.7047	0.6031	0.8285	0.4509	0.6363	0.0684
18-19	0.02520	2	2	1467541.185	0.00110	0.00000	0.01621	1056.00	276.05	4437844.54	4439176.60	1.0006	0.0699	0.0487	0.7074	0.6031	0.4171	0.4500	0.6389	0.0685
18-19	0.02520	3	1	121052.775	0.16734	0.00000	0.02360	1152.00	3030.54	366063.59	370246.13	1.0010	0.0688	0.0710	0.8656	0.8764	0.9972	0.6739	0.7658	0.0998
18-19	0.02520	3	2	121051.873	0.07934	0.00000	0.02360	1368.00	1419.74	366060.86	368848.60	1.0010	0.0688	0.0710	0.9532	0.8765	0.5561	0.6739	0.8534	0.0998
18-19	0.02520	4	1	863.802	0.22535	0.00000	0.02507	1464.00	4121.72	2612.14	8197.86	0.8790	0.0688	0.0754	0.8702	0.9324	0.9991	0.7175	0.7647	0.1055
18-19	0.02520	4	2	865.660	0.12536	0.00000	0.02507	1680.00	2279.41	2617.76	6577.16	0.8789	0.0688	0.0754	0.9726	0.9323	0.5639	0.7181	0.8670	0.1057
18-19	0.02520	5	1	768.772	0.22565	0.00000	0.02507	1776.00	4130.08	2324.77	8230.84	0.7137	0.0688	0.0754	0.8751	0.9324	0.9981	0.7178	0.7696	0.1055
18-19	0.02520	5	2	771.083	0.12646	0.00000	0.02507	1992.00	2326.03	2331.75	6649.79	0.7138	0.0688	0.0754	0.9722	0.9325	0.5626	0.7190	0.8670	0.1052
19-20	0.02275	2	1	1105044.653	0.00567	0.00000	0.01607	840.00	292.95	3016771.90	3017904.85	1.0006	0.0634	0.0483	0.6990	0.5969	0.8207	0.4504	0.6305	0.0684
19-20	0.02275	2	2	1105046.229	0.00104	0.00000	0.01607	1056.00	275.50	3016776.20	3018107.71	1.0007	0.0634	0.0483	0.7040	0.5969	0.4131	0.4500	0.6355	0.0685
19-20	0.02275	3	1	1310.605	0.14541	0.00000	0.02263	1152.00	2445.54	3577.95	7175.49	0.9676	0.0625	0.0681	0.8586	0.8408	0.9946	0.6491	0.7621	0.0966
19-20	0.02275	3	2	1313.302	0.06476	0.00000	0.02263	1368.00	1124.24	3585.32	6077.55	0.9676	0.0625	0.0681	0.9311	0.8407	0.5466	0.6481	0.8344	0.0967
19-20	0.02275	4	1	540.776	0.14551	0.00000	0.02263	1464.00	2443.51	1476.32	5383.82	0.8184	0.0625	0.0681	0.8621	0.8415	0.9934	0.6486	0.7667	0.0954
19-20	0.02275	4	2	542.518	0.06585	0.00000	0.02263	1680.00	1160.81	1481.07	4321.88	0.8183	0.0625	0.0681	0.9313	0.8414	0.5442	0.6479	0.8358	0.0955
19-20	0.02275	5	1	472.624	0.14622	0.00000	0.02263	1776.00	2472.79	1290.26	5539.06	0.6711	0.0625	0.0681	0.8591	0.8385	0.9925	0.6481	0.7614	0.0977
19-20	0.02275	5	2	474.192	0.06640	0.00000	0.02263	1992.00	1181.91	1294.55	4468.46	0.6712	0.0625	0.0681	0.9306	0.8386	0.5432	0.6475	0.8330	0.0975
